    1    3.80000e-014    9.09946e-006    2.24336e-002    0.00000e+000
    2    4.80000e-014    1.51418e-006    2.87913e-002    0.00000e+000
    3    5.60000e-014    1.20321e-005    3.96243e-002    0.00000e+000
    4    4.30000e-014    9.17759e-006    2.80753e-002    0.00000e+000
    5    9.50000e-014    3.61423e-006    2.11562e-002    0.00000e+000
    6    7.30000e-014    8.76167e-006    3.64076e-002    0.00000e+000
    7    1.19000e-013    4.28491e-006    3.08645e-002    0.00000e+000
    8    2.90000e-014    1.29922e-005    2.69640e-002    0.00000e+000
    9    2.40000e-014    2.79483e-006    3.49719e-002    0.00000e+000
   10    6.90000e-014    7.23597e-006    1.95410e-002    0.00000e+000
   11    1.10000e-014    1.36376e-005    3.07459e-002    0.00000e+000
   12    3.10000e-014    9.32799e-006    4.14707e-002    0.00000e+000
   13    5.10000e-014    7.22113e-006    3.12245e-002    0.00000e+000
   14    6.10000e-014    1.39440e-005    3.63258e-002    0.00000e+000
   15    9.90000e-014    4.74206e-006    2.64364e-002    0.00000e+000
   16    9.40000e-014    4.10796e-006    2.41366e-002    0.00000e+000
   17    3.80000e-014    7.59052e-006    3.56884e-002    0.00000e+000
   18    1.95000e-013    9.04286e-006    2.94410e-002    0.00000e+000
   19    3.60000e-014    1.17447e-006    3.18288e-002    0.00000e+000
   20    1.04000e-013    7.83919e-006    2.61919e-002    0.00000e+000
   21    3.90000e-014    4.96586e-006    2.48651e-002    0.00000e+000
   22    4.20000e-014    1.38084e-005    3.14135e-002    0.00000e+000
   23    3.90000e-014    8.49816e-006    2.91696e-002    0.00000e+000
   24    4.70000e-014    3.65434e-006    5.13344e-002    0.00000e+000
   25    7.00000e-014    2.01874e-006    2.93867e-002    0.00000e+000
   26    2.20000e-014    9.97894e-006    2.83960e-002    0.00000e+000
   27    5.30000e-014    1.10418e-005    4.38217e-002    0.00000e+000
   28    9.10000e-014    1.56788e-005    2.83296e-002    0.00000e+000
   29    2.40000e-014    2.53533e-006    3.46872e-002    0.00000e+000
   30    6.40000e-014    6.26255e-006    1.85584e-002    0.00000e+000
   31    3.80000e-014    1.00592e-005    3.08933e-002    0.00000e+000
   32    8.20000e-014    6.63475e-006    2.48990e-002    0.00000e+000
   33    3.60000e-014    1.38758e-005    2.76058e-002    0.00000e+000
   34    8.50000e-014    1.14513e-005    3.12670e-002    0.00000e+000
   35    2.60000e-014    6.83409e-006    2.78835e-002    0.00000e+000
   36    3.60000e-014    1.12227e-005    2.15287e-002    0.00000e+000
   37    7.60000e-014    5.74235e-006    3.91337e-002    0.00000e+000
   38    8.50000e-014    7.00655e-006    2.60852e-002    0.00000e+000
   39    6.20000e-014    8.53265e-006    2.68054e-002    0.00000e+000
   40    2.30000e-014    1.07835e-005    3.87067e-002    0.00000e+000
   41    5.60000e-014    1.02052e-005    3.04230e-002    0.00000e+000
   42    4.40000e-014    3.81918e-006    2.44698e-002    0.00000e+000
   43    6.50000e-014    2.13104e-006    2.50863e-002    0.00000e+000
   44    2.50000e-014    6.15025e-006    4.05949e-002    0.00000e+000
   45    2.80000e-014    2.78841e-006    2.70574e-002    0.00000e+000
   46    7.80000e-014    6.49838e-006    2.58260e-002    0.00000e+000
   47    3.20000e-014    5.44315e-006    3.25776e-002    0.00000e+000
   48    2.00000e-014    3.26409e-006    2.48452e-002    0.00000e+000
   49    3.00000e-014    1.18287e-005    2.72318e-002    0.00000e+000
   50    2.70000e-014    1.07209e-005    2.66356e-002    0.00000e+000
   51    3.90000e-014    6.53328e-006    3.27607e-002    0.00000e+000
   52    4.70000e-014    2.09334e-006    3.22029e-002    0.00000e+000
   53    7.40000e-014    1.44199e-006    2.71427e-002    0.00000e+000
   54    3.40000e-014    1.11649e-005    3.13042e-002    0.00000e+000
   55    2.20000e-014    1.10334e-005    3.92337e-002    0.00000e+000
   56    3.30000e-014    7.82034e-006    3.18891e-002    0.00000e+000
   57    2.60000e-014    2.88707e-006    2.96077e-002    0.00000e+000
   58    3.90000e-014    1.19976e-005    2.02571e-002    0.00000e+000
   59    1.20000e-014    1.26955e-005    2.59808e-002    0.00000e+000
   60    3.30000e-014    3.19350e-006    4.23390e-002    0.00000e+000
   61    2.70000e-014    9.46315e-006    2.79840e-002    0.00000e+000
   62    2.10000e-014    8.06179e-006    3.50000e-002    0.00000e+000
   63    3.90000e-014    4.19940e-006    4.48021e-002    0.00000e+000
   64    5.30000e-014    4.77615e-006    3.71718e-002    0.00000e+000
   65    2.40000e-014    1.12476e-005    2.45276e-002    0.00000e+000
   66    1.60000e-014    9.68014e-006    3.13535e-002    0.00000e+000
   67    4.80000e-014    9.78402e-006    3.19058e-002    0.00000e+000
   68    2.90000e-014    6.08487e-006    4.39832e-002    0.00000e+000
   69    2.40000e-014    4.56278e-006    3.56930e-002    0.00000e+000
   70    3.00000e-014    1.22667e-005    3.33878e-002    0.00000e+000
   71    4.70000e-014    3.30179e-006    2.61974e-002    0.00000e+000
   72    1.40000e-014    1.19663e-005    2.63210e-002    0.00000e+000
   73    2.70000e-014    2.73868e-006    2.89559e-002    0.00000e+000
   74    1.50000e-014    1.05669e-005    3.17023e-002    0.00000e+000
   75    2.10000e-014    1.15411e-005    2.36177e-002    0.00000e+000
   76    5.20000e-014    1.09187e-005    2.99355e-002    0.00000e+000
   77    4.00000e-014    3.57613e-006    4.44063e-002    0.00000e+000
   78    2.60000e-014    6.06081e-006    2.69476e-002    0.00000e+000
   79    3.00000e-014    1.14802e-005    3.00754e-002    0.00000e+000
   80    6.30000e-014    1.30528e-005    2.68372e-002    0.00000e+000
   81    2.90000e-014    1.12837e-005    3.26467e-002    0.00000e+000
   82    4.30000e-014    9.92801e-006    4.90093e-002    0.00000e+000
   83    5.30000e-014    1.06572e-005    2.53564e-002    0.00000e+000
   84    3.70000e-014    5.41587e-006    2.56450e-002    0.00000e+000
   85    3.40000e-014    9.93522e-006    3.97566e-002    0.00000e+000
   86    1.50000e-014    1.25246e-005    3.18944e-002    0.00000e+000
   87    2.70000e-014    1.13575e-005    2.66817e-002    0.00000e+000
   88    3.10000e-014    1.27933e-005    2.76621e-002    0.00000e+000
   89    2.30000e-014    1.27207e-005    4.10170e-002    0.00000e+000
   90    4.10000e-014    1.19033e-005    3.91893e-002    0.00000e+000
   91    4.90000e-014    7.17701e-006    2.75800e-002    0.00000e+000
   92    8.00000e-014    9.55300e-006    2.26338e-002    0.00000e+000
   93    3.00000e-014    3.61142e-006    3.54442e-002    0.00000e+000
   94    4.90000e-014    9.43027e-006    2.30967e-002    0.00000e+000
   95    3.30000e-014    2.47356e-006    2.67957e-002    0.00000e+000
   96    6.90000e-014    3.59939e-006    3.48282e-002    0.00000e+000
   97    4.20000e-014    2.99697e-006    2.10877e-002    0.00000e+000
   98    1.50000e-014    6.40333e-006    2.34326e-002    0.00000e+000
   99    8.60000e-014    8.30725e-006    2.68385e-002    0.00000e+000
  100    9.30000e-014    1.09291e-005    2.91886e-002    0.00000e+000
  101    3.10000e-014    1.32517e-005    4.19146e-002    0.00000e+000
  102    2.20000e-014    9.42265e-006    2.85467e-002    0.00000e+000
  103    3.60000e-014    7.65951e-006    3.41825e-002    0.00000e+000
  104    1.11000e-013    1.18570e-006    1.88001e-002    0.00000e+000
  105    3.50000e-014    9.88389e-006    4.63539e-002    0.00000e+000
  106    2.70000e-014    6.09570e-006    3.49445e-002    0.00000e+000
  107    1.90000e-014    5.58352e-006    3.16667e-002    0.00000e+000
  108    1.40000e-014    1.06516e-005    2.74929e-002    0.00000e+000
  109    5.80000e-014    9.42545e-006    3.27356e-002    0.00000e+000
  110    5.50000e-014    7.09198e-006    3.30430e-002    0.00000e+000
  111    2.10000e-014    4.52668e-006    4.22779e-002    0.00000e+000
  112    1.80000e-014    6.80160e-006    3.21994e-002    0.00000e+000
  113    5.70000e-014    8.70432e-006    2.78142e-002    0.00000e+000
  114    3.90000e-014    1.29690e-005    2.41198e-002    0.00000e+000
  115    2.20000e-014    1.05842e-005    2.63129e-002    0.00000e+000
  116    1.80000e-014    6.56697e-006    3.26116e-002    0.00000e+000
  117    1.90000e-014    6.46951e-006    3.74649e-002    0.00000e+000
  118    3.00000e-014    1.15281e-006    3.46498e-002    0.00000e+000
  119    1.60000e-014    9.06368e-006    2.61936e-002    0.00000e+000
  120    1.56000e-013    1.15688e-005    2.15994e-002    0.00000e+000
  121    4.70000e-014    1.29433e-005    2.51684e-002    0.00000e+000
  122    1.30000e-014    2.62236e-006    2.08444e-002    0.00000e+000
  123    6.20000e-014    1.08583e-006    3.54726e-002    0.00000e+000
  124    1.30000e-014    4.95223e-006    2.55291e-002    0.00000e+000
  125    6.10000e-014    8.75686e-006    3.00736e-002    0.00000e+000
  126    1.10000e-013    1.11481e-005    3.16231e-002    0.00000e+000
  127    7.00000e-014    1.21817e-005    2.59633e-002    0.00000e+000
  128    2.10000e-014    8.85713e-006    3.05822e-002    0.00000e+000
  129    9.80000e-014    7.47060e-006    2.30954e-002    0.00000e+000
  130    5.90000e-014    1.06881e-005    3.85494e-002    0.00000e+000
  131    5.50000e-014    9.17558e-006    2.50549e-002    0.00000e+000
  132    5.90000e-014    2.24334e-006    4.73635e-002    0.00000e+000
  133    3.60000e-014    2.17275e-006    3.03413e-002    0.00000e+000
  134    2.10000e-014    5.67698e-006    3.92792e-002    0.00000e+000
  135    2.00000e-014    4.29686e-006    2.86905e-002    0.00000e+000
  136    4.40000e-014    1.35301e-005    3.79635e-002    0.00000e+000
  137    3.80000e-014    3.23681e-006    4.48063e-002    0.00000e+000
  138    6.50000e-014    5.80452e-006    2.29368e-002    0.00000e+000
  139    4.90000e-014    9.04202e-006    4.33944e-002    0.00000e+000
  140    1.55000e-013    9.88790e-006    2.84224e-002    0.00000e+000
  141    7.70000e-014    7.73451e-006    2.57774e-002    0.00000e+000
  142    9.20000e-014    3.89458e-006    2.52775e-002    0.00000e+000
  143    6.50000e-014    1.00202e-005    3.22911e-002    0.00000e+000
  144    3.07000e-013    9.73027e-006    1.32777e-002    0.00000e+000
  145    2.40000e-014    4.70877e-006    4.03887e-002    0.00000e+000
  146    6.50000e-014    1.00945e-005    2.92103e-002    0.00000e+000
  147    1.40000e-014    1.83866e-006    2.04535e-002    0.00000e+000
  148    4.70000e-014    5.04528e-006    3.18434e-002    0.00000e+000
  149    2.80000e-014    3.23481e-006    3.89079e-002    0.00000e+000
  150    3.90000e-014    6.78355e-006    2.80516e-002    0.00000e+000
  151    5.80000e-014    1.26521e-005    2.59064e-002    0.00000e+000
  152    2.00000e-014    4.70236e-006    5.25895e-002    0.00000e+000
  153    9.30000e-014    1.34434e-005    3.34740e-002    0.00000e+000
  154    1.30000e-013    1.73176e-005    2.75103e-002    0.00000e+000
  155    2.36000e-013    1.22415e-005    1.72889e-002    0.00000e+000
  156    1.72000e-013    8.15071e-006    2.60419e-002    0.00000e+000
  157    9.30000e-014    1.56378e-005    2.43124e-002    0.00000e+000
  158    1.21000e-013    9.71424e-006    2.63715e-002    0.00000e+000
  159    9.00000e-014    6.46274e-006    2.88871e-002    0.00000e+000
  160    2.10000e-013    1.11543e-005    1.96148e-002    0.00000e+000
  161    2.85000e-013    1.64311e-005    3.21072e-002    0.00000e+000
  162    4.50000e-014    6.37305e-006    2.75773e-002    0.00000e+000
  163    5.87000e-013    1.58324e-005    1.34111e-002    0.00000e+000
  164    2.16000e-013    1.09518e-005    2.11189e-002    0.00000e+000
  165    2.25000e-013    1.08546e-005    2.58863e-002    0.00000e+000
  166    5.80000e-014    1.07211e-005    3.10589e-002    0.00000e+000
  167    4.10000e-014    5.60166e-006    3.06364e-002    0.00000e+000
  168    1.17000e-013    9.50526e-006    2.35877e-002    0.00000e+000
  169    1.28000e-013    1.66344e-005    3.15978e-002    0.00000e+000
  170    5.40000e-014    7.58322e-006    3.01047e-002    0.00000e+000
  171    1.05000e-013    1.30147e-005    3.07077e-002    0.00000e+000
  172    5.00000e-014    1.00631e-005    3.74234e-002    0.00000e+000
  173    1.79000e-013    1.28711e-005    1.45693e-002    0.00000e+000
  174    3.80000e-014    1.20097e-005    3.39969e-002    0.00000e+000
  175    9.90000e-014    1.09238e-005    2.93236e-002    0.00000e+000
  176    1.17000e-013    9.52939e-006    3.27247e-002    0.00000e+000
  177    9.20000e-014    9.23861e-006    3.69919e-002    0.00000e+000
  178    1.28000e-013    6.55122e-006    2.94321e-002    0.00000e+000
  179    6.60000e-014    1.29809e-005    2.98580e-002    0.00000e+000
  180    9.40000e-014    1.35858e-005    2.35000e-002    0.00000e+000
  181    1.21000e-013    4.82706e-006    2.71222e-002    0.00000e+000
  182    9.10000e-014    1.59334e-005    3.14258e-002    0.00000e+000
  183    9.00000e-014    1.51696e-005    2.34472e-002    0.00000e+000
  184    5.70000e-014    1.38513e-005    2.33106e-002    0.00000e+000
  185    4.90000e-014    1.60034e-005    5.24870e-002    0.00000e+000
  186    1.89000e-013    8.74674e-006    2.96133e-002    0.00000e+000
  187    1.42000e-013    1.64489e-005    1.84438e-002    0.00000e+000
  188    8.40000e-014    7.49193e-006    2.79942e-002    0.00000e+000
  189    7.00000e-014    5.97529e-006    3.28125e-002    0.00000e+000
  190    2.16000e-013    1.04210e-005    2.21559e-002    0.00000e+000
  191    7.70000e-014    1.01174e-005    2.98615e-002    0.00000e+000
  192    2.80000e-014    6.28698e-006    4.32343e-002    0.00000e+000
  193    1.15000e-013    1.17382e-005    2.82873e-002    0.00000e+000
  194    4.10000e-014    9.70354e-006    3.12588e-002    0.00000e+000
  195    4.80000e-014    9.24384e-006    3.02685e-002    0.00000e+000
  196    5.30000e-014    4.41884e-006    4.24966e-002    0.00000e+000
  197    1.83000e-013    1.61381e-005    1.94421e-002    0.00000e+000
  198    3.69000e-013    2.75352e-005    3.41388e-002    0.00000e+000
  199    6.50000e-014    1.41296e-005    2.60288e-002    0.00000e+000
  200    1.62000e-013    1.59004e-005    2.41103e-002    0.00000e+000
  201    9.50000e-014    8.71336e-006    2.82301e-002    0.00000e+000
  202    2.70000e-014    9.43126e-006    3.44101e-002    0.00000e+000
  203    7.20000e-014    1.31623e-005    2.91363e-002    0.00000e+000
  204    6.60000e-014    4.80252e-006    4.14941e-002    0.00000e+000
  205    1.06000e-013    9.58087e-006    3.80416e-002    0.00000e+000
  206    9.40000e-014    1.30819e-005    3.64543e-002    0.00000e+000
  207    9.20000e-014    9.19518e-006    2.87110e-002    0.00000e+000
  208    5.40000e-014    1.54765e-005    3.00311e-002    0.00000e+000
  209    5.20000e-014    1.51025e-005    4.09100e-002    0.00000e+000
  210    5.80000e-014    6.91037e-006    2.36257e-002    0.00000e+000
  211    1.85000e-013    8.56265e-006    2.80017e-002    0.00000e+000
  212    4.69000e-013    1.90547e-005    1.69950e-002    0.00000e+000
  213    3.86000e-013    2.63628e-005    3.39374e-002    0.00000e+000
  214    3.29000e-013    7.86148e-006    2.02920e-002    0.00000e+000
  215    2.01000e-013    2.66792e-005    2.75720e-002    0.00000e+000
  216    3.63000e-013    9.54707e-006    2.94471e-002    0.00000e+000
  217    1.75000e-013    7.66142e-006    2.52336e-002    0.00000e+000
  218    5.50000e-014    9.50799e-006    4.15353e-002    0.00000e+000
  219    9.70000e-014    1.14304e-005    3.96657e-002    0.00000e+000
  220    1.16000e-013    1.14733e-005    2.68044e-002    0.00000e+000
  221    9.10000e-014    1.14614e-005    2.51790e-002    0.00000e+000
  222    1.45000e-013    1.05361e-005    3.48317e-002    0.00000e+000
  223    1.69000e-013    1.97639e-005    2.28227e-002    0.00000e+000
  224    1.62000e-013    1.64071e-005    2.49519e-002    0.00000e+000
  225    1.88000e-013    7.83787e-006    1.98596e-002    0.00000e+000
  226    2.08000e-013    1.05919e-005    2.75746e-002    0.00000e+000
  227    1.19000e-013    1.01248e-005    2.54877e-002    0.00000e+000
  228    1.33000e-013    1.51112e-005    3.12751e-002    0.00000e+000
  229    1.68000e-013    1.39155e-005    3.28822e-002    0.00000e+000
  230    1.53000e-013    1.51824e-005    2.80619e-002    0.00000e+000
  231    1.50000e-013    7.82239e-006    2.82529e-002    0.00000e+000
  232    1.11000e-013    1.77332e-005    2.72007e-002    0.00000e+000
  233    6.30000e-014    1.91100e-005    2.88396e-002    0.00000e+000
  234    1.49000e-013    1.41147e-005    2.51495e-002    0.00000e+000
  235    2.02000e-013    1.88538e-005    2.99710e-002    0.00000e+000
  236    3.37000e-013    1.14772e-005    2.09336e-002    0.00000e+000
  237    4.89000e-013    1.53974e-005    2.22487e-002    0.00000e+000
  238    4.67000e-013    1.18318e-005    2.37127e-002    0.00000e+000
  239    8.61000e-013    3.69083e-005    3.18024e-002    0.00000e+000
  240    4.25000e-013    2.26966e-005    2.45507e-002    0.00000e+000
  241    4.67000e-013    1.44747e-005    1.47402e-002    0.00000e+000
  242    4.37000e-013    2.20564e-005    8.60790e-003    0.00000e+000
  243    3.16000e-013    1.65166e-005    3.67424e-002    0.00000e+000
  244    1.44000e-013    1.52171e-005    2.11911e-002    0.00000e+000
  245    2.38000e-013    1.01965e-005    2.73912e-002    0.00000e+000
  246    2.84000e-013    1.46180e-005    2.62182e-002    0.00000e+000
  247    2.42000e-013    1.85824e-005    2.87506e-002    0.00000e+000
  248    2.56000e-013    1.28617e-005    3.48506e-002    0.00000e+000
  249    9.00000e-014    1.37934e-005    2.49495e-002    0.00000e+000
  250    1.99000e-013    1.58010e-005    2.60182e-002    0.00000e+000
  251    9.90000e-014    2.22981e-005    3.36307e-002    0.00000e+000
  252    1.03000e-013    1.89245e-005    3.32736e-002    0.00000e+000
  253    3.01000e-013    1.14855e-005    2.92573e-002    0.00000e+000
  254    1.42000e-013    1.79875e-005    2.86358e-002    0.00000e+000
  255    2.32000e-013    1.32898e-005    1.77732e-002    0.00000e+000
  256    1.35000e-013    1.22675e-005    2.74857e-002    0.00000e+000
  257    3.39000e-013    1.69648e-005    2.09989e-002    0.00000e+000
  258    2.32000e-013    1.62846e-005    2.57019e-002    0.00000e+000
  259    2.59000e-013    1.02041e-005    2.56155e-002    0.00000e+000
  260    2.26000e-013    1.36505e-005    2.43406e-002    0.00000e+000
  261    3.80000e-013    1.64469e-005    2.42966e-002    0.00000e+000
  262    1.97000e-013    1.60515e-005    3.96733e-002    0.00000e+000
  263    4.17000e-013    2.15251e-005    2.55743e-002    0.00000e+000
  264    7.19000e-013    2.20944e-005    2.08625e-002    0.00000e+000
  265    2.14000e-013    1.46705e-005    2.60480e-002    0.00000e+000
  266    3.50000e-013    2.26435e-005    3.04133e-002    0.00000e+000
  267    4.41000e-013    2.37720e-005    2.14110e-002    0.00000e+000
  268    6.51000e-013    1.83901e-005    3.13451e-002    0.00000e+000
  269    2.73000e-013    2.06378e-005    2.61957e-002    0.00000e+000
  270    6.30000e-013    2.17594e-005    2.46118e-002    0.00000e+000
  271    4.76000e-013    1.45667e-005    2.57031e-002    0.00000e+000
  272    2.94000e-013    2.59579e-005    3.30450e-002    0.00000e+000
  273    5.53000e-013    2.63943e-005    1.98293e-002    0.00000e+000
  274    2.77000e-013    2.04710e-005    3.69819e-002    0.00000e+000
  275    1.55000e-013    1.62997e-005    3.13819e-002    0.00000e+000
  276    3.09000e-013    1.34876e-005    2.12072e-002    0.00000e+000
  277    1.00300e-012    2.22908e-005    2.12322e-002    0.00000e+000
  278    2.74000e-013    1.72781e-005    2.44367e-002    0.00000e+000
  279    3.29000e-013    1.27628e-005    3.66776e-002    0.00000e+000
  280    8.45000e-013    1.66853e-005    1.75028e-002    0.00000e+000
  281    2.82000e-013    1.33483e-005    2.42985e-002    0.00000e+000
  282    4.17000e-013    1.70437e-005    3.78987e-002    0.00000e+000
  283    6.01000e-013    1.60254e-005    3.51778e-002    0.00000e+000
  284    5.53000e-013    2.39331e-005    2.24903e-002    0.00000e+000
  285    4.53000e-013    1.36864e-005    2.74717e-002    0.00000e+000
  286    4.72000e-013    2.63848e-005    1.88219e-002    0.00000e+000
  287    3.22000e-013    2.63939e-005    2.46860e-002    0.00000e+000
  288    4.25000e-013    1.63529e-005    2.86299e-002    0.00000e+000
  289    6.02000e-013    2.82056e-005    2.26266e-002    0.00000e+000
  290    5.19000e-013    2.53578e-005    2.09179e-002    0.00000e+000
  291    2.55000e-013    2.82826e-005    3.16163e-002    0.00000e+000
  292    4.52000e-013    2.37090e-005    3.13409e-002    0.00000e+000
  293    4.43000e-013    1.59901e-005    2.50575e-002    0.00000e+000
  294    6.42000e-013    1.84440e-005    3.19038e-002    0.00000e+000
  295    6.64000e-013    2.82519e-005    2.33467e-002    0.00000e+000
  296    4.59000e-013    1.65048e-005    4.86531e-002    0.00000e+000
  297    2.85000e-013    1.62687e-005    2.87242e-002    0.00000e+000
  298    3.57000e-013    1.85639e-005    2.82116e-002    0.00000e+000
  299    4.50000e-013    1.88160e-005    3.27761e-002    0.00000e+000
  300    4.23000e-013    1.75573e-005    2.32455e-002    0.00000e+000
  301    5.62000e-013    2.30176e-005    2.50418e-002    0.00000e+000
  302    3.49000e-013    2.79089e-005    2.44167e-002    0.00000e+000
  303    5.32000e-013    2.49850e-005    2.18500e-002    0.00000e+000
  304    1.22500e-012    2.09155e-005    2.55440e-002    0.00000e+000
  305    3.94000e-013    2.06569e-005    2.31368e-002    0.00000e+000
  306    9.60000e-013    3.52825e-005    2.66502e-002    0.00000e+000
  307    3.10000e-013    2.04292e-005    3.41878e-002    0.00000e+000
  308    9.80000e-013    2.92642e-005    2.11014e-002    0.00000e+000
  309    4.08000e-013    2.06623e-005    2.13659e-002    0.00000e+000
  310    6.27000e-013    2.93053e-005    2.41881e-002    0.00000e+000
  311    3.81000e-013    2.92735e-005    2.45938e-002    0.00000e+000
  312    2.70000e-013    2.45682e-005    3.92631e-002    0.00000e+000
  313    7.90000e-013    1.93347e-005    1.75796e-002    0.00000e+000
  314    3.24000e-013    2.22466e-005    3.00703e-002    0.00000e+000
  315    2.49000e-013    1.84988e-005    2.74783e-002    0.00000e+000
  316    6.06000e-013    2.92778e-005    2.35569e-002    0.00000e+000
  317    2.80000e-013    2.43608e-005    3.10586e-002    0.00000e+000
  318    4.79000e-013    2.98359e-005    2.55218e-002    0.00000e+000
  319    4.54000e-013    2.01053e-005    2.21804e-002    0.00000e+000
  320    3.68000e-013    2.24998e-005    3.10598e-002    0.00000e+000
  321    6.62000e-013    2.44172e-005    2.69401e-002    0.00000e+000
  322    4.80000e-013    2.52793e-005    2.20371e-002    0.00000e+000
  323    6.02000e-013    2.48124e-005    2.22562e-002    0.00000e+000
  324    5.39000e-013    2.31136e-005    2.76459e-002    0.00000e+000
  325    7.92000e-013    2.12844e-005    2.62275e-002    0.00000e+000
  326    7.37000e-013    2.62490e-005    2.79120e-002    0.00000e+000
  327    2.88000e-013    2.47312e-005    2.74121e-002    0.00000e+000
  328    4.22000e-013    1.87516e-005    2.34051e-002    0.00000e+000
  329    4.77000e-013    2.44083e-005    2.54315e-002    0.00000e+000
  330    4.37000e-013    2.33654e-005    2.63224e-002    0.00000e+000
  331    9.16000e-013    2.42700e-005    2.40323e-002    0.00000e+000
  332    1.03100e-012    2.53762e-005    2.73542e-002    0.00000e+000
  333    4.23600e-012    4.57005e-005    1.54211e-002    0.00000e+000
  334    8.81000e-013    2.87372e-005    2.78700e-002    0.00000e+000
  335    1.77000e-012    3.40228e-005    2.47896e-002    0.00000e+000
  336    2.92700e-012    4.37066e-005    2.20458e-002    0.00000e+000
  337    9.17000e-013    2.24975e-005    3.53147e-002    0.00000e+000
  338    8.99000e-013    3.00262e-005    2.97712e-002    0.00000e+000
  339    1.48600e-012    2.42854e-005    2.35494e-002    0.00000e+000
  340    1.06900e-012    2.84028e-005    2.14230e-002    0.00000e+000
  341    9.03000e-013    3.09687e-005    2.59373e-002    0.00000e+000
  342    1.14500e-012    3.33162e-005    2.11215e-002    0.00000e+000
  343    7.44000e-013    2.42948e-005    2.86297e-002    0.00000e+000
  344    4.11000e-013    2.89387e-005    2.28738e-002    0.00000e+000
  345    7.95000e-013    2.45821e-005    2.39308e-002    0.00000e+000
  346    4.64000e-013    2.84854e-005    2.52764e-002    0.00000e+000
  347    4.69000e-013    2.94935e-005    2.93328e-002    0.00000e+000
  348    6.41000e-013    2.14447e-005    1.78562e-002    0.00000e+000
  349    8.13000e-013    2.12684e-005    2.06812e-002    0.00000e+000
  350    5.04000e-013    2.33162e-005    2.14369e-002    0.00000e+000
  351    4.85000e-013    2.57726e-005    3.53725e-002    0.00000e+000
  352    2.03000e-012    2.72576e-005    1.91905e-002    0.00000e+000
  353    1.10500e-012    3.50632e-005    2.39849e-002    0.00000e+000
  354    4.93000e-013    2.17492e-005    3.48849e-002    0.00000e+000
  355    9.02000e-013    3.00362e-005    2.75740e-002    0.00000e+000
  356    7.87000e-013    2.56357e-005    2.30680e-002    0.00000e+000
  357    7.08000e-013    2.76681e-005    2.45376e-002    0.00000e+000
  358    5.04000e-013    2.74965e-005    4.19600e-002    0.00000e+000
  359    9.25000e-013    2.57699e-005    1.80834e-002    0.00000e+000
  360    6.43000e-013    3.21397e-005    4.13779e-002    0.00000e+000
  361    1.38000e-012    3.08172e-005    2.84003e-002    0.00000e+000
  362    7.54000e-013    2.70945e-005    2.66086e-002    0.00000e+000
  363    9.73000e-013    3.57031e-005    2.51002e-002    0.00000e+000
  364    4.99000e-013    2.82899e-005    2.54315e-002    0.00000e+000
  365    9.24000e-013    2.27033e-005    1.86265e-002    0.00000e+000
  366    6.17000e-013    2.94810e-005    2.24733e-002    0.00000e+000
  367    5.55000e-013    2.50830e-005    2.94764e-002    0.00000e+000
  368    1.12400e-012    2.91473e-005    2.57345e-002    0.00000e+000
  369    6.02000e-013    2.62607e-005    1.90070e-002    0.00000e+000
  370    5.03000e-013    2.81771e-005    2.59076e-002    0.00000e+000
  371    2.09800e-012    3.35326e-005    1.77099e-002    0.00000e+000
  372    5.85500e-012    4.82872e-005    1.95880e-002    0.00000e+000
  373    1.02700e-012    2.60463e-005    2.42143e-002    0.00000e+000
  374    1.02200e-012    3.57528e-005    2.51603e-002    0.00000e+000
  375    4.66900e-012    5.53029e-005    2.35352e-002    0.00000e+000
  376    1.15500e-012    3.18776e-005    2.43762e-002    0.00000e+000
  377    7.15000e-013    2.38603e-005    1.92821e-002    0.00000e+000
  378    6.75000e-013    2.51088e-005    2.06795e-002    0.00000e+000
  379    8.67000e-013    3.19575e-005    2.12537e-002    0.00000e+000
  380    5.46000e-013    3.28785e-005    2.92261e-002    0.00000e+000
  381    1.11300e-012    3.47321e-005    2.39180e-002    0.00000e+000
  382    9.81000e-013    3.13614e-005    2.55545e-002    0.00000e+000
  383    8.64000e-013    3.34307e-005    2.84925e-002    0.00000e+000
  384    7.73000e-013    2.77964e-005    2.17238e-002    0.00000e+000
  385    6.01000e-013    3.01258e-005    3.33421e-002    0.00000e+000
  386    5.75000e-013    3.44677e-005    2.48609e-002    0.00000e+000
  387    1.33600e-012    3.42117e-005    2.38016e-002    0.00000e+000
  388    5.66000e-013    3.32931e-005    3.06190e-002    0.00000e+000
  389    5.74000e-013    2.90836e-005    3.53753e-002    0.00000e+000
  390    9.18000e-013    3.21275e-005    2.27567e-002    0.00000e+000
  391    1.28800e-012    3.59099e-005    1.71553e-002    0.00000e+000
  392    2.55300e-012    4.62560e-005    2.41292e-002    0.00000e+000
  393    1.86400e-012    4.15268e-005    2.71569e-002    0.00000e+000
  394    1.08800e-012    3.92396e-005    2.82055e-002    0.00000e+000
  395    1.04700e-012    2.92024e-005    2.12961e-002    0.00000e+000
  396    9.02000e-013    2.90758e-005    2.56631e-002    0.00000e+000
  397    8.83000e-013    3.71071e-005    2.92998e-002    0.00000e+000
  398    5.92000e-013    3.06392e-005    2.98152e-002    0.00000e+000
  399    9.88000e-013    3.38439e-005    3.01446e-002    0.00000e+000
  400    6.11000e-013    2.72770e-005    2.41790e-002    0.00000e+000
  401    8.13000e-013    2.61391e-005    2.52113e-002    0.00000e+000
  402    1.52100e-012    3.47488e-005    2.76278e-002    0.00000e+000
  403    1.19800e-012    2.61616e-005    2.18123e-002    0.00000e+000
  404    1.43500e-012    3.41529e-005    2.02023e-002    0.00000e+000
  405    9.74000e-013    3.30844e-005    2.64986e-002    0.00000e+000
  406    1.21000e-012    3.13368e-005    2.31507e-002    0.00000e+000
  407    9.29000e-013    2.72098e-005    2.56318e-002    0.00000e+000
  408    6.99000e-013    3.17449e-005    2.21654e-002    0.00000e+000
  409    1.45000e-012    3.34653e-005    2.07774e-002    0.00000e+000
  410    9.14000e-013    3.65002e-005    2.11861e-002    0.00000e+000
  411    7.73000e-013    3.35815e-005    2.56796e-002    0.00000e+000
  412    8.16000e-013    3.32944e-005    2.79270e-002    0.00000e+000
  413    7.75000e-013    3.20771e-005    3.14232e-002    0.00000e+000
  414    1.43100e-012    3.22342e-005    2.33946e-002    0.00000e+000
  415    3.35400e-012    4.94365e-005    1.94398e-002    0.00000e+000
  416    1.57500e-012    3.54416e-005    2.39961e-002    0.00000e+000
  417    1.36200e-012    3.23582e-005    2.65266e-002    0.00000e+000
  418    8.54000e-013    3.51110e-005    2.26145e-002    0.00000e+000
  419    2.21000e-012    3.18460e-005    2.28799e-002    0.00000e+000
  420    1.60400e-012    3.93108e-005    2.31534e-002    0.00000e+000
  421    9.75000e-013    3.20011e-005    3.19020e-002    0.00000e+000
  422    2.34400e-012    3.95173e-005    1.93996e-002    0.00000e+000
  423    1.18200e-012    3.94543e-005    2.84912e-002    0.00000e+000
  424    1.44900e-012    3.18882e-005    2.04319e-002    0.00000e+000
  425    7.00000e-013    3.79224e-005    2.61217e-002    0.00000e+000
  426    8.20000e-013    3.04876e-005    4.06039e-002    0.00000e+000
  427    2.30900e-012    2.81193e-005    2.05136e-002    0.00000e+000
  428    8.23000e-013    3.10107e-005    2.50912e-002    0.00000e+000
  429    1.64700e-012    3.76029e-005    2.41072e-002    0.00000e+000
  430    1.31400e-012    3.54274e-005    2.22923e-002    0.00000e+000
  431    1.77700e-012    3.25295e-005    2.57418e-002    0.00000e+000
  432    1.96200e-012    2.89957e-005    2.59025e-002    0.00000e+000
  433    1.45700e-012    3.93364e-005    2.23156e-002    0.00000e+000
  434    1.14400e-012    3.05061e-005    3.29563e-002    0.00000e+000
  435    2.95400e-012    4.68079e-005    2.06870e-002    0.00000e+000
  436    1.90000e-012    3.94683e-005    2.10687e-002    0.00000e+000
  437    2.04800e-012    4.14093e-005    2.14891e-002    0.00000e+000
  438    1.47900e-012    3.93925e-005    2.29996e-002    0.00000e+000
  439    5.97600e-012    4.67133e-005    2.45029e-002    0.00000e+000
  440    1.58300e-012    4.05298e-005    1.84867e-002    0.00000e+000
  441    2.41400e-012    3.73552e-005    1.96985e-002    0.00000e+000
  442    1.45200e-012    3.40442e-005    2.14889e-002    0.00000e+000
  443    1.42300e-012    3.53902e-005    2.20666e-002    0.00000e+000
  444    1.72400e-012    3.84290e-005    2.10436e-002    0.00000e+000
  445    1.21900e-012    3.10070e-005    2.81375e-002    0.00000e+000
  446    9.98000e-013    3.97809e-005    3.25918e-002    0.00000e+000
  447    1.36900e-012    3.98573e-005    2.10927e-002    0.00000e+000
  448    1.15700e-012    3.40819e-005    2.54388e-002    0.00000e+000
  449    1.47600e-012    3.01193e-005    2.48797e-002    0.00000e+000
  450    1.37400e-012    3.34608e-005    2.08161e-002    0.00000e+000
  451    1.73200e-012    3.59513e-005    2.25665e-002    0.00000e+000
  452    1.73900e-012    3.23897e-005    2.36278e-002    0.00000e+000
  453    2.07000e-012    3.72181e-005    1.98133e-002    0.00000e+000
  454    1.41500e-012    3.50224e-005    3.53332e-002    0.00000e+000
  455    1.34500e-012    3.42423e-005    3.65674e-002    0.00000e+000
  456    1.40800e-012    3.34032e-005    1.86955e-002    0.00000e+000
  457    1.77100e-012    3.82145e-005    1.81851e-002    0.00000e+000
  458    8.94000e-013    4.07944e-005    2.64461e-002    0.00000e+000
  459    1.73300e-012    3.97181e-005    1.98097e-002    0.00000e+000
  460    1.70100e-012    4.50839e-005    2.35704e-002    0.00000e+000
  461    1.75500e-012    3.43011e-005    2.26503e-002    0.00000e+000
  462    2.33700e-012    3.29872e-005    1.90141e-002    0.00000e+000
  463    3.11400e-012    5.08835e-005    1.96747e-002    0.00000e+000
  464    1.63400e-012    4.35588e-005    2.95320e-002    0.00000e+000
  465    1.48800e-012    3.71063e-005    2.28988e-002    0.00000e+000
  466    3.23500e-012    3.79273e-005    1.89863e-002    0.00000e+000
  467    2.02500e-012    3.79735e-005    2.39371e-002    0.00000e+000
  468    4.29400e-012    4.50021e-005    2.23886e-002    0.00000e+000
  469    4.56200e-012    4.59534e-005    2.03641e-002    0.00000e+000
  470    2.91600e-012    3.80356e-005    1.77322e-002    0.00000e+000
  471    2.55300e-012    3.31659e-005    2.07142e-002    0.00000e+000
  472    1.55700e-012    3.31546e-005    2.09723e-002    0.00000e+000
  473    3.86000e-012    5.07319e-005    2.34105e-002    0.00000e+000
  474    1.97100e-012    3.74740e-005    2.57600e-002    0.00000e+000
  475    1.58100e-012    4.08107e-005    2.12907e-002    0.00000e+000
  476    2.02000e-012    4.05254e-005    1.84069e-002    0.00000e+000
  477    9.02000e-013    3.34946e-005    2.75236e-002    0.00000e+000
  478    2.94600e-012    3.51360e-005    1.65746e-002    0.00000e+000
  479    1.45400e-012    3.85858e-005    2.19573e-002    0.00000e+000
  480    4.32000e-012    3.99048e-005    2.76849e-002    0.00000e+000
  481    1.57500e-012    3.74412e-005    1.88169e-002    0.00000e+000
  482    1.59100e-012    4.00583e-005    1.70229e-002    0.00000e+000
  483    1.67600e-012    3.94806e-005    1.84685e-002    0.00000e+000
  484    2.99600e-012    4.01465e-005    1.95780e-002    0.00000e+000
  485    1.21300e-012    4.03614e-005    1.80247e-002    0.00000e+000
  486    2.15800e-012    3.17593e-005    1.53981e-002    0.00000e+000
  487    1.92600e-012    4.12477e-005    2.27612e-002    0.00000e+000
  488    1.55800e-012    3.28478e-005    2.81164e-002    0.00000e+000
  489    1.36700e-012    3.48479e-005    2.22361e-002    0.00000e+000
  490    2.74400e-012    4.03064e-005    1.50173e-002    0.00000e+000
  491    1.86900e-012    4.09159e-005    1.89011e-002    0.00000e+000
  492    2.16200e-012    3.53782e-005    1.98531e-002    0.00000e+000
  493    1.72100e-012    3.41964e-005    2.24087e-002    0.00000e+000
  494    1.39200e-012    3.51394e-005    2.65353e-002    0.00000e+000
  495    3.90800e-012    5.53305e-005    2.18308e-002    0.00000e+000
  496    2.78800e-012    4.81277e-005    1.92154e-002    0.00000e+000
  497    3.96300e-012    4.61647e-005    2.33893e-002    0.00000e+000
  498    1.65600e-012    3.86174e-005    1.73462e-002    0.00000e+000
  499    4.93300e-012    4.78015e-005    1.83070e-002    0.00000e+000
  500    2.57700e-012    4.41553e-005    1.93821e-002    0.00000e+000
  501    1.61300e-012    4.17307e-005    1.92209e-002    0.00000e+000
  502    1.37500e-012    4.14905e-005    2.40085e-002    0.00000e+000
  503    1.46500e-012    3.71944e-005    2.10733e-002    0.00000e+000
  504    1.95800e-012    3.79864e-005    1.76935e-002    0.00000e+000
  505    1.51600e-012    3.39631e-005    2.43152e-002    0.00000e+000
  506    1.06100e-012    3.31704e-005    2.66281e-002    0.00000e+000
  507    2.51700e-012    3.71944e-005    1.90264e-002    0.00000e+000
  508    2.81700e-012    4.89945e-005    1.62635e-002    0.00000e+000
  509    1.84100e-012    3.43832e-005    1.81209e-002    0.00000e+000
  510    2.12300e-012    3.61495e-005    2.12788e-002    0.00000e+000
  511    1.56000e-012    3.60092e-005    1.99650e-002    0.00000e+000
  512    1.61100e-012    4.17402e-005    2.04453e-002    0.00000e+000
  513    2.81000e-012    3.62013e-005    1.94004e-002    0.00000e+000
  514    4.12200e-012    4.26759e-005    2.00863e-002    0.00000e+000
  515    2.88800e-012    4.00839e-005    1.69622e-002    0.00000e+000
  516    2.18000e-012    3.91063e-005    2.03543e-002    0.00000e+000
  517    2.02100e-012    4.38883e-005    2.01274e-002    0.00000e+000
  518    4.09100e-012    4.71300e-005    1.52010e-002    0.00000e+000
  519    1.25400e-012    4.27352e-005    2.47465e-002    0.00000e+000
  520    1.75200e-012    3.42725e-005    2.30817e-002    0.00000e+000
  521    2.51100e-012    3.53054e-005    2.25627e-002    0.00000e+000
  522    6.61000e-012    5.30078e-005    1.74726e-002    0.00000e+000
  523    3.93700e-012    5.45527e-005    2.38601e-002    0.00000e+000
  524    1.54800e-012    4.34823e-005    2.61020e-002    0.00000e+000
  525    2.05300e-012    4.91264e-005    1.83952e-002    0.00000e+000
  526    1.39000e-012    4.10650e-005    2.06828e-002    0.00000e+000
  527    1.76900e-012    3.51977e-005    2.08031e-002    0.00000e+000
  528    2.11800e-012    4.25745e-005    1.55627e-002    0.00000e+000
  529    1.74300e-012    4.02809e-005    2.24798e-002    0.00000e+000
  530    1.94400e-012    3.86471e-005    1.88977e-002    0.00000e+000
  531    1.73700e-012    4.37208e-005    1.81010e-002    0.00000e+000
  532    1.90300e-012    4.01858e-005    2.20332e-002    0.00000e+000
  533    1.91600e-012    4.04576e-005    1.68645e-002    0.00000e+000
  534    8.36500e-012    5.31075e-005    1.30294e-002    0.00000e+000
  535    3.18800e-012    4.23177e-005    2.63549e-002    0.00000e+000
  536    2.13000e-012    4.88908e-005    2.11317e-002    0.00000e+000
  537    2.28000e-012    4.23288e-005    2.38183e-002    0.00000e+000
  538    2.86600e-012    4.38870e-005    1.62681e-002    0.00000e+000
  539    2.24400e-012    3.62477e-005    2.01785e-002    0.00000e+000
  540    1.81000e-012    4.16530e-005    1.56710e-002    0.00000e+000
  541    1.64900e-012    3.77836e-005    2.30410e-002    0.00000e+000
  542    3.03600e-012    4.13426e-005    2.97683e-002    0.00000e+000
  543    1.19100e-012    4.14029e-005    3.00443e-002    0.00000e+000
  544    2.50600e-012    4.53076e-005    3.08758e-002    0.00000e+000
  545    1.83300e-012    4.44709e-005    1.71242e-002    0.00000e+000
  546    2.77400e-012    4.34712e-005    2.08298e-002    0.00000e+000
  547    1.67000e-012    3.77653e-005    2.02694e-002    0.00000e+000
  548    1.89700e-012    4.09505e-005    2.74150e-002    0.00000e+000
  549    2.10300e-012    3.68147e-005    1.46205e-002    0.00000e+000
  550    1.82600e-012    3.51789e-005    2.21317e-002    0.00000e+000
  551    2.00100e-012    4.21644e-005    2.68423e-002    0.00000e+000
  552    2.29100e-012    4.28188e-005    1.93669e-002    0.00000e+000
  553    1.98300e-012    3.80933e-005    3.44347e-002    0.00000e+000
  554    3.23700e-012    4.70616e-005    2.02187e-002    0.00000e+000
  555    1.22100e-012    3.86460e-005    1.96826e-002    0.00000e+000
  556    1.51400e-012    3.75511e-005    2.62574e-002    0.00000e+000
  557    1.12700e-012    4.40612e-005    2.84730e-002    0.00000e+000
  558    1.85000e-012    3.52060e-005    1.91326e-002    0.00000e+000
  559    1.46800e-012    3.74874e-005    2.45042e-002    0.00000e+000
  560    1.88500e-012    3.47546e-005    2.09579e-002    0.00000e+000
  561    1.70400e-012    4.32136e-005    3.19970e-002    0.00000e+000
  562    1.37100e-012    3.47576e-005    2.41792e-002    0.00000e+000
  563    3.61200e-012    4.37461e-005    1.67979e-002    0.00000e+000
  564    4.69700e-012    4.69626e-005    1.87606e-002    0.00000e+000
  565    5.00600e-012    4.99822e-005    1.85794e-002    0.00000e+000
  566    2.94100e-012    4.68872e-005    1.86927e-002    0.00000e+000
  567    3.69900e-012    5.10024e-005    2.06620e-002    0.00000e+000
  568    3.66600e-012    5.32325e-005    2.27941e-002    0.00000e+000
  569    3.57600e-012    4.46066e-005    1.87145e-002    0.00000e+000
  570    2.21600e-012    4.06003e-005    2.41128e-002    0.00000e+000
  571    5.03300e-012    5.99411e-005    1.87585e-002    0.00000e+000
  572    1.37600e-012    3.96476e-005    3.12552e-002    0.00000e+000
  573    2.62300e-012    3.75734e-005    2.68594e-002    0.00000e+000
  574    2.20000e-012    4.26279e-005    1.66250e-002    0.00000e+000
  575    2.04300e-012    4.44790e-005    1.77874e-002    0.00000e+000
  576    1.98900e-012    3.97622e-005    1.81899e-002    0.00000e+000
  577    1.88600e-012    4.06793e-005    2.57438e-002    0.00000e+000
  578    1.78500e-012    3.87084e-005    2.05690e-002    0.00000e+000
  579    1.84100e-012    4.63808e-005    2.26878e-002    0.00000e+000
  580    3.36600e-012    4.14919e-005    1.69049e-002    0.00000e+000
  581    1.79800e-012    4.48201e-005    2.62329e-002    0.00000e+000
  582    5.85600e-012    4.94628e-005    2.17215e-002    0.00000e+000
  583    6.09200e-012    3.95822e-005    1.34621e-002    0.00000e+000
  584    1.16370e-011    6.61297e-005    1.40975e-002    0.00000e+000
  585    2.47000e-012    4.22198e-005    2.20525e-002    0.00000e+000
  586    2.15600e-012    3.92405e-005    2.17541e-002    0.00000e+000
  587    2.75100e-012    4.23046e-005    2.14086e-002    0.00000e+000
  588    2.91900e-012    4.20491e-005    2.36435e-002    0.00000e+000
  589    2.32200e-012    3.96638e-005    2.83648e-002    0.00000e+000
  590    2.37000e-012    4.43794e-005    1.72147e-002    0.00000e+000
  591    2.53200e-012    4.54350e-005    1.99204e-002    0.00000e+000
  592    2.17000e-012    4.61295e-005    2.99925e-002    0.00000e+000
  593    3.44100e-012    4.62541e-005    1.92712e-002    0.00000e+000
  594    1.80700e-012    4.30420e-005    2.30431e-002    0.00000e+000
  595    1.98400e-012    4.80426e-005    1.99298e-002    0.00000e+000
  596    2.71000e-012    3.81453e-005    2.07558e-002    0.00000e+000
  597    2.44100e-012    4.19332e-005    1.71450e-002    0.00000e+000
  598    2.10800e-012    4.30065e-005    2.65653e-002    0.00000e+000
  599    2.68000e-012    4.33311e-005    1.77541e-002    0.00000e+000
  600    2.32100e-012    3.85746e-005    1.73640e-002    0.00000e+000
  601    3.10800e-012    4.02448e-005    2.11542e-002    0.00000e+000
  602    1.41900e-012    4.68030e-005    2.12645e-002    0.00000e+000
  603    2.97200e-012    4.72116e-005    1.92902e-002    0.00000e+000
  604    1.94100e-012    4.34845e-005    2.12249e-002    0.00000e+000
  605    4.62300e-012    5.31373e-005    2.33739e-002    0.00000e+000
  606    4.02900e-012    5.18998e-005    1.51463e-002    0.00000e+000
  607    1.05920e-011    5.97563e-005    1.71046e-002    0.00000e+000
  608    6.72800e-012    5.08128e-005    2.31159e-002    0.00000e+000
  609    2.77140e-011    8.65835e-005    1.69272e-002    0.00000e+000
  610    3.41700e-012    4.87671e-005    2.38297e-002    0.00000e+000
  611    3.96300e-012    4.85795e-005    1.80365e-002    0.00000e+000
  612    4.25200e-012    5.71137e-005    1.71292e-002    0.00000e+000
  613    4.24200e-012    4.54141e-005    2.32119e-002    0.00000e+000
  614    2.43600e-012    4.66469e-005    1.88995e-002    0.00000e+000
  615    2.25200e-012    4.42111e-005    2.51972e-002    0.00000e+000
  616    1.80700e-012    4.49369e-005    2.34327e-002    0.00000e+000
  617    2.30700e-012    4.17058e-005    2.16771e-002    0.00000e+000
  618    1.90100e-012    4.68361e-005    2.19325e-002    0.00000e+000
  619    2.35000e-012    4.63247e-005    2.67399e-002    0.00000e+000
  620    2.65800e-012    4.62615e-005    3.04964e-002    0.00000e+000
  621    2.47800e-012    4.08634e-005    1.87560e-002    0.00000e+000
  622    2.75800e-012    4.37632e-005    2.02937e-002    0.00000e+000
  623    1.87100e-012    4.70716e-005    2.17493e-002    0.00000e+000
  624    1.88100e-012    4.70992e-005    2.39823e-002    0.00000e+000
  625    1.88300e-012    4.09914e-005    2.37186e-002    0.00000e+000
  626    2.02300e-012    4.68952e-005    2.77807e-002    0.00000e+000
  627    2.86100e-012    4.90683e-005    2.39637e-002    0.00000e+000
  628    2.24000e-012    3.98554e-005    2.37499e-002    0.00000e+000
  629    3.30800e-012    3.92462e-005    1.83082e-002    0.00000e+000
  630    2.63000e-012    4.16672e-005    2.46431e-002    0.00000e+000
  631    7.04100e-012    6.06829e-005    1.77209e-002    0.00000e+000
  632    2.56900e-012    4.92564e-005    1.68815e-002    0.00000e+000
  633    3.02400e-012    4.98511e-005    1.56935e-002    0.00000e+000
  634    1.92800e-012    4.24373e-005    2.03697e-002    0.00000e+000
  635    2.47600e-012    4.79674e-005    2.47422e-002    0.00000e+000
  636    2.16100e-012    4.52279e-005    1.86292e-002    0.00000e+000
  637    2.96700e-012    4.69940e-005    1.80688e-002    0.00000e+000
  638    2.13800e-012    3.93772e-005    3.07645e-002    0.00000e+000
  639    4.76400e-012    4.11967e-005    1.94103e-002    0.00000e+000
  640    2.17800e-012    4.87742e-005    1.71373e-002    0.00000e+000
  641    4.78600e-012    4.73166e-005    1.43607e-002    0.00000e+000
  642    3.10000e-012    4.34826e-005    2.14730e-002    0.00000e+000
  643    2.29600e-012    4.97705e-005    2.48388e-002    0.00000e+000
  644    3.12600e-012    4.39380e-005    2.35551e-002    0.00000e+000
  645    2.49200e-012    4.31419e-005    1.88276e-002    0.00000e+000
  646    1.03500e-012    4.77994e-005    2.74171e-002    0.00000e+000
  647    1.85500e-012    4.08553e-005    2.60904e-002    0.00000e+000
  648    2.52400e-012    4.51479e-005    2.05466e-002    0.00000e+000
  649    4.40400e-012    4.53681e-005    1.59524e-002    0.00000e+000
  650    2.61900e-012    4.03177e-005    2.61103e-002    0.00000e+000
  651    2.59200e-012    4.98458e-005    1.93782e-002    0.00000e+000
  652    1.85700e-012    4.38676e-005    2.31142e-002    0.00000e+000
  653    2.04080e-011    8.25429e-005    1.46048e-002    0.00000e+000
  654    4.39600e-012    5.77655e-005    2.20132e-002    0.00000e+000
  655    3.77400e-012    4.30879e-005    2.38014e-002    0.00000e+000
  656    4.33100e-012    4.80295e-005    2.10811e-002    0.00000e+000
  657    2.15100e-012    4.50019e-005    2.38483e-002    0.00000e+000
  658    2.72200e-012    4.29456e-005    1.64832e-002    0.00000e+000
  659    1.06620e-011    5.21561e-005    1.79033e-002    0.00000e+000
  660    6.19900e-012    5.28790e-005    1.43159e-002    0.00000e+000
  661    8.57700e-012    5.07427e-005    2.05663e-002    0.00000e+000
  662    4.17200e-012    4.63545e-005    1.93211e-002    0.00000e+000
  663    2.54000e-012    4.79296e-005    1.67238e-002    0.00000e+000
  664    3.02100e-012    4.60195e-005    1.67900e-002    0.00000e+000
  665    3.23000e-012    5.03469e-005    1.50952e-002    0.00000e+000
  666    2.82100e-012    4.67188e-005    2.93753e-002    0.00000e+000
  667    2.00700e-012    4.59645e-005    2.55566e-002    0.00000e+000
  668    3.32300e-012    4.19879e-005    1.91238e-002    0.00000e+000
  669    2.84700e-012    4.12574e-005    1.88700e-002    0.00000e+000
  670    3.26600e-012    4.67255e-005    1.92144e-002    0.00000e+000
  671    2.64800e-012    4.95355e-005    2.01046e-002    0.00000e+000
  672    2.26400e-012    4.16559e-005    2.05820e-002    0.00000e+000
  673    2.48800e-012    4.43435e-005    2.18234e-002    0.00000e+000
  674    2.64800e-012    4.60819e-005    1.64401e-002    0.00000e+000
  675    3.45000e-012    4.33862e-005    2.17002e-002    0.00000e+000
  676    3.17600e-012    4.83536e-005    1.92646e-002    0.00000e+000
  677    2.77900e-012    4.95459e-005    1.86549e-002    0.00000e+000
  678    2.62500e-012    4.56556e-005    1.78207e-002    0.00000e+000
  679    3.49200e-012    4.77851e-005    1.95705e-002    0.00000e+000
  680    5.92700e-012    4.96882e-005    1.72818e-002    0.00000e+000
  681    5.73500e-012    4.11860e-005    1.66733e-002    0.00000e+000
  682    2.44500e-012    4.77707e-005    1.81776e-002    0.00000e+000
  683    5.27200e-012    4.62922e-005    1.68447e-002    0.00000e+000
  684    2.62000e-012    4.73413e-005    1.82107e-002    0.00000e+000
  685    8.43600e-012    6.64665e-005    1.52414e-002    0.00000e+000
  686    2.68800e-012    4.22776e-005    1.67824e-002    0.00000e+000
  687    8.63000e-012    5.23659e-005    1.33065e-002    0.00000e+000
  688    4.31900e-012    4.42293e-005    1.65953e-002    0.00000e+000
  689    8.59500e-012    5.94237e-005    1.67858e-002    0.00000e+000
  690    4.08300e-012    5.11480e-005    1.78954e-002    0.00000e+000
  691    4.10000e-012    5.37430e-005    1.98102e-002    0.00000e+000
  692    5.16600e-012    5.01096e-005    1.87094e-002    0.00000e+000
  693    7.59500e-012    5.01005e-005    1.21971e-002    0.00000e+000
  694    6.35900e-012    5.96062e-005    2.10952e-002    0.00000e+000
  695    1.19990e-011    6.00481e-005    1.25366e-002    0.00000e+000
  696    4.04900e-012    4.20516e-005    1.82120e-002    0.00000e+000
  697    5.05600e-012    4.30373e-005    2.87824e-002    0.00000e+000
  698    2.32600e-012    4.59681e-005    1.99642e-002    0.00000e+000
  699    1.20430e-011    6.59531e-005    1.61008e-002    0.00000e+000
  700    2.02400e-012    4.53081e-005    2.57730e-002    0.00000e+000
  701    5.07100e-012    4.45106e-005    2.89960e-002    0.00000e+000
  702    3.17400e-012    5.02338e-005    1.80319e-002    0.00000e+000
  703    2.84600e-012    4.13324e-005    2.20182e-002    0.00000e+000
  704    3.61300e-012    4.20188e-005    1.85943e-002    0.00000e+000
  705    3.46300e-012    4.89903e-005    1.91371e-002    0.00000e+000
  706    2.36300e-012    4.49402e-005    2.12953e-002    0.00000e+000
  707    2.79200e-012    5.06456e-005    2.44779e-002    0.00000e+000
  708    3.25300e-012    5.32344e-005    1.54570e-002    0.00000e+000
  709    7.43900e-012    6.02407e-005    1.79968e-002    0.00000e+000
  710    6.33900e-012    5.21370e-005    1.91496e-002    0.00000e+000
  711    4.23600e-012    5.82230e-005    2.62789e-002    0.00000e+000
  712    2.94300e-012    5.23864e-005    2.03942e-002    0.00000e+000
  713    2.48200e-012    4.26883e-005    2.28502e-002    0.00000e+000
  714    2.67800e-012    4.64092e-005    2.27595e-002    0.00000e+000
  715    4.11700e-012    4.74909e-005    1.65635e-002    0.00000e+000
  716    2.93200e-012    4.84061e-005    2.23269e-002    0.00000e+000
  717    3.28100e-012    5.13943e-005    1.84815e-002    0.00000e+000
  718    2.56500e-012    4.37479e-005    1.95455e-002    0.00000e+000
  719    1.02990e-011    6.82233e-005    1.60934e-002    0.00000e+000
  720    2.98600e-012    4.93735e-005    1.89920e-002    0.00000e+000
  721    3.08200e-012    4.76843e-005    1.88411e-002    0.00000e+000
  722    3.63100e-012    4.31648e-005    1.79656e-002    0.00000e+000
  723    2.66100e-012    5.09658e-005    2.02365e-002    0.00000e+000
  724    2.97100e-012    4.79685e-005    1.88299e-002    0.00000e+000
  725    5.15000e-012    4.90088e-005    1.87073e-002    0.00000e+000
  726    2.19100e-012    4.68882e-005    2.34434e-002    0.00000e+000
  727    4.93500e-012    5.39575e-005    1.75104e-002    0.00000e+000
  728    3.00900e-012    5.33317e-005    2.04063e-002    0.00000e+000
  729    2.47600e-012    5.37105e-005    2.36252e-002    0.00000e+000
  730    4.59400e-012    4.25828e-005    1.99599e-002    0.00000e+000
  731    2.68600e-012    4.48539e-005    2.13657e-002    0.00000e+000
  732    5.64900e-012    4.34856e-005    2.29092e-002    0.00000e+000
  733    3.43800e-012    4.75453e-005    1.86363e-002    0.00000e+000
  734    2.80300e-012    4.30766e-005    2.28827e-002    0.00000e+000
  735    3.93600e-012    5.26241e-005    1.71669e-002    0.00000e+000
  736    2.64700e-012    4.80519e-005    1.83127e-002    0.00000e+000
  737    3.67100e-012    4.34765e-005    2.29474e-002    0.00000e+000
  738    3.00700e-012    4.66621e-005    2.17129e-002    0.00000e+000
  739    3.06500e-012    5.14832e-005    2.13092e-002    0.00000e+000
  740    3.39600e-012    4.58740e-005    1.78692e-002    0.00000e+000
  741    2.61200e-012    4.36939e-005    1.80319e-002    0.00000e+000
  742    5.38000e-012    5.33585e-005    1.96184e-002    0.00000e+000
  743    3.10300e-012    5.30069e-005    2.35547e-002    0.00000e+000
  744    4.36300e-012    4.53173e-005    1.49225e-002    0.00000e+000
  745    3.69400e-012    5.48656e-005    2.24886e-002    0.00000e+000
  746    4.02000e-012    5.33175e-005    1.44728e-002    0.00000e+000
  747    3.58300e-012    4.91068e-005    2.04957e-002    0.00000e+000
  748    4.40400e-012    5.06526e-005    2.16728e-002    0.00000e+000
  749    2.99010e-011    7.93572e-005    1.22644e-002    0.00000e+000
  750    8.57000e-012    5.74964e-005    2.17006e-002    0.00000e+000
  751    5.96700e-012    5.12707e-005    1.77175e-002    0.00000e+000
  752    1.19300e-011    6.60381e-005    1.61667e-002    0.00000e+000
  753    7.51900e-012    5.79993e-005    1.66739e-002    0.00000e+000
  754    6.09500e-012    5.90060e-005    2.13778e-002    0.00000e+000
  755    7.66700e-012    5.25488e-005    1.65192e-002    0.00000e+000
  756    5.09400e-012    5.32046e-005    1.76401e-002    0.00000e+000
  757    1.48100e-011    6.96369e-005    1.43682e-002    0.00000e+000
  758    8.86300e-012    7.09695e-005    2.05742e-002    0.00000e+000
  759    5.70000e-012    5.28799e-005    1.51783e-002    0.00000e+000
  760    8.00700e-012    5.38297e-005    1.88537e-002    0.00000e+000
  761    2.38240e-011    8.88159e-005    2.03055e-002    0.00000e+000
  762    6.40500e-012    6.17969e-005    1.44857e-002    0.00000e+000
  763    2.39300e-012    5.20947e-005    2.41124e-002    0.00000e+000
  764    3.66900e-012    4.45332e-005    1.86348e-002    0.00000e+000
  765    4.88000e-012    4.95501e-005    1.42889e-002    0.00000e+000
  766    5.53500e-012    5.09252e-005    1.75959e-002    0.00000e+000
  767    2.97600e-012    4.48515e-005    2.47794e-002    0.00000e+000
  768    3.01800e-012    4.97777e-005    2.51154e-002    0.00000e+000
  769    2.60300e-012    4.42443e-005    2.21695e-002    0.00000e+000
  770    3.52000e-012    4.92821e-005    2.16372e-002    0.00000e+000
  771    4.31900e-012    4.88729e-005    1.50839e-002    0.00000e+000
  772    4.68700e-012    4.53451e-005    2.03348e-002    0.00000e+000
  773    3.94800e-012    5.23617e-005    2.07772e-002    0.00000e+000
  774    2.57900e-012    4.44662e-005    2.38626e-002    0.00000e+000
  775    2.98500e-012    4.72118e-005    2.17513e-002    0.00000e+000
  776    3.31500e-012    4.40276e-005    2.82981e-002    0.00000e+000
  777    3.31800e-012    5.22293e-005    1.82962e-002    0.00000e+000
  778    5.06100e-012    5.56080e-005    1.97290e-002    0.00000e+000
  779    4.78200e-012    5.18742e-005    2.00821e-002    0.00000e+000
  780    1.12900e-011    6.97224e-005    1.35945e-002    0.00000e+000
  781    4.60400e-012    5.16440e-005    2.49398e-002    0.00000e+000
  782    6.50900e-012    6.20984e-005    1.63832e-002    0.00000e+000
  783    2.11300e-012    5.54939e-005    2.57547e-002    0.00000e+000
  784    3.43700e-012    5.29206e-005    2.12896e-002    0.00000e+000
  785    3.43200e-012    4.59581e-005    2.27144e-002    0.00000e+000
  786    2.98000e-012    4.94798e-005    2.05248e-002    0.00000e+000
  787    2.75400e-012    5.62550e-005    2.05124e-002    0.00000e+000
  788    4.27400e-012    5.38365e-005    1.94009e-002    0.00000e+000
  789    3.78900e-012    4.95518e-005    1.76383e-002    0.00000e+000
  790    2.30700e-012    4.48597e-005    2.30261e-002    0.00000e+000
  791    1.09450e-011    7.02260e-005    1.50462e-002    0.00000e+000
  792    7.71400e-012    6.17140e-005    1.67782e-002    0.00000e+000
  793    9.88300e-012    6.14236e-005    1.53277e-002    0.00000e+000
  794    6.64400e-012    5.90861e-005    1.88907e-002    0.00000e+000
  795    3.54200e-012    5.25284e-005    1.89562e-002    0.00000e+000
  796    3.38700e-012    4.94333e-005    2.39530e-002    0.00000e+000
  797    3.87300e-012    5.40059e-005    2.45093e-002    0.00000e+000
  798    4.59800e-012    5.27774e-005    1.66533e-002    0.00000e+000
  799    7.65000e-012    5.58214e-005    1.65808e-002    0.00000e+000
  800    3.37500e-012    5.06306e-005    2.02514e-002    0.00000e+000
  801    3.22800e-012    5.62941e-005    2.18930e-002    0.00000e+000
  802    2.95000e-012    5.20936e-005    2.26188e-002    0.00000e+000
  803    4.46200e-012    4.72580e-005    1.88854e-002    0.00000e+000
  804    3.46000e-012    5.13354e-005    2.16655e-002    0.00000e+000
  805    3.29000e-012    5.20823e-005    2.03540e-002    0.00000e+000
  806    3.13100e-012    4.87435e-005    2.06875e-002    0.00000e+000
  807    1.04810e-011    5.36461e-005    1.53984e-002    0.00000e+000
  808    5.14000e-012    5.18887e-005    1.88092e-002    0.00000e+000
  809    9.36600e-012    7.06127e-005    1.58035e-002    0.00000e+000
  810    4.49800e-012    4.94794e-005    2.25821e-002    0.00000e+000
  811    3.64000e-012    5.33623e-005    2.19532e-002    0.00000e+000
  812    1.70600e-011    7.93576e-005    1.53622e-002    0.00000e+000
  813    3.57700e-012    4.92517e-005    2.17213e-002    0.00000e+000
  814    2.13200e-012    5.64089e-005    2.78736e-002    0.00000e+000
  815    3.55400e-012    5.72435e-005    2.23321e-002    0.00000e+000
  816    4.09100e-012    5.27903e-005    2.03856e-002    0.00000e+000
  817    4.73900e-012    5.64976e-005    2.11062e-002    0.00000e+000
  818    2.44100e-012    5.11306e-005    2.76790e-002    0.00000e+000
  819    3.69300e-012    4.85062e-005    2.62750e-002    0.00000e+000
  820    3.65800e-012    4.75930e-005    1.77460e-002    0.00000e+000
  821    1.06480e-011    6.83225e-005    1.67093e-002    0.00000e+000
  822    7.42200e-012    6.08942e-005    1.34444e-002    0.00000e+000
  823    1.46660e-011    6.66414e-005    1.16508e-002    0.00000e+000
  824    1.10100e-011    7.67289e-005    1.92869e-002    0.00000e+000
  825    7.71700e-012    6.31198e-005    2.20490e-002    0.00000e+000
  826    8.73400e-012    5.43155e-005    1.82328e-002    0.00000e+000
  827    7.21100e-012    5.86958e-005    1.37638e-002    0.00000e+000
  828    6.12100e-012    5.88680e-005    1.86593e-002    0.00000e+000
  829    7.59900e-012    5.67492e-005    1.87230e-002    0.00000e+000
  830    6.43600e-012    5.39022e-005    2.14673e-002    0.00000e+000
  831    5.72100e-012    5.73357e-005    1.79707e-002    0.00000e+000
  832    6.53900e-012    5.96166e-005    1.62451e-002    0.00000e+000
  833    1.56410e-011    7.94403e-005    1.36819e-002    0.00000e+000
  834    5.30300e-012    5.47396e-005    1.76686e-002    0.00000e+000
  835    8.25900e-012    5.68875e-005    1.40472e-002    0.00000e+000
  836    3.52500e-012    5.07843e-005    1.91903e-002    0.00000e+000
  837    4.09600e-012    5.22557e-005    1.77512e-002    0.00000e+000
  838    4.26600e-012    4.95423e-005    1.67004e-002    0.00000e+000
  839    6.15100e-012    5.45295e-005    1.58607e-002    0.00000e+000
  840    7.59100e-012    6.41902e-005    2.10406e-002    0.00000e+000
  841    3.70200e-012    4.90716e-005    1.84451e-002    0.00000e+000
  842    3.61400e-012    4.76214e-005    1.89749e-002    0.00000e+000
  843    6.06300e-012    5.23264e-005    2.31928e-002    0.00000e+000
  844    4.80900e-012    5.02661e-005    1.69528e-002    0.00000e+000
  845    1.07450e-011    5.42482e-005    1.48379e-002    0.00000e+000
  846    5.75500e-012    5.64399e-005    1.69021e-002    0.00000e+000
  847    1.19540e-011    6.53375e-005    2.04937e-002    0.00000e+000
  848    1.26910e-011    5.97601e-005    1.71352e-002    0.00000e+000
  849    7.87800e-012    6.26745e-005    1.62623e-002    0.00000e+000
  850    6.44200e-012    5.88051e-005    1.88841e-002    0.00000e+000
  851    7.01700e-012    6.03719e-005    1.65726e-002    0.00000e+000
  852    4.01100e-012    4.99769e-005    2.11754e-002    0.00000e+000
  853    6.76800e-012    5.30677e-005    1.48662e-002    0.00000e+000
  854    3.20900e-012    5.46381e-005    2.08040e-002    0.00000e+000
  855    3.01600e-012    5.90843e-005    1.60001e-002    0.00000e+000
  856    4.77900e-012    5.65496e-005    2.02996e-002    0.00000e+000
  857    1.31010e-011    6.96516e-005    1.43840e-002    0.00000e+000
  858    3.09100e-012    4.89185e-005    2.08277e-002    0.00000e+000
  859    5.87500e-012    5.40162e-005    1.90509e-002    0.00000e+000
  860    5.93400e-012    5.89479e-005    2.13380e-002    0.00000e+000
  861    3.68000e-012    5.46268e-005    1.80249e-002    0.00000e+000
  862    2.74730e-011    8.81532e-005    1.02738e-002    0.00000e+000
  863    8.98900e-012    6.30482e-005    1.96254e-002    0.00000e+000
  864    1.24820e-011    7.15642e-005    1.94686e-002    0.00000e+000
  865    1.97530e-011    7.78641e-005    1.56136e-002    0.00000e+000
  866    9.89700e-012    5.92539e-005    1.47045e-002    0.00000e+000
  867    8.46400e-012    6.81647e-005    1.81460e-002    0.00000e+000
  868    6.72900e-012    5.99676e-005    1.64008e-002    0.00000e+000
  869    1.22500e-011    6.38983e-005    2.23742e-002    0.00000e+000
  870    9.55500e-012    6.38034e-005    1.66632e-002    0.00000e+000
  871    6.95100e-012    5.64665e-005    1.50412e-002    0.00000e+000
  872    5.36500e-012    5.71525e-005    1.71863e-002    0.00000e+000
  873    4.16200e-012    5.89517e-005    1.97654e-002    0.00000e+000
  874    8.41500e-012    5.27211e-005    1.42389e-002    0.00000e+000
  875    3.96000e-012    5.33341e-005    2.62911e-002    0.00000e+000
  876    1.37460e-011    7.49853e-005    1.59884e-002    0.00000e+000
  877    3.52300e-012    5.75124e-005    2.01854e-002    0.00000e+000
  878    9.03400e-012    6.16227e-005    1.67775e-002    0.00000e+000
  879    4.87300e-012    5.34026e-005    1.93694e-002    0.00000e+000
  880    1.23610e-011    7.20750e-005    1.42332e-002    0.00000e+000
  881    6.13300e-012    5.93090e-005    1.44019e-002    0.00000e+000
  882    4.20400e-012    5.65478e-005    1.72835e-002    0.00000e+000
  883    4.13100e-012    5.94271e-005    2.34437e-002    0.00000e+000
  884    2.88200e-012    4.91935e-005    2.25856e-002    0.00000e+000
  885    5.26200e-012    5.21826e-005    2.01073e-002    0.00000e+000
  886    9.70300e-012    6.86532e-005    1.70393e-002    0.00000e+000
  887    3.74200e-012    5.13355e-005    2.25609e-002    0.00000e+000
  888    3.71400e-012    5.71585e-005    2.24976e-002    0.00000e+000
  889    4.92100e-012    5.19392e-005    1.83472e-002    0.00000e+000
  890    9.49400e-012    7.03119e-005    1.81401e-002    0.00000e+000
  891    8.07000e-012    5.90803e-005    1.80995e-002    0.00000e+000
  892    9.46900e-012    6.32867e-005    1.42621e-002    0.00000e+000
  893    6.42800e-012    6.00187e-005    1.57142e-002    0.00000e+000
  894    8.25900e-012    5.87077e-005    1.28122e-002    0.00000e+000
  895    6.73700e-012    6.16603e-005    2.16103e-002    0.00000e+000
  896    5.69800e-012    5.18257e-005    1.97355e-002    0.00000e+000
  897    5.27900e-012    5.76474e-005    1.68435e-002    0.00000e+000
  898    7.42900e-012    6.29832e-005    1.68699e-002    0.00000e+000
  899    4.89200e-012    5.90132e-005    2.04020e-002    0.00000e+000
  900    4.35900e-012    5.49393e-005    1.81216e-002    0.00000e+000
  901    6.88700e-012    5.66800e-005    1.82087e-002    0.00000e+000
  902    1.81220e-011    6.55595e-005    1.27384e-002    0.00000e+000
  903    1.61840e-011    7.01433e-005    1.17487e-002    0.00000e+000
  904    9.32300e-012    6.31932e-005    1.52959e-002    0.00000e+000
  905    1.61590e-011    8.33327e-005    1.73022e-002    0.00000e+000
  906    7.28000e-012    5.55133e-005    2.29493e-002    0.00000e+000
  907    8.11400e-012    6.85945e-005    1.87456e-002    0.00000e+000
  908    3.62700e-012    5.31509e-005    2.17548e-002    0.00000e+000
  909    2.72940e-011    8.32860e-005    1.24273e-002    0.00000e+000
  910    3.10700e-012    5.71069e-005    3.39365e-002    0.00000e+000
  911    1.31360e-011    7.05919e-005    2.16911e-002    0.00000e+000
  912    6.64500e-012    5.33473e-005    2.42165e-002    0.00000e+000
  913    4.65000e-012    5.85266e-005    2.48528e-002    0.00000e+000
  914    5.51200e-012    6.00629e-005    1.87351e-002    0.00000e+000
  915    8.52100e-012    5.38775e-005    1.87677e-002    0.00000e+000
  916    5.20000e-012    5.15806e-005    1.76685e-002    0.00000e+000
  917    4.04400e-012    5.28208e-005    1.77803e-002    0.00000e+000
  918    6.45000e-012    5.72495e-005    1.70197e-002    0.00000e+000
  919    4.60200e-012    5.82695e-005    2.03624e-002    0.00000e+000
  920    5.42300e-012    5.76994e-005    1.79229e-002    0.00000e+000
  921    6.71200e-012    5.91291e-005    1.85771e-002    0.00000e+000
  922    2.50810e-011    7.32786e-005    1.99366e-002    0.00000e+000
  923    1.93260e-011    8.51730e-005    1.46173e-002    0.00000e+000
  924    1.21640e-011    6.11842e-005    1.71655e-002    0.00000e+000
  925    2.97930e-011    1.02705e-004    1.75911e-002    0.00000e+000
  926    1.11920e-011    7.07100e-005    1.48453e-002    0.00000e+000
  927    1.09630e-011    7.81453e-005    1.56151e-002    0.00000e+000
  928    8.81400e-012    7.04913e-005    1.76249e-002    0.00000e+000
  929    8.98900e-012    6.42520e-005    1.66843e-002    0.00000e+000
  930    7.15700e-012    5.66056e-005    2.06935e-002    0.00000e+000
  931    6.78000e-012    5.59541e-005    1.75224e-002    0.00000e+000
  932    4.55800e-012    5.42528e-005    1.82081e-002    0.00000e+000
  933    2.68270e-011    9.36548e-005    1.52722e-002    0.00000e+000
  934    4.57000e-012    5.93460e-005    1.69401e-002    0.00000e+000
  935    6.54200e-012    5.76040e-005    1.89610e-002    0.00000e+000
  936    4.74700e-012    6.08904e-005    1.92069e-002    0.00000e+000
  937    1.26000e-011    6.43651e-005    1.70263e-002    0.00000e+000
  938    3.93500e-012    5.21441e-005    2.52612e-002    0.00000e+000
  939    5.41500e-012    5.18707e-005    1.65099e-002    0.00000e+000
  940    1.03040e-011    6.69580e-005    1.55306e-002    0.00000e+000
  941    1.44570e-011    5.65033e-005    1.08100e-002    0.00000e+000
  942    1.56770e-011    7.19443e-005    1.29474e-002    0.00000e+000
  943    1.49130e-011    7.17950e-005    1.41964e-002    0.00000e+000
  944    3.57800e-012    5.56047e-005    1.71721e-002    0.00000e+000
  945    4.97100e-012    5.87288e-005    2.09400e-002    0.00000e+000
  946    4.90600e-012    5.60625e-005    2.03820e-002    0.00000e+000
  947    1.89630e-011    6.52125e-005    1.25786e-002    0.00000e+000
  948    5.74400e-012    5.75787e-005    1.86965e-002    0.00000e+000
  949    3.87300e-012    5.70336e-005    2.01850e-002    0.00000e+000
  950    6.26450e-012    5.92881e-005    1.73065e-002    0.00000e+000
  951    8.64800e-012    5.86389e-005    1.99356e-002    0.00000e+000
  952    5.47200e-012    5.47011e-005    1.82831e-002    0.00000e+000
  953    6.87700e-012    6.00823e-005    1.99758e-002    0.00000e+000
  954    6.45000e-012    6.02873e-005    1.45998e-002    0.00000e+000
  955    6.31300e-012    6.39358e-005    1.76782e-002    0.00000e+000
  956    9.00500e-012    5.93255e-005    1.66350e-002    0.00000e+000
  957    5.47000e-012    6.20029e-005    1.74267e-002    0.00000e+000
  958    6.49700e-012    5.41228e-005    2.04236e-002    0.00000e+000
  959    1.38520e-011    7.51830e-005    1.36384e-002    0.00000e+000
  960    4.72000e-012    6.38900e-005    1.65836e-002    0.00000e+000
  961    2.19940e-011    8.85978e-005    1.58974e-002    0.00000e+000
  962    6.62100e-012    5.73752e-005    2.20196e-002    0.00000e+000
  963    6.69800e-012    5.40836e-005    2.02180e-002    0.00000e+000
  964    6.42700e-012    5.34299e-005    1.81773e-002    0.00000e+000
  965    9.03500e-012    6.30928e-005    1.92401e-002    0.00000e+000
  966    7.57100e-012    5.53749e-005    1.76547e-002    0.00000e+000
  967    5.16700e-012    5.65711e-005    2.26908e-002    0.00000e+000
  968    1.61690e-011    9.31850e-005    1.91105e-002    0.00000e+000
  969    1.14740e-011    6.57754e-005    1.67668e-002    0.00000e+000
  970    6.24300e-012    6.51038e-005    1.75385e-002    0.00000e+000
  971    1.63060e-011    8.19112e-005    1.49417e-002    0.00000e+000
  972    7.31800e-012    6.82115e-005    1.89805e-002    0.00000e+000
  973    1.61930e-011    6.16080e-005    1.56924e-002    0.00000e+000
  974    5.26300e-012    5.87864e-005    2.30419e-002    0.00000e+000
  975    8.42600e-012    6.83029e-005    1.93793e-002    0.00000e+000
  976    3.97600e-012    5.57808e-005    2.38497e-002    0.00000e+000
  977    5.20400e-012    6.06442e-005    2.07592e-002    0.00000e+000
  978    5.60800e-012    5.96290e-005    2.11615e-002    0.00000e+000
  979    6.07300e-012    5.49031e-005    1.78350e-002    0.00000e+000
  980    7.58500e-012    6.17341e-005    1.54730e-002    0.00000e+000
  981    9.78400e-012    5.42917e-005    1.23344e-002    0.00000e+000
  982    9.04700e-012    6.77825e-005    2.68171e-002    0.00000e+000
  983    5.45500e-012    6.00516e-005    2.30812e-002    0.00000e+000
  984    5.15700e-012    5.70059e-005    1.72226e-002    0.00000e+000
  985    1.18720e-011    7.81342e-005    1.94336e-002    0.00000e+000
  986    1.68930e-011    7.05419e-005    1.34881e-002    0.00000e+000
  987    1.33700e-011    6.76812e-005    1.23554e-002    0.00000e+000
  988    2.38370e-011    7.69148e-005    1.17053e-002    0.00000e+000
  989    1.26570e-011    5.79502e-005    1.84273e-002    0.00000e+000
  990    5.35400e-012    5.96978e-005    1.72194e-002    0.00000e+000
  991    7.76400e-012    6.32752e-005    1.96636e-002    0.00000e+000
  992    1.35380e-011    7.49522e-005    1.48370e-002    0.00000e+000
  993    3.42500e-012    5.88603e-005    1.71177e-002    0.00000e+000
  994    1.43190e-011    6.96919e-005    1.63837e-002    0.00000e+000
  995    1.71410e-011    6.93831e-005    1.46257e-002    0.00000e+000
  996    7.73000e-012    6.41019e-005    1.45700e-002    0.00000e+000
  997    2.01290e-011    7.30087e-005    1.27702e-002    0.00000e+000
  998    5.68300e-012    6.06591e-005    2.06262e-002    0.00000e+000
  999    5.63300e-012    5.64536e-005    1.51729e-002    0.00000e+000
 1000    5.92900e-012    6.01597e-005    2.32103e-002    0.00000e+000
 1001    5.50500e-012    6.46308e-005    1.63881e-002    0.00000e+000
 1002    1.79040e-011    6.54841e-005    1.16804e-002    0.00000e+000
 1003    1.14760e-011    7.38618e-005    2.41238e-002    0.00000e+000
 1004    1.41220e-011    7.14075e-005    1.59669e-002    0.00000e+000
 1005    7.84900e-012    6.20770e-005    1.74834e-002    0.00000e+000
 1006    4.93500e-012    6.68658e-005    1.89349e-002    0.00000e+000
 1007    7.34500e-012    6.18347e-005    1.73882e-002    0.00000e+000
 1008    1.85810e-011    8.51593e-005    1.41683e-002    0.00000e+000
 1009    5.81600e-012    6.62711e-005    2.05344e-002    0.00000e+000
 1010    1.07890e-011    6.78442e-005    1.38662e-002    0.00000e+000
 1011    5.34600e-012    6.37076e-005    1.57359e-002    0.00000e+000
 1012    4.56800e-012    5.96056e-005    2.15037e-002    0.00000e+000
 1013    4.41800e-012    6.44989e-005    1.82758e-002    0.00000e+000
 1014    1.24170e-011    7.17452e-005    1.35867e-002    0.00000e+000
 1015    4.61200e-012    6.56678e-005    2.22859e-002    0.00000e+000
 1016    6.79500e-012    6.13515e-005    1.97813e-002    0.00000e+000
 1017    7.67100e-012    6.04828e-005    2.03694e-002    0.00000e+000
 1018    8.74100e-012    6.25102e-005    1.50390e-002    0.00000e+000
 1019    1.04660e-011    6.42427e-005    1.39289e-002    0.00000e+000
 1020    5.80000e-012    6.43037e-005    1.85167e-002    0.00000e+000
 1021    2.14080e-011    8.14303e-005    1.17381e-002    0.00000e+000
 1022    7.18400e-012    6.50356e-005    1.50321e-002    0.00000e+000
 1023    8.59700e-012    6.52556e-005    1.75969e-002    0.00000e+000
 1024    5.34000e-012    6.16408e-005    1.74654e-002    0.00000e+000
 1025    1.60690e-011    6.76314e-005    1.34569e-002    0.00000e+000
 1026    6.04000e-012    6.34898e-005    1.71074e-002    0.00000e+000
 1027    5.80000e-012    5.75962e-005    1.75787e-002    0.00000e+000
 1028    7.22700e-012    6.24721e-005    2.33568e-002    0.00000e+000
 1029    4.50000e-012    5.99175e-005    1.83288e-002    0.00000e+000
 1030    8.81300e-012    6.69508e-005    2.09526e-002    0.00000e+000
 1031    1.13300e-011    6.00880e-005    1.70409e-002    0.00000e+000
 1032    1.32810e-011    6.74828e-005    1.52236e-002    0.00000e+000
 1033    2.23600e-011    8.08332e-005    1.38994e-002    0.00000e+000
 1034    8.56500e-012    6.25540e-005    2.03976e-002    0.00000e+000
 1035    2.73980e-011    7.73489e-005    1.38326e-002    0.00000e+000
 1036    6.55100e-012    6.36641e-005    1.84235e-002    0.00000e+000
 1037    1.35360e-011    9.23775e-005    1.66748e-002    0.00000e+000
 1038    6.05000e-012    6.39135e-005    1.73844e-002    0.00000e+000
 1039    8.67700e-012    6.00301e-005    1.87449e-002    0.00000e+000
 1040    1.08840e-011    6.77456e-005    1.47572e-002    0.00000e+000
 1041    5.25100e-012    6.28718e-005    1.87551e-002    0.00000e+000
 1042    6.27800e-012    5.98409e-005    2.48649e-002    0.00000e+000
 1043    6.36700e-012    6.09685e-005    1.66490e-002    0.00000e+000
 1044    1.22060e-011    7.68218e-005    2.25218e-002    0.00000e+000
 1045    1.16890e-011    6.97749e-005    1.50201e-002    0.00000e+000
 1046    6.10900e-012    6.77427e-005    1.71316e-002    0.00000e+000
 1047    5.00100e-012    6.92159e-005    2.02394e-002    0.00000e+000
 1048    9.42100e-012    6.19120e-005    1.93974e-002    0.00000e+000
 1049    7.98600e-012    5.83660e-005    2.59825e-002    0.00000e+000
 1050    4.06770e-011    1.13944e-004    1.11522e-002    0.00000e+000
 1051    9.42300e-012    6.73841e-005    1.69023e-002    0.00000e+000
 1052    6.62200e-012    6.35304e-005    2.26361e-002    0.00000e+000
 1053    2.00170e-011    7.43095e-005    1.21272e-002    0.00000e+000
 1054    6.84600e-012    6.88820e-005    1.80808e-002    0.00000e+000
 1055    6.75200e-012    6.59826e-005    1.68766e-002    0.00000e+000
 1056    4.80700e-012    6.86357e-005    1.81525e-002    0.00000e+000
 1057    9.56300e-012    6.78579e-005    1.56345e-002    0.00000e+000
 1058    5.35800e-012    6.17045e-005    2.18965e-002    0.00000e+000
 1059    6.37300e-012    6.72063e-005    1.96074e-002    0.00000e+000
 1060    6.41000e-012    6.91878e-005    1.79134e-002    0.00000e+000
 1061    5.50500e-012    6.41159e-005    2.43183e-002    0.00000e+000
 1062    8.61900e-012    6.95286e-005    1.77372e-002    0.00000e+000
 1063    1.08870e-011    6.67801e-005    1.40180e-002    0.00000e+000
 1064    2.07600e-011    9.44674e-005    1.54895e-002    0.00000e+000
 1065    4.55400e-012    6.78821e-005    2.13760e-002    0.00000e+000
 1066    7.06430e-011    1.00627e-004    1.02058e-002    0.00000e+000
 1067    7.95800e-012    6.96003e-005    2.29495e-002    0.00000e+000
 1068    9.45900e-012    6.89794e-005    1.70134e-002    0.00000e+000
 1069    9.19600e-012    6.26698e-005    1.50234e-002    0.00000e+000
 1070    6.91300e-012    6.80695e-005    1.99578e-002    0.00000e+000
 1071    7.28900e-012    6.94922e-005    1.72794e-002    0.00000e+000
 1072    2.04770e-011    7.02678e-005    1.84288e-002    0.00000e+000
 1073    7.42500e-012    6.97471e-005    1.67070e-002    0.00000e+000
 1074    1.00640e-011    7.90091e-005    1.54589e-002    0.00000e+000
 1075    9.24700e-012    7.41730e-005    1.69809e-002    0.00000e+000
 1076    9.01300e-012    6.76776e-005    2.03268e-002    0.00000e+000
 1077    2.19390e-011    7.85327e-005    1.45770e-002    0.00000e+000
 1078    2.64540e-011    1.04869e-004    1.66253e-002    0.00000e+000
 1079    1.29220e-011    7.63650e-005    2.00874e-002    0.00000e+000
 1080    9.80200e-012    6.88772e-005    1.78167e-002    0.00000e+000
 1081    2.18290e-011    8.59365e-005    1.31334e-002    0.00000e+000
 1082    6.82000e-012    6.32753e-005    2.08738e-002    0.00000e+000
 1083    4.69900e-012    6.67235e-005    2.06796e-002    0.00000e+000
 1084    4.77900e-012    6.01563e-005    2.68982e-002    0.00000e+000
 1085    4.83900e-012    6.42876e-005    2.27506e-002    0.00000e+000
 1086    5.73100e-012    6.01951e-005    1.56163e-002    0.00000e+000
 1087    5.58300e-012    6.54552e-005    1.74184e-002    0.00000e+000
 1088    8.47700e-012    6.18841e-005    1.56180e-002    0.00000e+000
 1089    1.01440e-011    6.50976e-005    1.84606e-002    0.00000e+000
 1090    8.05800e-012    6.95725e-005    1.98797e-002    0.00000e+000
 1091    7.18600e-012    6.58828e-005    1.65798e-002    0.00000e+000
 1092    9.74300e-012    7.03371e-005    1.87182e-002    0.00000e+000
 1093    5.40230e-011    1.27385e-004    1.09721e-002    0.00000e+000
 1094    7.80100e-012    6.68800e-005    1.19356e-002    0.00000e+000
 1095    6.41600e-012    6.57180e-005    1.88356e-002    0.00000e+000
 1096    1.91990e-011    6.57533e-005    1.65429e-002    0.00000e+000
 1097    3.35590e-011    9.46557e-005    1.15760e-002    0.00000e+000
 1098    2.04430e-011    8.03870e-005    1.27191e-002    0.00000e+000
 1099    8.91700e-012    6.14012e-005    1.74617e-002    0.00000e+000
 1100    9.20200e-012    7.73044e-005    1.82354e-002    0.00000e+000
 1101    1.08520e-011    6.64315e-005    1.65396e-002    0.00000e+000
 1102    1.03460e-011    6.72984e-005    1.45056e-002    0.00000e+000
 1103    8.58200e-012    6.39792e-005    1.59385e-002    0.00000e+000
 1104    1.44870e-011    6.71594e-005    1.67188e-002    0.00000e+000
 1105    2.94990e-011    8.24753e-005    1.23290e-002    0.00000e+000
 1106    1.20460e-011    6.66996e-005    1.28556e-002    0.00000e+000
 1107    3.67750e-011    8.87212e-005    1.30657e-002    0.00000e+000
 1108    1.80970e-011    7.78199e-005    1.59257e-002    0.00000e+000
 1109    6.23600e-012    6.25291e-005    2.27336e-002    0.00000e+000
 1110    1.84690e-011    7.75045e-005    1.71128e-002    0.00000e+000
 1111    5.20100e-012    6.56010e-005    1.95610e-002    0.00000e+000
 1112    1.00680e-011    6.23711e-005    1.52904e-002    0.00000e+000
 1113    9.60500e-012    6.95324e-005    1.38188e-002    0.00000e+000
 1114    1.57640e-011    7.22708e-005    1.41984e-002    0.00000e+000
 1115    1.14240e-011    6.27377e-005    1.30284e-002    0.00000e+000
 1116    1.41650e-011    6.83106e-005    1.82762e-002    0.00000e+000
 1117    9.56200e-012    7.03518e-005    1.83588e-002    0.00000e+000
 1118    8.68000e-012    6.55618e-005    1.50594e-002    0.00000e+000
 1119    2.48980e-011    7.69266e-005    1.34643e-002    0.00000e+000
 1120    1.14160e-011    7.72321e-005    1.21069e-002    0.00000e+000
 1121    1.33940e-011    6.62536e-005    1.65274e-002    0.00000e+000
 1122    7.67400e-012    6.59062e-005    1.31989e-002    0.00000e+000
 1123    7.34800e-012    6.86196e-005    1.85053e-002    0.00000e+000
 1124    1.59340e-011    7.81048e-005    1.47218e-002    0.00000e+000
 1125    9.40200e-012    6.93520e-005    1.82327e-002    0.00000e+000
 1126    9.71900e-012    6.97164e-005    1.58962e-002    0.00000e+000
 1127    1.73160e-011    8.79588e-005    1.45779e-002    0.00000e+000
 1128    1.38380e-011    6.54152e-005    1.57556e-002    0.00000e+000
 1129    9.36200e-012    6.94137e-005    2.12416e-002    0.00000e+000
 1130    1.16090e-011    6.97954e-005    1.64482e-002    0.00000e+000
 1131    1.06420e-011    6.98669e-005    1.42393e-002    0.00000e+000
 1132    4.67100e-012    6.97807e-005    2.57722e-002    0.00000e+000
 1133    3.32905e-011    1.04300e-004    1.30220e-002    0.00000e+000
 1134    2.19800e-011    8.27492e-005    1.26186e-002    0.00000e+000
 1135    1.54890e-011    8.50315e-005    1.39344e-002    0.00000e+000
 1136    2.17470e-011    8.30922e-005    1.38134e-002    0.00000e+000
 1137    2.76890e-011    9.60525e-005    1.55097e-002    0.00000e+000
 1138    1.49000e-011    6.69898e-005    1.82663e-002    0.00000e+000
 1139    8.82600e-012    6.42227e-005    1.72561e-002    0.00000e+000
 1140    1.00630e-011    6.84854e-005    1.54279e-002    0.00000e+000
 1141    6.43400e-012    6.67508e-005    1.94552e-002    0.00000e+000
 1142    9.58800e-012    6.56726e-005    1.66950e-002    0.00000e+000
 1143    2.51940e-011    7.93588e-005    1.17671e-002    0.00000e+000
 1144    5.63600e-012    6.41483e-005    1.56344e-002    0.00000e+000
 1145    7.31400e-012    6.83504e-005    1.66757e-002    0.00000e+000
 1146    2.30830e-011    7.45564e-005    1.10453e-002    0.00000e+000
 1147    1.71000e-011    9.05324e-005    1.20953e-002    0.00000e+000
 1148    2.24830e-011    8.70691e-005    1.95445e-002    0.00000e+000
 1149    2.57310e-011    9.41153e-005    1.37333e-002    0.00000e+000
 1150    1.33490e-011    8.17314e-005    1.67567e-002    0.00000e+000
 1151    2.56650e-011    7.70802e-005    1.34781e-002    0.00000e+000
 1152    1.10410e-011    6.97958e-005    1.37674e-002    0.00000e+000
 1153    1.69240e-011    7.87485e-005    1.35909e-002    0.00000e+000
 1154    1.58810e-011    9.32296e-005    1.87717e-002    0.00000e+000
 1155    1.08550e-011    7.23816e-005    1.46427e-002    0.00000e+000
 1156    1.45750e-011    8.31342e-005    1.30861e-002    0.00000e+000
 1157    1.36870e-011    6.91584e-005    1.61767e-002    0.00000e+000
 1158    1.91710e-011    8.06436e-005    1.29875e-002    0.00000e+000
 1159    1.29860e-011    6.79916e-005    1.85797e-002    0.00000e+000
 1160    1.51780e-011    8.47759e-005    1.70658e-002    0.00000e+000
 1161    7.00800e-012    6.42414e-005    1.81085e-002    0.00000e+000
 1162    9.88400e-012    7.91753e-005    1.90573e-002    0.00000e+000
 1163    6.95500e-012    7.12773e-005    2.08882e-002    0.00000e+000
 1164    1.87380e-011    8.42248e-005    1.62731e-002    0.00000e+000
 1165    1.85340e-011    7.84887e-005    1.30552e-002    0.00000e+000
 1166    1.17460e-011    7.53704e-005    1.74154e-002    0.00000e+000
 1167    2.39450e-011    8.99552e-005    1.97997e-002    0.00000e+000
 1168    7.04100e-012    7.35396e-005    2.39047e-002    0.00000e+000
 1169    1.46730e-011    7.62218e-005    1.24233e-002    0.00000e+000
 1170    5.82300e-012    6.51173e-005    1.94101e-002    0.00000e+000
 1171    1.56220e-011    7.59488e-005    1.52534e-002    0.00000e+000
 1172    1.35890e-011    6.83224e-005    1.33606e-002    0.00000e+000
 1173    1.51750e-011    7.51555e-005    2.03831e-002    0.00000e+000
 1174    1.34690e-011    8.70535e-005    1.30995e-002    0.00000e+000
 1175    1.18220e-011    6.56210e-005    1.48005e-002    0.00000e+000
 1176    1.12720e-011    7.43837e-005    2.17139e-002    0.00000e+000
 1177    8.11900e-012    7.47816e-005    1.86998e-002    0.00000e+000
 1178    3.23340e-011    8.40619e-005    1.21426e-002    0.00000e+000
 1179    2.20250e-011    9.38934e-005    1.57574e-002    0.00000e+000
 1180    9.75200e-012    7.96863e-005    1.81398e-002    0.00000e+000
 1181    1.13560e-011    7.06922e-005    1.75884e-002    0.00000e+000
 1182    1.27770e-011    7.19961e-005    1.72690e-002    0.00000e+000
 1183    1.02670e-011    7.51646e-005    1.41803e-002    0.00000e+000
 1184    7.59000e-012    6.92422e-005    1.63373e-002    0.00000e+000
 1185    1.76620e-011    7.72670e-005    1.24441e-002    0.00000e+000
 1186    1.33840e-011    7.22108e-005    2.48599e-002    0.00000e+000
 1187    1.98260e-011    7.60584e-005    1.20462e-002    0.00000e+000
 1188    1.16390e-011    7.30729e-005    1.27970e-002    0.00000e+000
 1189    5.49800e-011    1.14568e-004    8.76659e-003    0.00000e+000
 1190    9.40400e-012    7.64571e-005    1.78673e-002    0.00000e+000
 1191    1.21980e-011    7.94651e-005    1.71657e-002    0.00000e+000
 1192    8.89300e-012    7.55660e-005    1.81184e-002    0.00000e+000
 1193    7.85300e-012    7.16377e-005    1.65435e-002    0.00000e+000
 1194    1.63030e-011    8.66327e-005    1.64034e-002    0.00000e+000
 1195    8.38200e-012    7.69588e-005    1.88634e-002    0.00000e+000
 1196    1.67670e-011    7.51665e-005    1.55955e-002    0.00000e+000
 1197    1.01760e-011    6.90991e-005    1.60904e-002    0.00000e+000
 1198    1.06230e-011    7.01631e-005    1.20267e-002    0.00000e+000
 1199    1.49240e-011    7.06649e-005    1.13648e-002    0.00000e+000
 1200    2.22610e-011    7.96240e-005    1.79615e-002    0.00000e+000
 1201    1.06800e-011    7.79135e-005    2.72014e-002    0.00000e+000
 1202    1.32930e-011    8.01303e-005    1.63530e-002    0.00000e+000
 1203    1.43420e-011    7.58326e-005    1.45962e-002    0.00000e+000
 1204    1.08210e-011    7.29280e-005    1.52279e-002    0.00000e+000
 1205    2.47600e-011    9.37930e-005    2.22716e-002    0.00000e+000
 1206    1.36600e-011    7.79989e-005    1.80255e-002    0.00000e+000
 1207    1.20110e-011    7.66131e-005    1.87868e-002    0.00000e+000
 1208    7.35000e-012    7.74584e-005    2.07314e-002    0.00000e+000
 1209    1.53990e-011    8.27863e-005    1.53054e-002    0.00000e+000
 1210    1.09470e-011    8.14925e-005    1.82647e-002    0.00000e+000
 1211    1.50200e-011    8.11403e-005    2.02612e-002    0.00000e+000
 1212    1.84130e-011    7.73836e-005    1.29832e-002    0.00000e+000
 1213    1.52120e-011    7.08494e-005    1.35361e-002    0.00000e+000
 1214    2.54930e-011    7.23734e-005    1.14654e-002    0.00000e+000
 1215    1.00840e-011    7.37881e-005    2.01961e-002    0.00000e+000
 1216    8.31000e-012    7.54145e-005    1.69940e-002    0.00000e+000
 1217    3.43050e-011    1.09413e-004    1.56381e-002    0.00000e+000
 1218    1.67320e-011    8.20490e-005    1.63692e-002    0.00000e+000
 1219    1.08370e-011    7.98322e-005    1.54457e-002    0.00000e+000
 1220    1.38320e-011    7.54826e-005    1.66641e-002    0.00000e+000
 1221    1.17310e-011    7.13399e-005    1.70126e-002    0.00000e+000
 1222    9.64900e-012    7.37985e-005    2.35840e-002    0.00000e+000
 1223    2.27680e-011    8.34172e-005    1.41190e-002    0.00000e+000
 1224    4.45810e-011    1.02025e-004    1.68060e-002    0.00000e+000
 1225    2.89890e-011    9.11974e-005    1.43546e-002    0.00000e+000
 1226    2.00160e-011    9.14670e-005    1.28232e-002    0.00000e+000
 1227    1.98510e-011    7.65181e-005    1.23881e-002    0.00000e+000
 1228    2.41150e-011    8.79495e-005    1.52383e-002    0.00000e+000
 1229    1.91950e-011    9.41894e-005    1.61982e-002    0.00000e+000
 1230    1.91230e-011    7.65607e-005    1.74790e-002    0.00000e+000
 1231    1.41300e-011    8.31312e-005    1.57985e-002    0.00000e+000
 1232    2.73230e-011    9.92380e-005    1.19429e-002    0.00000e+000
 1233    1.72820e-011    7.57584e-005    1.42306e-002    0.00000e+000
 1234    1.47540e-011    7.97412e-005    1.47109e-002    0.00000e+000
 1235    1.30360e-011    7.48802e-005    1.44868e-002    0.00000e+000
 1236    4.58280e-011    1.17396e-004    1.38404e-002    0.00000e+000
 1237    2.73290e-011    7.51964e-005    1.29288e-002    0.00000e+000
 1238    2.04570e-011    8.43689e-005    1.36741e-002    0.00000e+000
 1239    4.32100e-011    1.09644e-004    1.54108e-002    0.00000e+000
 1240    1.46720e-011    8.59184e-005    1.68726e-002    0.00000e+000
 1241    1.68460e-011    9.00863e-005    1.24091e-002    0.00000e+000
 1242    2.30860e-011    9.86274e-005    1.41722e-002    0.00000e+000
 1243    1.31120e-011    7.79767e-005    1.78605e-002    0.00000e+000
 1244    1.64200e-011    7.52156e-005    1.54536e-002    0.00000e+000
 1245    1.99180e-011    8.33889e-005    1.38031e-002    0.00000e+000
 1246    2.08680e-011    8.12121e-005    1.54285e-002    0.00000e+000
 1247    1.66170e-011    9.02149e-005    1.70310e-002    0.00000e+000
 1248    1.94350e-011    8.14393e-005    1.45949e-002    0.00000e+000
 1249    2.73410e-011    9.87247e-005    1.37127e-002    0.00000e+000
 1250    1.04340e-011    7.59394e-005    1.72342e-002    0.00000e+000
 1251    2.29390e-011    9.02513e-005    1.22211e-002    0.00000e+000
 1252    1.00070e-011    8.39983e-005    2.34006e-002    0.00000e+000
 1253    1.62810e-011    8.75829e-005    1.83451e-002    0.00000e+000
 1254    1.92420e-011    8.16678e-005    1.69857e-002    0.00000e+000
 1255    4.73510e-011    1.06575e-004    1.28901e-002    0.00000e+000
 1256    1.64390e-011    8.05312e-005    1.41376e-002    0.00000e+000
 1257    1.26220e-011    7.76738e-005    1.55131e-002    0.00000e+000
 1258    2.98540e-011    1.00294e-004    1.62631e-002    0.00000e+000
 1259    7.63400e-012    7.94289e-005    1.71193e-002    0.00000e+000
 1260    4.99490e-011    1.11164e-004    1.18804e-002    0.00000e+000
 1261    1.70460e-011    8.48699e-005    1.19367e-002    0.00000e+000
 1262    1.19230e-011    8.49359e-005    1.76325e-002    0.00000e+000
 1263    2.58080e-011    7.89887e-005    1.19317e-002    0.00000e+000
 1264    4.17550e-011    9.37144e-005    1.25710e-002    0.00000e+000
 1265    2.96700e-011    9.28742e-005    1.13107e-002    0.00000e+000
 1266    3.46410e-011    1.08802e-004    1.49769e-002    0.00000e+000
 1267    3.41480e-011    1.11201e-004    1.36722e-002    0.00000e+000
 1268    1.94140e-011    8.12348e-005    1.32516e-002    0.00000e+000
 1269    3.58680e-011    8.25853e-005    1.55763e-002    0.00000e+000
 1270    1.54580e-011    8.31227e-005    1.30963e-002    0.00000e+000
 1271    2.99640e-011    8.86848e-005    1.51613e-002    0.00000e+000
 1272    1.26600e-011    8.54499e-005    1.74947e-002    0.00000e+000
 1273    2.27290e-011    8.96333e-005    1.67768e-002    0.00000e+000
 1274    2.64080e-011    9.81803e-005    1.92248e-002    0.00000e+000
 1275    1.60050e-011    7.83669e-005    1.52196e-002    0.00000e+000
 1276    1.52690e-011    8.90196e-005    1.61221e-002    0.00000e+000
 1277    2.08110e-011    8.24384e-005    1.61997e-002    0.00000e+000
 1278    1.37450e-011    9.17856e-005    2.12263e-002    0.00000e+000
 1279    3.42400e-011    9.48436e-005    1.47347e-002    0.00000e+000
 1280    1.81770e-011    9.21970e-005    1.24935e-002    0.00000e+000
 1281    1.77550e-011    8.17693e-005    1.48922e-002    0.00000e+000
 1282    1.31080e-011    8.84377e-005    1.64248e-002    0.00000e+000
 1283    2.74960e-011    9.16403e-005    1.49296e-002    0.00000e+000
 1284    2.54900e-011    9.33022e-005    1.57352e-002    0.00000e+000
 1285    3.77370e-011    1.02637e-004    1.26195e-002    0.00000e+000
 1286    1.26500e-011    8.37949e-005    1.44573e-002    0.00000e+000
 1287    3.55200e-011    1.07851e-004    1.63702e-002    0.00000e+000
 1288    2.98030e-011    9.24380e-005    1.62677e-002    0.00000e+000
 1289    2.58820e-011    8.76459e-005    1.30672e-002    0.00000e+000
 1290    1.93800e-011    9.71525e-005    1.38350e-002    0.00000e+000
 1291    1.89060e-011    9.58956e-005    1.69040e-002    0.00000e+000
 1292    7.95200e-011    1.30638e-004    1.09467e-002    0.00000e+000
 1293    1.30930e-011    9.79586e-005    1.50263e-002    0.00000e+000
 1294    2.94740e-011    9.66876e-005    1.33416e-002    0.00000e+000
 1295    2.19040e-011    8.87550e-005    1.70414e-002    0.00000e+000
 1296    4.27020e-011    1.06311e-004    1.15889e-002    0.00000e+000
 1297    2.50110e-011    9.88531e-005    1.22863e-002    0.00000e+000
 1298    6.48100e-011    9.69724e-005    9.20741e-003    0.00000e+000
 1299    5.12180e-011    9.93834e-005    1.03691e-002    0.00000e+000
 1300    3.03600e-011    1.18623e-004    1.57712e-002    0.00000e+000
 1301    3.22340e-011    9.92565e-005    1.42584e-002    0.00000e+000
 1302    3.04160e-011    1.04404e-004    1.44349e-002    0.00000e+000
 1303    3.24740e-011    1.03438e-004    1.61931e-002    0.00000e+000
 1304    6.10000e-013    1.32971e-005    9.39343e-003    0.00000e+000
 1305    1.08000e-013    7.29928e-006    2.41588e-002    0.00000e+000
 1306    2.60000e-014    9.48682e-006    3.10970e-002    0.00000e+000
 1307    7.00000e-014    1.25506e-005    2.32814e-002    0.00000e+000
 1308    4.20000e-014    8.19977e-006    2.97732e-002    0.00000e+000
 1309    3.30000e-014    6.28902e-006    3.80868e-002    0.00000e+000
 1310    8.10000e-014    3.22839e-006    2.33564e-002    0.00000e+000
 1311    2.30000e-014    1.15482e-006    3.12990e-002    0.00000e+000
 1312    2.80000e-014    6.28822e-006    3.53343e-002    0.00000e+000
 1313    1.70000e-014    2.35123e-006    3.29975e-002    0.00000e+000
 1314    2.20000e-014    2.84737e-006    2.99382e-002    0.00000e+000
 1315    8.31000e-013    2.30218e-005    2.60491e-002    0.00000e+000
 1316    2.90000e-014    7.11765e-006    3.81888e-002    0.00000e+000
 1317    2.30000e-014    1.27825e-005    3.12990e-002    0.00000e+000
 1318    5.70000e-014    1.20322e-005    3.48660e-002    0.00000e+000
 1319    4.90000e-014    2.51848e-006    2.91548e-002    0.00000e+000
 1320    2.90000e-014    1.87154e-006    3.71073e-002    0.00000e+000
 1321    6.30000e-014    1.02737e-005    1.99768e-002    0.00000e+000
 1322    5.30000e-014    1.71805e-005    3.58514e-002    0.00000e+000
 1323    7.80000e-014    7.67090e-006    3.99458e-002    0.00000e+000
