   900
     1    502      0 1.634443E-006 3.341327E-002 8.937564E-006
     2    498      0 5.075893E-007 3.404887E-002 3.997000E-006
     3    496      0 9.407497E-007 2.833945E-002 9.790611E-006
     4     -1    486 2.933081E-006 2.951442E-002 5.652612E-006
     5     -1    485 9.618528E-006 1.747165E-002 3.997000E-006
     6     -1    471 4.664007E-006 3.137299E-002 3.997000E-006
     7    470      0 6.696030E-006 3.223312E-002 3.997000E-006
     8    462      0 3.522238E-006 3.091929E-002 2.080977E-004
     9    461      0 7.342385E-006 4.219608E-002 8.240027E-005
    10     -1    459 2.954002E-006 3.235015E-002 8.920359E-005
    11     -1    458 6.975292E-005 3.416595E-002 3.997000E-006
    12     -1    452 2.511565E-005 3.189324E-002 7.750471E-005
    13    445      0 1.636331E-005 3.474557E-002 1.188540E-004
    14    438      0 2.632278E-005 2.753769E-002 8.103172E-005
    15    436      0 4.209218E-005 3.837213E-002 3.997000E-006
    16     -1    430 5.581717E-005 2.529086E-002 3.997000E-006
    17    428      0 1.122542E-006 2.602043E-002 2.007943E-004
    18    427      0 1.704425E-005 4.177901E-002 6.048559E-005
    19    426      0 2.142332E-005 2.584262E-002 1.223262E-004
    20    422      0 5.743277E-006 3.956824E-002 4.626862E-005
    21     -1    415 1.764675E-005 2.168435E-002 6.217873E-005
    22     -1    409 2.794106E-006 3.482147E-002 3.854567E-005
    23     -1    400 3.651930E-006 4.237360E-002 4.248869E-005
    24    389      0 2.953371E-006 2.763184E-002 1.564843E-004
    25    388      0 1.958719E-005 3.458039E-002 4.927833E-005
    26    386      0 1.630823E-005 2.673607E-002 7.604811E-005
    27     -1    381 1.387555E-005 4.688623E-002 5.778396E-005
    28     -1    378 7.877071E-006 3.537025E-002 3.641440E-005
    29    373      0 1.799704E-005 4.019173E-002 5.436508E-005
    30    367      0 2.982952E-006 3.217208E-002 1.139614E-004
    31    359      0 2.387456E-005 2.771754E-002 3.997000E-006
    32    349      0 3.017395E-006 4.092338E-002 4.118391E-005
    33     -1    345 2.517293E-005 2.991536E-002 3.997000E-006
    34     -1    339 2.685575E-006 3.392107E-002 5.954085E-005
    35     -1    336 2.039801E-005 2.984940E-002 3.997000E-006
    36     -1    333 1.260311E-005 3.236579E-002 3.706665E-005
    37     -1    328 6.088031E-006 4.848607E-002 2.185937E-004
    38    316      0 5.164772E-005 3.176722E-002 3.997000E-006
    39    315      0 1.658596E-006 2.130075E-002 1.490403E-004
    40     -1    310 3.812681E-005 2.872530E-002 3.997000E-006
    41     -1    306 1.965263E-005 2.852440E-002 3.997000E-006
    42    302      0 2.758524E-006 3.277942E-002 6.304216E-005
    43     -1    301 2.201305E-005 4.202257E-002 3.997000E-006
    44     -1    300 1.717659E-005 3.516119E-002 3.997000E-006
    45     -1    299 6.818217E-006 3.766539E-002 2.909860E-005
    46    289      0 1.769287E-005 1.953093E-002 3.997000E-006
    47     -1    282 3.842540E-006 2.472324E-002 5.299691E-005
    48    266      0 8.166978E-006 1.975836E-002 4.079286E-005
    49    264      0 1.441164E-005 3.868489E-002 3.997000E-006
    50     -1    261 5.505004E-006 3.414982E-002 2.330631E-005
    51     -1    260 1.765297E-005 3.152847E-002 3.997000E-006
    52    255      0 1.832781E-005 3.184490E-002 3.997000E-006
    53    254      0 1.320029E-005 3.896121E-002 3.997000E-006
    54    232      0 1.503051E-005 3.086968E-002 3.997000E-006
    55    227      0 8.674729E-006 2.835161E-002 3.997000E-006
    56    224      0 3.247786E-006 2.045403E-002 7.383147E-005
    57     -1    216 2.749108E-005 2.970783E-002 3.997000E-006
    58    214      0 6.711066E-007 3.855764E-002 1.742252E-005
    59     -1    209 8.559984E-006 3.517910E-002 3.997000E-006
    60    203      0 8.783354E-006 3.426444E-002 3.997000E-006
    61     -1    191 4.426256E-007 2.789171E-002 1.495540E-005
    62    187      0 8.669096E-006 3.268554E-002 3.997000E-006
    63     -1    184 2.413241E-006 3.969594E-002 1.495540E-005
    64    166      0 7.277888E-006 2.723686E-002 3.997000E-006
    65    152      0 6.497513E-006 4.016562E-002 3.997000E-006
    66     -1    142 1.294761E-005 2.432345E-002 3.997000E-006
    67    139      0 6.264241E-006 2.824969E-002 1.695783E-005
    68     -1    137 3.629745E-006 2.230275E-002 3.997000E-006
    69     -1    122 4.652561E-006 3.334500E-002 3.997000E-006
    70     -1    108 7.121056E-006 3.203207E-002 3.997000E-006
    71     -1     98 9.135631E-006 2.920584E-002 3.997000E-006
    72     -1     80 8.405918E-006 2.646171E-002 3.997000E-006
    73     66      0 1.368436E-006 2.776536E-002 1.199100E-005
    74     -1     36 1.731885E-006 3.285476E-002 3.997000E-006
    75     -1     25 1.662791E-006 2.640039E-002 3.997000E-006
    76     -1     24 1.584719E-006 1.617249E-002 3.997000E-006
    77     -1     12 4.636560E-006 1.778168E-002 1.130522E-005
    78     -1      8 5.360042E-006 3.348012E-002 3.997000E-006
    79      1      0 2.118592E-006 3.782540E-002 8.937564E-006
    80    122    328 2.840643E-006 3.066214E-002 3.589916E-004
    81     64    221 1.492602E-006 3.990372E-002 1.786995E-004
    82    442    317 4.671075E-007 2.840608E-002 2.679497E-004
    83    368    182 5.772211E-007 2.734815E-002 1.904438E-004
    84    422    238 2.971396E-006 3.439762E-002 2.366578E-004
    85    117    198 5.054222E-007 2.861670E-002 1.282529E-004
    86    389      1 3.248711E-006 2.611221E-002 1.802083E-004
    87    219    369 3.361020E-006 3.972997E-002 1.980747E-004
    88     99    468 1.948097E-006 2.626795E-002 3.580132E-004
    89    270    110 3.054502E-006 2.552779E-002 1.405550E-004
    90    429    403 2.844705E-006 3.397753E-002 4.518874E-004
    91    157    419 2.915406E-006 2.327357E-002 1.571766E-004
    92    373      1 2.794204E-006 3.369756E-002 1.628489E-004
    93    438    153 2.702973E-006 3.396451E-002 2.307228E-004
    94     80    353 1.052257E-006 2.798758E-002 1.543890E-004
    95      4    405 1.392698E-006 4.464164E-002 3.260196E-004
    96    301    408 3.823870E-006 2.662276E-002 2.361035E-004
    97     17    432 1.368436E-006 4.225011E-002 3.042845E-004
    98      2    303 2.855793E-006 3.899339E-002 1.356786E-004
    99    278    288 8.072191E-007 2.921640E-002 2.056918E-004
   100    437      3 2.799474E-006 3.501911E-002 2.511534E-004
   101      5    447 2.839435E-006 3.181499E-002 2.950674E-004
   102    360     65 3.431172E-006 3.117795E-002 1.397966E-004
   103    397     67 1.818771E-006 3.100681E-002 2.000100E-004
   104    385      4 1.133388E-006 3.510656E-002 1.514528E-004
   105      6      5 8.584883E-007 3.094495E-002 7.691654E-005
   106      7     46 3.244539E-006 4.143746E-002 6.394909E-005
   107     39    450 3.095452E-006 2.717737E-002 1.783385E-004
   108    171    433 1.506654E-006 2.762799E-002 3.299266E-004
   109    260      8 3.894901E-006 4.044769E-002 8.232357E-005
   110      9    293 2.147465E-006 3.898259E-002 1.290515E-004
   111    344     10 1.367228E-006 4.004151E-002 9.791557E-005
   112    179    371 3.456093E-006 3.360918E-002 1.478775E-004
   113    103    178 6.107053E-007 2.973203E-002 7.052459E-005
   114    348    433 1.129216E-006 2.875150E-002 4.751542E-004
   115    293     11 1.695044E-006 1.567749E-002 1.057220E-004
   116    332    280 3.496274E-006 3.431170E-002 1.466878E-004
   117    450    270 3.443687E-006 3.293460E-002 1.863245E-004
   118    458     12 1.844241E-006 2.178015E-002 1.780454E-004
   119    358    444 2.521171E-006 3.431984E-002 2.413884E-004
   120     13     19 1.550129E-006 2.120517E-002 4.977624E-005
   121    147     14 3.942986E-006 2.891014E-002 5.196393E-005
   122    329    451 5.076179E-007 2.395537E-002 2.993800E-004
   123    264    436 3.317545E-006 3.419861E-002 1.999999E-004
   124    187    249 1.001537E-006 2.962110E-002 1.063836E-004
   125     15    413 3.538541E-006 3.294381E-002 1.295842E-004
   126    311     16 2.646325E-006 3.166331E-002 6.759946E-005
   127    160     17 1.516425E-006 1.528662E-002 5.919452E-005
   128     94    403 9.544397E-007 2.325466E-002 2.220413E-004
   129     18    457 1.151942E-006 2.966252E-002 1.759099E-004
   130     19    458 1.627637E-006 3.514469E-002 2.157256E-004
   131     21     20 1.959295E-006 1.969356E-002 8.366850E-005
   132     22    356 2.254285E-006 3.778411E-002 8.535973E-005
   133     23    448 4.415278E-007 3.588222E-002 2.012461E-004
   134     24    458 1.244490E-006 3.053879E-002 1.774819E-004
   135     44    344 3.450275E-006 2.484660E-002 7.809079E-005
   136     28    181 2.926933E-006 2.612396E-002 4.569458E-005
   137    111    384 2.920126E-006 2.700402E-002 1.654379E-004
   138    459    108 2.983252E-006 3.865765E-002 9.597550E-005
   139     25    328 3.115652E-006 3.119863E-002 3.097453E-004
   140     81    415 1.311678E-006 2.825900E-002 1.635882E-004
   141     26    463 3.961649E-006 3.955388E-002 1.910707E-004
   142     27    398 2.953062E-006 3.662648E-002 1.495204E-004
   143     27    460 2.235292E-006 3.119630E-002 2.597245E-004
   144    233    218 2.117274E-006 3.635366E-002 6.815830E-005
   145    109    440 2.402384E-006 4.118160E-002 1.763212E-004
   146    107    391 2.165250E-006 3.222665E-002 1.619092E-004
   147    150    442 9.295187E-007 3.141156E-002 1.399142E-004
   148     28    463 1.102319E-006 3.836316E-002 3.623426E-004
   149     29     92 2.107943E-006 2.115073E-002 2.856362E-005
   150     30    448 1.667159E-006 3.180440E-002 2.550401E-004
   151     32     31 9.705780E-007 3.441486E-002 3.045075E-005
   152     33     66 3.975153E-006 1.931812E-002 3.415281E-005
   153     54    149 1.531905E-006 3.174136E-002 4.320652E-005
   154     57    406 1.986631E-006 3.231340E-002 1.541922E-004
   155     54    405 3.935301E-006 2.853542E-002 3.113998E-004
   156     38    110 6.250870E-007 2.362045E-002 5.055034E-005
   157     63    256 2.462656E-006 3.070211E-002 6.804783E-005
   158     34    102 2.951525E-006 2.806156E-002 3.584072E-005
   159     35    199 2.533137E-006 4.364445E-002 5.914704E-005
   160     36    458 1.184438E-006 3.558796E-002 3.766819E-004
   161     36    184 1.401371E-006 3.253845E-002 4.110812E-005
   162     37    377 2.852609E-006 3.458144E-002 1.786814E-004
   163     39     38 1.949304E-006 3.166124E-002 2.187213E-005
   164     40    314 3.642616E-006 3.972609E-002 7.910449E-005
   165     40    278 2.028239E-006 3.813455E-002 1.219232E-004
   166     40    151 2.590884E-006 4.168734E-002 2.986613E-005
   167     41    210 3.658865E-006 3.102193E-002 6.615108E-005
   168     42    330 2.098391E-006 3.511251E-002 7.249019E-005
   169     43    316 1.835458E-006 2.603843E-002 1.718862E-004
   170     44    348 4.376853E-007 2.680008E-002 1.098407E-004
   171     45    458 1.504129E-006 2.451872E-002 3.639586E-004
   172     46    447 1.796375E-006 2.869118E-002 2.316391E-004
   173     47    381 2.571671E-006 3.243376E-002 1.874008E-004
   174     49    361 7.627565E-007 2.579534E-002 8.625329E-005
   175     49     48 3.740654E-006 3.646274E-002 1.459018E-005
   176     50    292 2.229584E-006 3.665329E-002 1.051831E-004
   177     51    405 3.239489E-006 3.528187E-002 2.206570E-004
   178     52    142 3.035619E-006 2.709891E-002 4.872631E-005
   179     54     53 3.545018E-006 3.255197E-002 1.693156E-005
   180     55    393 9.516951E-007 3.748969E-002 1.144791E-004
   181     56    374 3.925421E-006 3.422642E-002 1.205726E-004
   182     57    452 2.619427E-006 3.236648E-002 2.666846E-004
   183     58     77 6.270631E-007 3.893141E-002 2.986613E-005
   184     59    398 1.646080E-006 3.418759E-002 1.262668E-004
   185     61     60 3.624063E-006 3.632051E-002 3.317735E-005
   186     62    404 2.823187E-006 3.046604E-002 1.064869E-004
   187     63    110 2.879287E-006 3.157838E-002 4.166545E-005
   188    452    196 1.278193E-006 3.109274E-002 2.985215E-004
   189    383     64 2.697374E-006 4.163367E-002 3.755673E-004
   190    436    386 1.086181E-006 2.512705E-002 3.941359E-004
   191    374    138 2.619208E-006 3.685789E-002 2.943803E-004
   192    413    157 8.492121E-007 2.453608E-002 2.149641E-004
   193    432     85 1.971591E-006 3.987772E-002 2.191009E-004
   194    361    107 2.018359E-006 2.190727E-002 1.407742E-004
   195    211    452 2.414021E-006 3.355441E-002 3.133822E-004
   196    363    165 7.965700E-007 3.566560E-002 2.304540E-004
   197    182    390 1.633785E-006 1.741578E-002 2.341910E-004
   198    411    382 6.056997E-007 3.157507E-002 2.112510E-004
   199    461    314 3.314911E-006 2.508486E-002 3.172945E-004
   200    213    360 2.321990E-006 3.453882E-002 1.906373E-004
   201    454    100 2.566731E-006 2.770249E-002 2.940160E-004
   202    413    465 3.577706E-006 3.018319E-002 4.834648E-004
   203    162    311 4.319625E-006 2.996348E-002 2.087000E-004
   204    182    361 3.751323E-006 3.740292E-002 1.607095E-004
   205    164    370 1.424536E-006 2.748395E-002 1.576159E-004
   206    140    101 1.201095E-006 4.331474E-002 6.626501E-005
   207     65     87 2.439658E-006 2.600740E-002 7.821740E-005
   208    275    242 2.637981E-006 3.297764E-002 1.093554E-004
   209    419    312 5.317241E-006 3.248204E-002 3.258727E-004
   210    215    296 4.072426E-006 2.031640E-002 1.360227E-004
   211     67     66 1.885849E-006 3.188113E-002 6.713638E-005
   212    120    353 8.056075E-007 3.092394E-002 1.576929E-004
   213    369    215 5.626802E-006 2.976847E-002 1.282132E-004
   214    298    444 3.889521E-006 4.077369E-002 3.145462E-004
   215     88    256 2.819274E-006 2.289384E-002 1.198227E-004
   216     68    458 4.265440E-006 3.870313E-002 4.696749E-004
   217     70    463 1.320687E-006 3.453081E-002 1.840966E-004
   218     69    262 2.010235E-006 3.207172E-002 7.181153E-005
   219    176    132 3.698716E-006 2.734956E-002 4.924293E-005
   220     70    444 5.343853E-006 2.491308E-002 2.369272E-004
   221    263    213 3.146172E-006 2.404148E-002 1.252879E-004
   222    129    242 2.962503E-006 2.063761E-002 6.713704E-005
   223    205    433 4.077142E-007 3.135102E-002 2.002039E-004
   224    154     71 6.313494E-007 3.843102E-002 5.308056E-005
   225    296     72 3.285159E-006 3.102644E-002 6.767041E-005
   226    175    132 2.835044E-006 3.345771E-002 6.434152E-005
   227    200     73 3.584431E-006 2.578716E-002 6.426252E-005
   228     74    372 5.473465E-007 3.829108E-002 9.473065E-005
   229     75    398 1.859501E-006 3.132388E-002 1.191269E-004
   230     76    465 2.923640E-006 2.259372E-002 1.949111E-004
   231    124    161 9.224925E-007 3.178348E-002 6.378800E-005
   232     78     77 1.558473E-006 3.006824E-002 5.093043E-005
   233     79    104 1.010645E-006 2.543567E-002 5.114295E-005
   234     80    336 1.966760E-006 3.240216E-002 9.445863E-005
   235     81    450 3.808073E-006 3.168823E-002 1.887344E-004
   236     82    450 4.844644E-006 3.660513E-002 1.695285E-004
   237    232    359 2.446872E-006 2.947101E-002 1.139408E-004
   238    170    463 2.260751E-006 3.280789E-002 2.273933E-004
   239     83    368 4.832621E-006 2.897300E-002 1.264713E-004
   240     85     84 2.277450E-006 3.442759E-002 1.210907E-004
   241     89    146 3.798454E-006 2.795272E-002 4.937664E-005
   242     86    457 3.957807E-006 3.241380E-002 1.859105E-004
   243     87     90 1.632492E-006 2.699018E-002 3.745635E-005
   244     88    400 3.813844E-006 2.827023E-002 1.488524E-004
   245    124    278 3.981209E-006 2.285185E-002 1.071925E-004
   246     89    193 3.594218E-006 3.858520E-002 4.503873E-005
   247     90    368 4.662851E-006 1.759080E-002 8.473025E-005
   248     91    457 4.736113E-006 2.287102E-002 2.495620E-004
   249     92    436 5.313874E-006 2.532107E-002 1.103145E-004
   250     93    251 1.690364E-006 3.240149E-002 9.730522E-005
   251     95     94 2.063889E-006 3.305257E-002 1.891401E-005
   252     96    175 8.472884E-007 3.211886E-002 4.492614E-005
   253     97    439 5.549051E-006 4.734809E-002 1.659135E-004
   254     99     98 3.884541E-006 2.741299E-002 6.226718E-005
   255    101    100 2.267130E-006 3.362276E-002 5.181501E-005
   256    103    102 1.502800E-006 2.582757E-002 2.398200E-005
   257    104    463 1.712968E-006 2.621807E-002 1.527452E-004
   258    347    463 1.457913E-006 2.664765E-002 5.015771E-004
   259    377    345 2.456947E-006 3.695695E-002 2.177947E-004
   260    168    395 4.888999E-006 2.052010E-002 1.724522E-004
   261    443    448 1.944617E-006 2.634028E-002 4.597273E-004
   262    402    185 5.510336E-007 3.030946E-002 1.928029E-004
   263    217    463 1.053929E-006 2.930696E-002 2.706603E-004
   264    105    462 1.058578E-006 2.834902E-002 2.724358E-004
   265    182    391 9.792244E-007 3.007475E-002 1.707651E-004
   266    162    304 4.473845E-006 3.284821E-002 1.649063E-004
   267    106    458 5.409259E-006 3.100540E-002 4.176893E-004
   268    125    452 1.535664E-006 2.803419E-002 2.188562E-004
   269    107    182 1.080252E-006 3.353425E-002 4.195632E-005
   270    119    123 3.625479E-006 3.198673E-002 2.456662E-005
   271    108    458 2.026483E-006 3.747543E-002 3.737155E-004
   272    109    405 3.679504E-006 2.180383E-002 3.035561E-004
   273    110    256 5.487491E-006 2.622829E-002 8.651793E-005
   274    111    329 5.179854E-006 2.388380E-002 8.148961E-005
   275    112    223 3.295879E-006 2.697165E-002 6.755394E-005
   276    114    113 5.024513E-006 4.429669E-002 2.862762E-005
   277    116    115 2.790258E-006 3.207252E-002 2.722980E-005
   278    117    291 6.539450E-006 3.137800E-002 1.007041E-004
   279    118    436 5.327661E-006 1.144965E-002 1.041096E-004
   280    119    363 4.490036E-006 1.936980E-002 1.622444E-004
   281    121    120 4.662210E-006 3.141399E-002 4.390424E-005
   282    122    282 4.438897E-006 2.879003E-002 6.856901E-005
   283    123    363 2.477010E-006 2.423886E-002 1.770001E-004
   284    124    132 1.908476E-006 3.877881E-002 6.218657E-005
   285    125    453 1.455508E-006 3.204781E-002 1.144587E-004
   286    126    383 6.833825E-007 2.774933E-002 7.284841E-005
   287    127    198 4.359863E-006 2.145273E-002 7.112872E-005
   288    128    448 3.721184E-006 2.082927E-002 2.284421E-004
   289    129    315 3.446091E-006 2.327394E-002 1.470203E-004
   290    131    130 4.695074E-006 2.509098E-002 1.829224E-005
   291    132    161 3.792683E-006 2.945732E-002 8.370841E-005
   292    133    442 2.694300E-006 4.163950E-002 1.269655E-004
   293    134    169 3.145988E-006 3.212970E-002 4.776168E-005
   294    134    216 4.086052E-006 4.137673E-002 1.806028E-004
   295    135    447 6.289640E-006 2.471728E-002 2.416246E-004
   296    136    335 2.188669E-006 3.452643E-002 9.937148E-005
   297    137    400 4.962633E-006 4.052204E-002 2.025152E-004
   298    138    326 5.432825E-006 2.801766E-002 9.437364E-005
   299    437    401 2.214261E-006 2.374963E-002 3.181485E-004
   300    402    325 5.515706E-006 3.521323E-002 2.912513E-004
   301    224    246 5.561074E-006 3.816316E-002 1.672468E-004
   302    408    430 2.389481E-006 3.587086E-002 4.054324E-004
   303    457    338 5.652415E-006 2.649813E-002 2.883859E-004
   304    399    461 3.642632E-006 2.591477E-002 3.376336E-004
   305    442    341 5.907998E-006 3.905519E-002 4.105195E-004
   306    367    239 2.404399E-006 1.819101E-002 1.779365E-004
   307    439    139 1.250150E-006 2.589618E-002 2.211222E-004
   308    221    159 4.108905E-006 2.799290E-002 1.606872E-004
   309    413    252 3.543079E-006 3.060298E-002 1.835900E-004
   310    385    270 3.172740E-006 3.380601E-002 1.790213E-004
   311    200    175 3.277443E-006 2.414704E-002 7.834548E-005
   312    425    208 5.316920E-006 3.001360E-002 1.566317E-004
   313    409    301 2.914339E-006 2.745941E-002 1.833207E-004
   314    140    308 1.107473E-006 2.675628E-002 1.138609E-004
   315    210    151 3.854231E-006 2.572874E-002 6.536147E-005
   316    152    439 6.003500E-006 2.916942E-002 1.957036E-004
   317    411    381 2.513882E-006 3.111861E-002 1.749040E-004
   318    179    392 3.306335E-006 3.262800E-002 1.029184E-004
   319    141    467 6.554199E-006 1.463393E-002 2.690054E-004
   320    160    255 5.819683E-006 3.343811E-002 1.418896E-004
   321    142    468 2.974269E-006 2.975431E-002 3.225476E-004
   322    205    463 7.731065E-006 2.272441E-002 3.742784E-004
   323    212    155 2.396522E-006 2.719512E-002 7.751383E-005
   324    237    421 5.007474E-006 3.108555E-002 1.993743E-004
   325    291    352 1.569650E-006 3.376134E-002 1.274784E-004
   326    175    161 4.163502E-006 3.730423E-002 7.216947E-005
   327    187    436 2.244399E-006 2.446657E-002 1.161341E-004
   328    143    429 4.247485E-006 4.136904E-002 1.063771E-004
   329    144    331 3.853922E-006 2.345612E-002 6.827234E-005
   330    144    368 1.318603E-006 3.994889E-002 9.946473E-005
   331    145    322 1.099458E-006 3.977019E-002 5.631320E-005
   332    146    193 1.848033E-006 3.593935E-002 3.562762E-005
   333    147    463 3.627087E-006 3.773954E-002 1.937618E-004
   334    147    420 7.234273E-006 2.912035E-002 2.113020E-004
   335    148    349 1.745633E-006 2.197980E-002 1.186854E-004
   336    149    405 3.894072E-006 3.254697E-002 2.509313E-004
   337    150    356 7.180912E-006 3.906604E-002 8.940103E-005
   338    151    278 5.362288E-006 2.433499E-002 8.571733E-005
   339    152    214 1.426652E-006 4.636364E-002 3.550722E-005
   340    153    437 4.477310E-006 3.948839E-002 2.251555E-004
   341    154    405 5.630392E-006 2.339631E-002 3.002907E-004
   342    156    155 1.100580E-006 3.176833E-002 3.847664E-005
   343    157    453 6.257650E-006 3.748513E-002 1.157949E-004
   344    158    414 3.145149E-006 3.146033E-002 1.114114E-004
   345    312    465 1.309625E-006 3.409401E-002 6.045635E-004
   346    415    256 2.662330E-006 2.920535E-002 2.449819E-004
   347    422    389 7.894394E-006 3.694093E-002 3.729062E-004
   348    374    465 7.641667E-006 3.215375E-002 5.444486E-004
   349    328    159 4.679938E-006 4.146594E-002 3.329260E-004
   350    412    168 1.929388E-006 1.661929E-002 2.132997E-004
   351    453    454 6.146341E-006 3.453738E-002 5.096680E-004
   352    457    450 5.264196E-006 3.395623E-002 3.894026E-004
   353    324    441 5.300569E-006 3.452428E-002 3.045905E-004
   354    230    383 6.074885E-006 3.513540E-002 2.373641E-004
   355    346    405 1.978283E-006 3.062812E-002 3.559383E-004
   356    444    463 8.082196E-006 3.358949E-002 4.053465E-004
   357    365    189 4.137828E-006 3.025154E-002 1.425680E-004
   358    452    465 7.256081E-006 3.230043E-002 6.212958E-004
   359    455    439 3.490978E-006 2.458023E-002 4.133201E-004
   360    274    432 6.055584E-006 2.156949E-002 2.071011E-004
   361    456    185 4.706456E-006 3.568931E-002 1.734990E-004
   362    389    375 2.803724E-006 2.773625E-002 1.680279E-004
   363    160    314 4.790397E-006 3.239882E-002 1.321187E-004
   364    210    161 5.810716E-006 3.772654E-002 8.117882E-005
   365    233    458 5.330637E-006 2.913639E-002 4.581009E-004
   366    314    278 7.474781E-006 2.750218E-002 1.617391E-004
   367    161    278 2.293640E-006 3.069352E-002 1.319459E-004
   368    201    347 4.219301E-006 3.817302E-002 1.226754E-004
   369    285    162 2.354847E-006 2.829068E-002 7.695843E-005
   370    229    383 2.652924E-006 3.295699E-002 2.271212E-004
   371    164    163 4.580022E-006 3.486269E-002 6.728080E-005
   372    165    465 5.296561E-006 3.852216E-002 3.295723E-004
   373    165    327 6.810638E-006 3.884896E-002 1.531171E-004
   374    235    211 6.871444E-006 2.761142E-002 1.089194E-004
   375    231    197 7.552888E-006 1.440131E-002 1.026852E-004
   376    174    213 7.208753E-006 3.570166E-002 8.431553E-005
   377    166    232 6.847604E-006 2.953088E-002 7.814015E-005
   378    192    224 6.496690E-006 3.946271E-002 1.095922E-004
   379    167    318 4.618208E-006 3.323338E-002 1.713080E-004
   380    168    444 5.443726E-006 2.595428E-002 2.581823E-004
   381    169    458 2.252735E-006 3.136163E-002 3.728685E-004
   382    170    237 5.531737E-006 3.588806E-002 4.808284E-005
   383    171    402 3.789980E-006 3.231428E-002 1.390903E-004
   384    172    207 2.305215E-006 2.876901E-002 4.786213E-005
   385    186    237 7.054240E-006 3.378985E-002 6.342217E-005
   386    190    448 5.425110E-006 3.251533E-002 3.560233E-004
   387    234    247 7.661001E-006 2.877061E-002 1.058014E-004
   388    176    199 2.968845E-006 3.087454E-002 5.034462E-005
   389    176    200 4.389008E-006 3.438605E-002 6.131007E-005
   390    173    365 7.326919E-006 3.056052E-002 1.090963E-004
   391    174    360 2.270049E-006 3.717917E-002 9.430493E-005
   392    174    263 3.820152E-006 2.975403E-002 6.213734E-005
   393    176    175 7.158795E-006 3.492706E-002 2.674845E-005
   394    177    316 3.657469E-006 2.843764E-002 1.680814E-004
   395    178    447 4.625495E-006 2.628688E-002 2.117160E-004
   396    180    179 6.578783E-006 3.096105E-002 2.563761E-005
   397    181    463 5.360044E-006 2.937311E-002 3.790815E-004
   398    183    182 4.866776E-006 3.428849E-002 3.327196E-005
   399    183    213 4.164925E-006 3.261244E-002 7.059286E-005
   400    184    459 4.645447E-006 3.237353E-002 8.160438E-005
   401    185    446 9.893240E-007 3.659052E-002 1.624087E-004
   402    186    462 7.752594E-006 3.937260E-002 2.117813E-004
   403    402    335 5.588770E-006 4.248302E-002 3.177156E-004
   404    368    213 2.976274E-006 3.843656E-002 1.871962E-004
   405    409    378 6.658394E-006 3.691995E-002 2.177323E-004
   406    439    214 5.367126E-006 3.299236E-002 2.109407E-004
   407    349    187 4.573990E-006 2.169384E-002 1.379403E-004
   408    187    386 4.091427E-006 2.735585E-002 2.841704E-004
   409    351    447 6.554354E-006 3.332285E-002 3.022483E-004
   410    188    433 6.896479E-006 3.139734E-002 2.709756E-004
   411    189    241 3.955939E-006 3.965481E-002 6.908168E-005
   412    203    389 4.624567E-006 3.345207E-002 1.737153E-004
   413    190    398 7.077131E-006 2.892792E-002 8.912823E-005
   414    191    310 4.351527E-006 3.758849E-002 1.346654E-004
   415    192    363 7.618622E-006 2.683989E-002 3.300141E-004
   416    193    357 5.883693E-006 2.556931E-002 1.018624E-004
   417    194    262 4.974799E-006 3.184899E-002 6.543302E-005
   418    195    416 2.316699E-006 1.787950E-002 1.044067E-004
   419    196    313 1.500396E-006 3.207420E-002 5.823935E-005
   420    252    465 7.521903E-006 3.283220E-002 3.877227E-004
   421    304    223 9.123205E-006 2.868413E-002 1.705363E-004
   422    467    262 2.093065E-006 4.716528E-002 2.873097E-004
   423    302    367 6.983623E-006 3.267801E-002 2.938664E-004
   424    311    405 2.880228E-006 2.316209E-002 4.057382E-004
   425    365    295 7.690323E-006 2.428200E-002 1.503417E-004
   426    388    439 6.010251E-006 3.663061E-002 3.051749E-004
   427    295    457 1.076108E-005 3.548900E-002 3.527663E-004
   428    355    447 6.768915E-006 3.448748E-002 2.830171E-004
   429    385    197 6.584965E-006 2.470028E-002 9.444043E-005
   430    198    379 9.451759E-006 4.079353E-002 1.533813E-004
   431    288    254 5.279584E-006 3.757125E-002 1.178669E-004
   432    253    252 4.685351E-006 3.287576E-002 9.641077E-005
   433    200    199 4.091891E-006 2.820852E-002 6.482785E-005
   434    201    406 3.145507E-006 2.765071E-002 1.507975E-004
   435    201    405 2.217787E-006 2.627562E-002 2.586557E-004
   436    202    223 2.932473E-006 2.955136E-002 4.864384E-005
   437    202    304 7.544227E-006 2.166361E-002 1.454795E-004
   438    203    422 5.242309E-006 3.763825E-002 2.174407E-004
   439    204    448 4.837440E-006 3.335618E-002 2.047811E-004
   440    205    228 6.592573E-006 3.008073E-002 4.717625E-005
   441    206    310 2.279173E-006 3.006462E-002 1.047661E-004
   442    207    458 6.676090E-006 3.548778E-002 4.834876E-004
   443    208    353 8.597256E-006 2.498703E-002 1.120497E-004
   444    208    468 6.100211E-006 2.181841E-002 2.375979E-004
   445    209    282 5.509008E-006 2.999672E-002 1.003426E-004
   446    210    278 8.111663E-006 2.939419E-002 1.335851E-004
   447    211    312 8.230864E-006 2.613821E-002 1.596288E-004
   448    467    341 9.823749E-006 3.130931E-002 5.201358E-004
   449    461    289 8.087625E-006 3.747047E-002 3.274067E-004
   450    465    273 6.811133E-006 2.721720E-002 3.662973E-004
   451    467    212 3.096451E-006 2.185420E-002 3.560160E-004
   452    333    310 7.369675E-006 3.151808E-002 3.101849E-004
   453    420    213 5.369990E-006 2.366577E-002 2.969774E-004
   454    310    216 1.083139E-005 4.780965E-002 3.157821E-004
   455    216    333 1.086114E-005 1.948200E-002 2.872310E-004
   456    444    330 4.902195E-006 3.552128E-002 2.253728E-004
   457    465    267 6.448962E-006 3.016654E-002 2.963805E-004
   458    390    368 5.184784E-006 2.962000E-002 2.011046E-004
   459    353    430 5.684816E-006 2.863006E-002 3.517667E-004
   460    350    355 7.424500E-006 3.947532E-002 2.318462E-004
   461    214    427 1.038514E-005 3.137672E-002 2.446040E-004
   462    243    447 7.403688E-006 2.753051E-002 2.655160E-004
   463    313    430 6.003411E-006 3.683447E-002 1.740339E-004
   464    239    321 1.033294E-005 4.504586E-002 1.440321E-004
   465    265    386 8.365807E-006 2.775507E-002 2.840033E-004
   466    251    463 4.980380E-006 3.220459E-002 4.872779E-004
   467    307    215 1.444928E-006 4.122575E-002 8.852776E-005
   468    216    405 7.069266E-006 2.767201E-002 3.307909E-004
   469    248    239 9.111765E-006 4.021309E-002 9.182334E-005
   470    217    330 7.090741E-006 2.846967E-002 7.622271E-005
   471    252    396 3.205914E-006 2.495301E-002 1.430243E-004
   472    246    359 7.557336E-006 3.022759E-002 1.216943E-004
   473    218    459 9.524921E-006 3.320753E-002 1.323954E-004
   474    219    307 6.279046E-006 2.067769E-002 6.987281E-005
   475    220    380 9.877770E-006 3.482762E-002 1.901125E-004
   476    220    441 9.500055E-006 3.220959E-002 2.287301E-004
   477    220    418 5.049652E-006 3.922691E-002 1.472861E-004
   478    220    328 5.876601E-006 2.799883E-002 9.843121E-005
   479    220    417 1.137877E-005 2.839881E-002 1.183216E-004
   480    221    339 1.011129E-005 4.047673E-002 1.866758E-004
   481    221    340 7.334805E-006 3.215681E-002 1.804395E-004
   482    463    433 8.018306E-006 3.515428E-002 5.652521E-004
   483    441    417 9.685397E-006 3.605861E-002 3.357839E-004
   484    448    460 7.411684E-006 2.739588E-002 6.261413E-004
   485    393    222 1.115703E-005 3.786681E-002 1.702381E-004
   486    465    253 9.228549E-006 3.318543E-002 3.403573E-004
   487    468    353 5.578819E-006 3.820912E-002 3.014529E-004
   488    403    372 3.267322E-006 3.200319E-002 2.072366E-004
   489    326    374 4.533470E-006 4.103158E-002 3.523843E-004
   490    223    468 8.206850E-006 2.233296E-002 3.824764E-004
   491    373    246 7.918451E-006 3.743252E-002 1.591745E-004
   492    337    269 7.898548E-006 3.147773E-002 1.638479E-004
   493    275    426 4.699779E-006 3.376461E-002 1.964945E-004
   494    334    290 6.260222E-006 2.987688E-002 1.013527E-004
   495    330    281 4.766122E-006 3.565181E-002 1.096775E-004
   496    335    320 7.322440E-006 3.369419E-002 1.636486E-004
   497    259    224 5.122261E-006 3.446469E-002 1.378596E-004
   498    254    289 6.706802E-006 2.705686E-002 1.148764E-004
   499    224    363 1.037374E-005 1.861605E-002 3.620858E-004
   500    277    307 8.423107E-006 3.103142E-002 1.343869E-004
   501    228    463 6.033266E-006 2.828099E-002 3.542464E-004
   502    225    369 1.157013E-005 3.906961E-002 1.564518E-004
   503    225    363 7.907844E-006 3.549021E-002 2.117740E-004
   504    226    267 7.476850E-006 5.764888E-003 8.257631E-005
   505    226    465 1.089573E-005 3.214329E-002 2.233876E-004
   506    227    288 5.190186E-006 3.313506E-002 8.522634E-005
   507    227    289 1.105409E-005 3.672690E-002 6.267934E-005
   508    227    254 9.436112E-006 2.576010E-002 6.669106E-005
   509    228    433 6.569736E-006 3.016650E-002 1.709581E-004
   510    230    229 7.393138E-006 2.921651E-002 4.717141E-005
   511    231    320 5.474631E-006 2.832651E-002 8.486294E-005
   512    258    232 4.464112E-006 2.277058E-002 1.656756E-004
   513    337    463 1.022062E-005 2.247171E-002 5.787315E-004
   514    447    434 7.691529E-006 4.050938E-002 3.666290E-004
   515    318    364 6.735934E-006 3.204047E-002 2.451847E-004
   516    397    369 8.638156E-006 3.218640E-002 2.547285E-004
   517    326    257 7.844282E-006 2.383985E-002 1.147165E-004
   518    324    233 4.286495E-006 2.774761E-002 1.200257E-004
   519    234    438 4.533470E-006 2.742662E-002 2.099784E-004
   520    249    386 7.540172E-006 3.345098E-002 2.677295E-004
   521    235    312 6.176351E-006 4.027455E-002 1.094408E-004
   522    236    463 5.077932E-006 3.372779E-002 4.389807E-004
   523    236    433 6.724488E-006 2.983548E-002 1.381448E-004
   524    237    463 1.295141E-005 3.915851E-002 1.973197E-004
   525    238    462 8.823084E-006 3.114751E-002 2.623304E-004
   526    238    240 4.864611E-006 3.674826E-002 5.571697E-005
   527    239    305 9.290130E-006 3.069059E-002 1.011500E-004
   528    315    287 3.511888E-006 4.457753E-002 2.453393E-004
   529    405    458 9.374552E-006 3.367127E-002 5.267676E-004
   530    449    421 9.932648E-006 3.532069E-002 2.770372E-004
   531    271    385 7.200141E-006 3.010597E-002 1.486160E-004
   532    333    312 8.935302E-006 3.573656E-002 1.843844E-004
   533    305    374 8.009069E-006 3.178239E-002 2.709063E-004
   534    240    462 5.846451E-006 3.802973E-002 2.249422E-004
   535    241    382 8.366482E-006 2.770698E-002 9.939277E-005
   536    242    276 7.992402E-006 3.028229E-002 7.826970E-005
   537    243    355 7.866247E-006 2.817276E-002 1.673040E-004
   538    244    417 4.121124E-006 2.972437E-002 1.669574E-004
   539    245    316 8.211414E-006 3.202594E-002 1.312562E-004
   540    245    442 7.958407E-006 2.924573E-002 1.550680E-004
   541    448    361 8.224230E-006 1.692765E-002 4.733014E-004
   542    363    246 8.010878E-006 2.609546E-002 2.923485E-004
   543    310    304 7.483597E-006 3.583083E-002 2.246894E-004
   544    357    432 1.122256E-005 2.360491E-002 2.655419E-004
   545    314    268 9.652261E-006 3.417627E-002 1.524562E-004
   546    363    327 6.973823E-006 2.073278E-002 2.805020E-004
   547    418    380 6.204875E-006 4.113597E-002 2.477118E-004
   548    321    367 7.981853E-006 3.578773E-002 1.656769E-004
   549    284    360 9.864336E-006 2.392228E-002 1.260383E-004
   550    316    442 4.359472E-006 3.346037E-002 2.466706E-004
   551    396    273 7.651925E-006 2.258852E-002 1.468065E-004
   552    247    438 5.698537E-006 2.757877E-002 2.604876E-004
   553    415    450 6.401618E-006 3.055691E-002 2.914893E-004
   554    312    414 1.127559E-005 3.921038E-002 2.063715E-004
   555    458    348 1.146123E-005 4.148660E-002 2.368414E-004
   556    318    455 1.246759E-005 2.188470E-002 4.680530E-004
   557    436    401 9.205657E-006 4.389574E-002 1.955076E-004
   558    258    363 1.167274E-005 2.881121E-002 2.373211E-004
   559    422    264 9.763445E-006 2.678269E-002 1.066832E-004
   560    288    268 8.490629E-006 2.517615E-002 8.123632E-005
   561    250    402 1.039654E-005 3.080681E-002 2.918054E-004
   562    248    367 6.175019E-006 3.852703E-002 1.091713E-004
   563    248    321 9.393586E-006 1.726638E-002 7.877535E-005
   564    249    349 6.251972E-006 2.162597E-002 1.219141E-004
   565    250    251 8.785927E-006 2.608919E-002 5.836882E-005
   566    251    402 1.027706E-005 3.125188E-002 3.320415E-004
   567    252    273 5.512054E-006 3.380376E-002 6.119074E-005
   568    252    420 5.920031E-006 3.910137E-002 2.011620E-004
   569    253    273 8.159880E-006 3.049771E-002 6.249180E-005
   570    386    360 1.221005E-005 4.076924E-002 4.567324E-004
   571    463    405 7.635204E-006 2.225840E-002 5.805968E-004
   572    339    383 1.156898E-005 2.274284E-002 4.128009E-004
   573    423    364 1.085305E-005 3.508597E-002 2.654712E-004
   574    405    448 6.422354E-006 3.527815E-002 6.210336E-004
   575    446    463 1.089564E-005 2.136369E-002 5.459027E-004
   576    324    440 7.239193E-006 2.148252E-002 3.104156E-004
   577    293    278 1.195807E-005 4.086120E-002 1.609195E-004
   578    361    257 4.532113E-006 2.657828E-002 8.658339E-005
   579    255    254 1.093534E-005 4.143050E-002 8.219616E-005
   580    256    299 1.129849E-005 2.887666E-002 1.085627E-004
   581    398    467 8.915835E-006 3.009022E-002 3.201859E-004
   582    257    386 5.089693E-006 4.528191E-002 4.208278E-004
   583    257    284 1.285528E-005 1.924536E-002 4.778594E-005
   584    257    360 1.068465E-005 2.061978E-002 7.546493E-005
   585    259    258 1.175096E-005 3.627000E-002 9.233727E-005
   586    259    363 7.467262E-006 2.304513E-002 2.862844E-004
   587    341    317 1.132975E-005 3.328811E-002 2.155945E-004
   588    296    363 9.620409E-006 3.342138E-002 1.951442E-004
   589    313    452 1.027535E-005 2.899614E-002 3.313104E-004
   590    261    260 1.220699E-005 2.678902E-002 7.926764E-005
   591    307    369 1.466798E-005 3.663410E-002 1.608178E-004
   592    285    311 7.351748E-006 3.305018E-002 1.783871E-004
   593    261    299 9.068390E-006 2.869092E-002 9.639997E-005
   594    262    448 8.187138E-006 2.744931E-002 2.925035E-004
   595    263    360 1.137748E-005 3.757850E-002 1.259597E-004
   596    263    465 8.295169E-006 3.487995E-002 1.825531E-004
   597    264    445 5.558383E-006 3.337852E-002 9.632810E-005
   598    265    389 6.818827E-006 2.868735E-002 1.339068E-004
   599    311    286 8.366716E-006 3.388228E-002 1.768936E-004
   600    408    419 1.085128E-005 2.875429E-002 2.676506E-004
   601    422    272 8.407355E-006 3.671667E-002 1.984390E-004
   602    288    314 1.220950E-005 3.394045E-002 1.280178E-004
   603    394    432 1.076110E-005 3.441108E-002 3.373450E-004
   604    266    315 8.630153E-006 2.700751E-002 1.983495E-004
   605    467    447 1.489263E-005 2.919464E-002 3.599011E-004
   606    267    420 8.108884E-006 2.207331E-002 1.292236E-004
   607    283    454 1.139287E-005 2.982885E-002 2.407623E-004
   608    268    461 1.592645E-005 3.023093E-002 3.014669E-004
   609    328    380 8.431935E-006 3.474045E-002 2.277347E-004
   610    302    373 1.438326E-005 3.300052E-002 2.171735E-004
   611    269    277 4.287098E-006 3.153553E-002 8.574618E-005
   612    271    270 1.312303E-005 3.835833E-002 7.539758E-005
   613    272    462 1.571294E-005 2.339228E-002 2.834971E-004
   614    273    420 1.241902E-005 3.387688E-002 1.243224E-004
   615    466    296 1.172075E-005 2.631966E-002 3.870591E-004
   616    312    452 1.225636E-005 2.790606E-002 4.241684E-004
   617    412    439 8.525447E-006 3.348587E-002 2.871008E-004
   618    294    274 7.308652E-006 2.398274E-002 7.373891E-005
   619    300    468 9.957086E-006 3.246943E-002 3.195034E-004
   620    285    328 8.876140E-006 2.976953E-002 1.330084E-004
   621    306    378 7.876172E-006 3.773988E-002 1.219162E-004
   622    453    413 1.569053E-005 4.625000E-002 2.712943E-004
   623    462    369 8.032212E-006 2.730354E-002 3.546611E-004
   624    428    278 1.669167E-005 2.576943E-002 2.339112E-004
   625    318    456 1.428942E-005 2.641247E-002 2.642810E-004
   626    427    439 9.015871E-006 2.826831E-002 2.182430E-004
   627    275    276 9.510059E-006 2.801040E-002 1.146151E-004
   628    276    426 1.122953E-005 2.759903E-002 1.891716E-004
   629    277    309 1.149022E-005 4.270049E-002 7.237998E-005
   630    386    374 1.452275E-005 3.405751E-002 5.913040E-004
   631    383    340 1.574164E-005 3.038222E-002 3.096641E-004
   632    443    386 1.233328E-005 3.421034E-002 5.737495E-004
   633    338    332 1.226815E-005 2.315913E-002 1.709698E-004
   634    297    308 8.119615E-006 2.700284E-002 1.444507E-004
   635    290    337 8.833088E-006 2.336049E-002 1.390498E-004
   636    309    420 1.553730E-005 3.662307E-002 1.989826E-004
   637    279    428 1.003744E-005 2.848135E-002 2.052205E-004
   638    279    278 1.283679E-005 2.595229E-002 5.629483E-005
   639    280    449 1.471752E-005 3.445982E-002 1.662362E-004
   640    281    444 1.134633E-005 4.081380E-002 1.480291E-004
   641    281    293 8.421599E-006 1.996805E-002 5.981133E-005
   642    452    406 1.161593E-005 2.495597E-002 3.344677E-004
   643    341    443 1.259184E-005 3.227961E-002 2.883707E-004
   644    369    420 7.390056E-006 2.769377E-002 3.335105E-004
   645    369    297 1.379529E-005 3.095501E-002 1.801670E-004
   646    285    282 1.741288E-005 4.002613E-002 1.197869E-004
   647    376    357 1.165352E-005 2.841104E-002 1.730543E-004
   648    337    334 1.323723E-005 2.568413E-002 1.795854E-004
   649    283    413 1.351580E-005 2.916803E-002 1.027851E-004
   650    283    453 1.166773E-005 3.008954E-002 1.878069E-004
   651    284    374 7.439559E-006 2.976876E-002 2.018653E-004
   652    284    386 1.026241E-005 1.853580E-002 4.091420E-004
   653    286    328 7.217812E-006 2.744229E-002 1.017415E-004
   654    286    285 1.053602E-005 2.792450E-002 5.954852E-005
   655    457    463 1.043627E-005 3.232814E-002 5.887206E-004
   656    320    346 1.160590E-005 2.897324E-002 1.222271E-004
   657    297    309 1.280275E-005 3.419952E-002 1.132310E-004
   658    287    388 1.028673E-005 3.312791E-002 8.987173E-005
   659    289    288 1.244581E-005 3.751190E-002 7.085022E-005
   660    290    463 1.447315E-005 3.437600E-002 3.511817E-004
   661    291    433 4.150040E-006 3.301184E-002 2.523833E-004
   662    292    402 1.382487E-005 2.622636E-002 3.301847E-004
   663    408    453 1.201114E-005 2.316081E-002 3.267255E-004
   664    448    351 1.170108E-005 2.472591E-002 2.900493E-004
   665    404    440 1.310276E-005 3.101689E-002 2.134708E-004
   666    444    412 1.092980E-005 3.242610E-002 2.648438E-004
   667    308    424 1.114279E-005 2.237582E-002 2.118943E-004
   668    293    330 1.093353E-005 2.489678E-002 9.178650E-005
   669    294    379 1.346973E-005 4.126410E-002 1.263767E-004
   670    323    350 1.425085E-005 2.199744E-002 1.439326E-004
   671    295    410 6.234817E-006 2.305696E-002 1.217948E-004
   672    296    307 8.835758E-006 3.501966E-002 9.779737E-005
   673    297    420 1.086715E-005 3.562194E-002 1.328967E-004
   674    298    357 1.428051E-005 2.856222E-002 9.485409E-005
   675    298    376 9.367147E-006 3.479508E-002 1.079958E-004
   676    460    366 9.909164E-006 1.888021E-002 3.472351E-004
   677    403    371 8.428548E-006 3.399197E-002 3.002983E-004
   678    447    403 1.578629E-005 3.632893E-002 3.573529E-004
   679    431    419 1.451950E-005 3.885373E-002 2.561430E-004
   680    460    398 1.486031E-005 2.335009E-002 3.464865E-004
   681    402    324 1.404882E-005 3.101463E-002 2.248530E-004
   682    437    445 1.700308E-005 3.453831E-002 3.249383E-004
   683    430    333 1.000778E-005 3.378456E-002 2.313548E-004
   684    299    415 5.894380E-006 2.758705E-002 1.550020E-004
   685    420    308 1.381086E-005 3.387128E-002 1.750524E-004
   686    407    381 1.216855E-005 2.076367E-002 2.809347E-004
   687    300    336 1.375065E-005 3.464944E-002 1.262263E-004
   688    322    374 1.130645E-005 2.928268E-002 1.672086E-004
   689    304    311 9.400501E-006 2.776019E-002 1.429310E-004
   690    342    467 1.445411E-005 3.464644E-002 3.294563E-004
   691    301    430 9.511136E-006 2.569209E-002 2.923112E-004
   692    302    321 1.459303E-005 2.288783E-002 8.888027E-005
   693    302    322 1.339305E-005 2.456468E-002 8.867302E-005
   694    386    448 1.934859E-005 3.483550E-002 7.230441E-004
   695    386    361 1.442213E-005 3.212773E-002 4.182693E-004
   696    465    327 1.509493E-005 2.996840E-002 3.200684E-004
   697    402    320 1.445983E-005 1.982239E-002 2.758367E-004
   698    348    402 1.199384E-005 3.415080E-002 2.632107E-004
   699    389    374 1.561054E-005 2.646625E-002 2.643202E-004
   700    399    421 1.224082E-005 3.730073E-002 2.674893E-004
   701    341    303 1.507625E-005 2.531910E-002 1.894569E-004
   702    304    468 1.236706E-005 3.705213E-002 3.078592E-004
   703    360    465 1.156270E-005 2.390394E-002 2.294567E-004
   704    384    451 1.169000E-005 2.157002E-002 2.759845E-004
   705    360    460 1.400927E-005 3.161675E-002 2.416248E-004
   706    386    305 8.600804E-006 3.592598E-002 4.376876E-004
   707    451    318 1.858678E-005 2.687797E-002 2.794793E-004
   708    466    308 1.519473E-005 2.795276E-002 2.367557E-004
   709    326    460 7.974088E-006 3.689688E-002 2.366891E-004
   710    306    453 1.319112E-005 2.440681E-002 1.886559E-004
   711    309    307 1.629618E-005 3.415996E-002 8.955721E-005
   712    309    308 1.518729E-005 3.428528E-002 8.749872E-005
   713    311    310 1.497479E-005 3.523323E-002 1.671698E-004
   714    313    312 1.107305E-005 2.454889E-002 1.020604E-004
   715    314    432 1.752325E-005 2.712064E-002 2.928648E-004
   716    315    318 1.412079E-005 4.009931E-002 2.105229E-004
   717    317    316 1.373043E-005 3.219176E-002 1.610748E-004
   718    319    318 1.584187E-005 2.240808E-002 9.568271E-005
   719    319    451 1.831461E-005 2.607307E-002 1.865741E-004
   720    430    416 1.330320E-005 2.682974E-002 2.920170E-004
   721    458    407 1.297329E-005 2.894142E-002 4.076432E-004
   722    386    389 1.856840E-005 2.964161E-002 3.489824E-004
   723    348    320 8.763157E-006 3.769981E-002 1.298347E-004
   724    322    321 1.333008E-005 4.263862E-002 7.026823E-005
   725    323    447 1.335739E-005 3.075883E-002 2.374494E-004
   726    463    403 1.587274E-005 3.456478E-002 5.101512E-004
   727    369    363 1.697149E-005 3.473954E-002 2.841679E-004
   728    325    329 1.040137E-005 3.189288E-002 6.417563E-005
   729    325    324 1.641790E-005 2.412950E-002 8.520586E-005
   730    326    465 1.608086E-005 3.984999E-002 2.206163E-004
   731    326    360 1.153568E-005 4.034564E-002 1.098223E-004
   732    421    393 1.716018E-005 2.731758E-002 3.096560E-004
   733    327    374 1.333712E-005 3.061625E-002 1.889207E-004
   734    403    455 1.641936E-005 3.471775E-002 2.565047E-004
   735    364    439 1.458395E-005 3.175399E-002 1.846764E-004
   736    328    417 9.676190E-006 1.603394E-002 1.314390E-004
   737    329    383 1.730692E-005 3.253179E-002 1.729085E-004
   738    329    384 1.566381E-005 3.313637E-002 1.265138E-004
   739    330    358 1.316659E-005 3.408428E-002 8.181420E-005
   740    331    375 1.341633E-005 2.810011E-002 8.346210E-005
   741    331    374 1.569560E-005 2.789891E-002 1.220321E-004
   742    458    362 1.716140E-005 1.915843E-002 4.203645E-004
   743    431    408 8.177982E-006 4.058758E-002 2.674775E-004
   744    332    421 1.607041E-005 1.692341E-002 1.585302E-004
   745    333    416 1.755070E-005 2.931359E-002 1.368918E-004
   746    373    389 1.853201E-005 3.899018E-002 2.201815E-004
   747    334    464 1.600648E-005 2.905037E-002 1.311624E-004
   748    334    463 1.737021E-005 2.017059E-002 4.578564E-004
   749    451    441 1.867516E-005 3.004864E-002 3.552394E-004
   750    371    392 1.316207E-005 3.627148E-002 1.340435E-004
   751    335    433 1.402487E-005 3.161119E-002 2.009087E-004
   752    336    354 1.651875E-005 4.139797E-002 7.731244E-005
   753    338    337 1.059175E-005 2.968152E-002 8.141928E-005
   754    340    339 1.301233E-005 3.386064E-002 9.619576E-005
   755    342    341 2.284967E-005 3.575754E-002 1.913617E-004
   756    465    429 1.676239E-005 2.684696E-002 5.085743E-004
   757    404    455 8.103954E-006 4.072504E-002 3.901032E-004
   758    350    443 1.536266E-005 4.309671E-002 1.764578E-004
   759    405    429 1.880297E-005 2.755472E-002 3.699110E-004
   760    343    461 1.457193E-005 2.508828E-002 2.122416E-004
   761    344    348 1.808944E-005 3.073881E-002 1.005310E-004
   762    344    458 1.616302E-005 3.091118E-002 3.235412E-004
   763    345    378 1.241750E-005 2.555494E-002 9.359526E-005
   764    346    458 1.622592E-005 2.494824E-002 2.189955E-004
   765    347    429 1.665368E-005 3.385709E-002 1.660051E-004
   766    347    405 1.564403E-005 2.557155E-002 1.983090E-004
   767    386    442 1.107807E-005 2.896438E-002 4.036078E-004
   768    453    377 1.911994E-005 3.855233E-002 2.423937E-004
   769    362    348 1.870191E-005 3.450019E-002 1.711252E-004
   770    431    465 1.847769E-005 2.134391E-002 3.568797E-004
   771    349    386 1.420737E-005 2.374882E-002 2.971968E-004
   772    351    350 2.044283E-005 4.379827E-002 1.035538E-004
   773    351    355 1.313862E-005 4.865544E-002 1.064041E-004
   774    352    432 1.413202E-005 3.609848E-002 1.838819E-004
   775    352    433 1.109853E-005 4.163013E-002 2.297568E-004
   776    354    468 1.890075E-005 3.476222E-002 2.277044E-004
   777    354    353 2.042090E-005 3.332330E-002 9.351683E-005
   778    355    437 1.707381E-005 3.159303E-002 3.253766E-004
   779    390    422 1.933059E-005 3.248356E-002 2.215935E-004
   780    454    413 1.558214E-005 2.479918E-002 1.733122E-004
   781    356    386 1.636346E-005 3.306045E-002 2.787296E-004
   782    356    442 1.564157E-005 3.158467E-002 1.482780E-004
   783    358    357 2.239253E-005 3.243387E-002 7.802531E-005
   784    359    373 1.854202E-005 3.370232E-002 1.335777E-004
   785    361    360 9.325436E-006 2.805920E-002 8.276828E-005
   786    362    402 1.803623E-005 2.883875E-002 1.841908E-004
   787    466    363 1.651271E-005 3.259402E-002 4.474495E-004
   788    402    405 2.085927E-005 2.495117E-002 4.945695E-004
   789    380    441 1.901026E-005 3.661878E-002 2.021135E-004
   790    364    455 2.303452E-005 2.550871E-002 3.002776E-004
   791    365    411 1.452632E-005 2.862401E-002 1.077621E-004
   792    405    440 1.540917E-005 2.856574E-002 4.870269E-004
   793    386    391 1.931468E-005 2.341748E-002 4.167268E-004
   794    386    366 1.527835E-005 1.932829E-002 4.344269E-004
   795    405    380 1.522677E-005 2.961776E-002 3.643422E-004
   796    391    401 1.900901E-005 3.708387E-002 1.448943E-004
   797    448    371 2.431089E-005 3.658391E-002 3.827308E-004
   798    386    367 1.821983E-005 3.111838E-002 1.902976E-004
   799    439    437 1.397924E-005 2.376012E-002 3.584215E-004
   800    395    412 1.449096E-005 3.721532E-002 1.169039E-004
   801    369    368 2.001788E-005 2.142544E-002 1.348482E-004
   802    370    451 1.735416E-005 2.377394E-002 1.789776E-004
   803    372    437 1.978026E-005 2.488242E-002 1.403286E-004
   804    372    371 1.943000E-005 3.948299E-002 1.275498E-004
   805    375    373 2.183687E-005 2.680079E-002 1.101346E-004
   806    375    374 1.675654E-005 2.293076E-002 1.136234E-004
   807    455    412 1.814840E-005 3.263959E-002 2.400840E-004
   808    376    446 1.024821E-005 2.852550E-002 1.155163E-004
   809    378    377 1.795381E-005 2.402116E-002 1.205505E-004
   810    379    456 1.610747E-005 4.352923E-002 2.521122E-004
   811    380    440 2.271766E-005 4.382561E-002 2.226462E-004
   812    404    447 2.260279E-005 3.642594E-002 2.262648E-004
   813    382    381 1.610372E-005 3.343925E-002 1.198040E-004
   814    384    383 2.356953E-005 2.707070E-002 1.288424E-004
   815    385    410 1.661624E-005 2.297448E-002 1.462632E-004
   816    385    458 1.926124E-005 2.761628E-002 3.467384E-004
   817    410    433 2.259748E-005 4.216842E-002 3.274990E-004
   818    387    391 1.610959E-005 3.456186E-002 9.218722E-005
   819    387    386 8.100381E-006 3.083654E-002 3.254178E-004
   820    448    414 2.307123E-005 4.635089E-002 3.688084E-004
   821    433    393 2.140134E-005 3.971101E-002 2.792058E-004
   822    423    388 1.566225E-005 3.680501E-002 2.050634E-004
   823    390    389 1.742555E-005 3.749503E-002 1.071994E-004
   824    390    391 1.791580E-005 3.282953E-002 1.049528E-004
   825    392    401 2.491888E-005 3.578516E-002 1.125410E-004
   826    392    391 1.597424E-005 3.275437E-002 1.135073E-004
   827    394    399 1.330249E-005 2.436435E-002 1.018926E-004
   828    394    393 1.902776E-005 3.591847E-002 1.075243E-004
   829    395    455 2.647470E-005 2.580017E-002 1.316109E-004
   830    436    445 1.342991E-005 2.857688E-002 2.288471E-004
   831    396    420 2.251972E-005 3.999386E-002 1.423500E-004
   832    396    463 1.944997E-005 2.885621E-002 3.960876E-004
   833    397    462 1.745443E-005 2.102440E-002 1.789464E-004
   834    398    448 1.265212E-005 3.898148E-002 3.143345E-004
   835    432    399 2.660287E-005 2.946565E-002 2.792698E-004
   836    457    410 2.025286E-005 2.888356E-002 2.941599E-004
   837    400    458 2.323330E-005 2.308132E-002 3.331474E-004
   838    434    423 2.299657E-005 4.453567E-002 1.828855E-004
   839    401    445 2.461436E-005 2.973504E-002 1.371320E-004
   840    403    448 1.447027E-005 2.851978E-002 4.836028E-004
   841    456    402 2.427170E-005 3.134292E-002 4.038564E-004
   842    404    403 2.467430E-005 2.942877E-002 2.413819E-004
   843    406    405 1.917952E-005 3.670084E-002 2.090478E-004
   844    407    410 2.648176E-005 2.478673E-002 1.979905E-004
   845    407    411 2.203481E-005 4.201588E-002 1.161183E-004
   846    465    419 2.030605E-005 3.071434E-002 4.151531E-004
   847    409    408 2.396148E-005 3.072391E-002 1.663816E-004
   848    411    410 1.498936E-005 3.617435E-002 1.752379E-004
   849    412    437 1.649348E-005 3.002783E-002 2.228725E-004
   850    413    424 1.115506E-005 3.569792E-002 1.086326E-004
   851    424    466 2.326088E-005 4.625203E-002 1.898136E-004
   852    414    425 3.089514E-005 3.347124E-002 2.203459E-004
   853    452    415 2.508548E-005 3.374366E-002 2.383045E-004
   854    416    425 2.917400E-005 3.953829E-002 1.406352E-004
   855    418    441 2.742649E-005 2.518320E-002 1.462339E-004
   856    418    417 3.197064E-005 2.766046E-002 1.015833E-004
   857    419    453 2.681558E-005 2.632220E-002 2.011318E-004
   858    419    452 2.928549E-005 3.641652E-002 2.100472E-004
   859    437    438 2.498857E-005 3.680023E-002 3.246256E-004
   860    423    439 1.502286E-005 3.869215E-002 2.387963E-004
   861    463    420 1.849663E-005 3.418219E-002 3.014423E-004
   862    463    421 2.672077E-005 4.574729E-002 4.401431E-004
   863    445    422 2.062389E-005 2.947163E-002 1.428861E-004
   864    423    438 2.286302E-005 4.340548E-002 1.745658E-004
   865    424    454 1.745769E-005 3.635905E-002 3.011810E-004
   866    425    468 2.134093E-005 2.402326E-002 1.837679E-004
   867    427    426 3.121015E-005 2.941125E-002 2.623699E-004
   868    448    468 2.611502E-005 3.965043E-002 4.377266E-004
   869    428    427 3.122345E-005 3.672594E-002 1.702922E-004
   870    428    444 2.101353E-005 4.019575E-002 1.520606E-004
   871    429    448 2.591226E-005 2.947063E-002 2.900503E-004
   872    431    430 2.957119E-005 3.764573E-002 3.322930E-004
   873    433    432 2.483295E-005 3.093625E-002 2.249093E-004
   874    435    455 2.700323E-005 2.858061E-002 3.587656E-004
   875    435    434 2.137279E-005 3.243557E-002 1.120259E-004
   876    437    436 2.777879E-005 3.666002E-002 2.082247E-004
   877    439    438 2.756068E-005 3.773584E-002 2.703432E-004
   878    441    440 2.439847E-005 2.874045E-002 1.372342E-004
   879    454    450 3.630401E-005 3.626894E-002 2.719764E-004
   880    443    442 3.722690E-005 2.820935E-002 1.601278E-004
   881    445    444 1.845407E-005 2.325876E-002 1.636476E-004
   882    446    455 2.353058E-005 2.929936E-002 1.405463E-004
   883    446    456 2.609124E-005 4.037465E-002 1.656078E-004
   884    447    448 3.977149E-005 3.239874E-002 3.137449E-004
   885    448    467 2.054125E-005 3.531221E-002 3.751049E-004
   886    449    461 2.642823E-005 2.727317E-002 2.018004E-004
   887    449    462 2.284125E-005 4.008293E-002 1.719929E-004
   888    456    451 3.781993E-005 2.621887E-002 2.420362E-004
   889    450    464 3.580999E-005 3.663661E-002 1.981234E-004
   890    455    451 3.972491E-005 3.010236E-002 3.816305E-004
   891    453    452 2.239917E-005 2.678500E-002 1.848792E-004
   892    454    464 2.794273E-005 2.896118E-002 2.070867E-004
   893    456    455 3.855833E-005 2.967562E-002 2.949871E-004
   894    457    464 3.353765E-005 3.477320E-002 2.095741E-004
   895    459    458 2.167446E-005 3.639758E-002 4.538461E-004
   896    460    465 3.147237E-005 2.720609E-002 2.719708E-004
   897    462    461 3.543731E-005 3.026672E-002 3.306342E-004
   898    464    463 2.385965E-005 2.285657E-002 4.007725E-004
   899    466    465 3.272517E-005 3.003228E-002 3.163095E-004
   900    468    467 4.731075E-005 3.446937E-002 2.561454E-004
