     1    502      0 8.937564E-006 8.937564E-006 3.997000E-006 6.385611E-017 0.000000E+000
     2    498      0 3.997000E-006 3.997000E-006 5.652612E-006 3.192805E-016 0.000000E+000
     3    496      0 9.790611E-006 9.790611E-006 5.652612E-006 1.915683E-016 0.000000E+000
     4     -1    486 5.652612E-006 5.652612E-006 3.997000E-006 6.385611E-017 0.000000E+000
     5     -1    485 3.997000E-006 3.997000E-006 1.199100E-005 6.385611E-017 0.000000E+000
     6     -1    471 3.997000E-006 3.997000E-006 7.994000E-006 5.747050E-016 0.000000E+000
     7    470      0 3.997000E-006 3.997000E-006 7.994000E-006 5.747050E-016 0.000000E+000
     8    462      0 2.080977E-004 2.080977E-004 5.652612E-006 2.554244E-016 0.000000E+000
     9    461      0 8.240027E-005 8.240027E-005 7.994000E-006 5.747050E-016 0.000000E+000
    10     -1    459 8.920359E-005 8.920359E-005 7.994000E-006 6.385611E-017 0.000000E+000
    11     -1    458 3.997000E-006 3.997000E-006 7.205694E-005 3.192805E-016 0.000000E+000
    12     -1    452 7.750471E-005 7.750471E-005 2.527925E-005 8.301294E-016 0.000000E+000
    13    445      0 1.188540E-004 1.188540E-004 1.831656E-005 1.340978E-015 0.000000E+000
    14    438      0 8.103172E-005 8.103172E-005 2.797900E-005 2.873525E-015 0.000000E+000
    15    436      0 3.997000E-006 3.997000E-006 4.396700E-005 6.385611E-017 0.000000E+000
    16     -1    430 3.997000E-006 3.997000E-006 5.736774E-005 2.362676E-015 0.000000E+000
    17    428      0 2.007943E-004 2.007943E-004 5.652612E-006 2.554244E-016 0.000000E+000
    18    427      0 6.048559E-005 6.048559E-005 1.998500E-005 6.385611E-017 0.000000E+000
    19    426      0 1.223262E-004 1.223262E-004 2.261045E-005 1.340978E-015 0.000000E+000
    20    422      0 4.626862E-005 4.626862E-005 7.994000E-006 5.747050E-016 0.000000E+000
    21     -1    415 6.217873E-005 6.217873E-005 1.998500E-005 6.385611E-017 0.000000E+000
    22     -1    409 3.854567E-005 3.854567E-005 5.652612E-006 3.192805E-016 0.000000E+000
    23     -1    400 4.248869E-005 4.248869E-005 5.652612E-006 3.192805E-016 0.000000E+000
    24    389      0 1.564843E-004 1.564843E-004 6.923007E-006 5.108489E-016 0.000000E+000
    25    388      0 4.927833E-005 4.927833E-005 1.998500E-005 6.385611E-017 0.000000E+000
    26    386      0 7.604811E-005 7.604811E-005 1.874759E-005 1.340978E-015 0.000000E+000
    27     -1    381 5.778396E-005 5.778396E-005 1.495540E-005 1.340978E-015 0.000000E+000
    28     -1    378 3.641440E-005 3.641440E-005 7.994000E-006 5.747050E-016 0.000000E+000
    29    373      0 5.436508E-005 5.436508E-005 1.874759E-005 1.340978E-015 0.000000E+000
    30    367      0 1.139614E-004 1.139614E-004 5.652612E-006 3.192805E-016 0.000000E+000
    31    359      0 3.997000E-006 3.997000E-006 2.681269E-005 1.851827E-015 0.000000E+000
    32    349      0 4.118391E-005 4.118391E-005 3.997000E-006 6.385611E-017 0.000000E+000
    33     -1    345 3.997000E-006 3.997000E-006 2.559329E-005 1.340978E-015 0.000000E+000
    34     -1    339 5.954085E-005 5.954085E-005 5.652612E-006 2.554244E-016 0.000000E+000
    35     -1    336 3.997000E-006 3.997000E-006 2.431280E-005 3.192805E-016 0.000000E+000
    36     -1    333 3.706665E-005 3.706665E-005 1.648005E-005 3.192805E-016 0.000000E+000
    37     -1    328 2.185937E-004 2.185937E-004 7.994000E-006 5.747050E-016 0.000000E+000
    38    316      0 3.997000E-006 3.997000E-006 5.196100E-005 5.172345E-015 0.000000E+000
    39    315      0 1.490403E-004 1.490403E-004 3.997000E-006 6.385611E-017 0.000000E+000
    40     -1    310 3.997000E-006 3.997000E-006 3.997000E-005 3.895223E-015 0.000000E+000
    41     -1    306 3.997000E-006 3.997000E-006 2.152450E-005 8.301294E-016 0.000000E+000
    42    302      0 6.304216E-005 6.304216E-005 3.997000E-006 6.385611E-017 0.000000E+000
    43     -1    301 3.997000E-006 3.997000E-006 2.330631E-005 1.851827E-015 0.000000E+000
    44     -1    300 3.997000E-006 3.997000E-006 2.038078E-005 3.192805E-016 0.000000E+000
    45     -1    299 2.909860E-005 2.909860E-005 7.994000E-006 5.747050E-016 0.000000E+000
    46    289      0 3.997000E-006 3.997000E-006 1.958122E-005 1.596403E-015 0.000000E+000
    47     -1    282 5.299691E-005 5.299691E-005 5.652612E-006 3.192805E-016 0.000000E+000
    48    266      0 4.079286E-005 4.079286E-005 1.199100E-005 1.340978E-015 0.000000E+000
    49    264      0 3.997000E-006 3.997000E-006 1.648005E-005 3.192805E-016 0.000000E+000
    50     -1    261 2.330631E-005 2.330631E-005 6.923007E-006 5.747050E-016 0.000000E+000
    51     -1    260 3.997000E-006 3.997000E-006 1.787513E-005 8.301294E-016 0.000000E+000
    52    255      0 3.997000E-006 3.997000E-006 1.998500E-005 1.851827E-015 0.000000E+000
    53    254      0 3.997000E-006 3.997000E-006 1.648005E-005 3.192805E-016 0.000000E+000
    54    232      0 3.997000E-006 3.997000E-006 1.874759E-005 1.340978E-015 0.000000E+000
    55    227      0 3.997000E-006 3.997000E-006 1.325655E-005 5.747050E-016 0.000000E+000
    56    224      0 7.383147E-005 7.383147E-005 5.652612E-006 1.915683E-016 0.000000E+000
    57     -1    216 3.997000E-006 3.997000E-006 2.797900E-005 2.873525E-015 0.000000E+000
    58    214      0 1.742252E-005 1.742252E-005 5.652612E-006 3.192805E-016 0.000000E+000
    59     -1    209 3.997000E-006 3.997000E-006 1.199100E-005 6.385611E-017 0.000000E+000
    60    203      0 3.997000E-006 3.997000E-006 1.199100E-005 1.340978E-015 0.000000E+000
    61     -1    191 1.495540E-005 1.495540E-005 3.997000E-006 6.385611E-017 0.000000E+000
    62    187      0 3.997000E-006 3.997000E-006 1.130522E-005 8.301294E-016 0.000000E+000
    63     -1    184 1.495540E-005 1.495540E-005 6.923007E-006 5.747050E-016 0.000000E+000
    64    166      0 3.997000E-006 3.997000E-006 9.790611E-006 5.747050E-016 0.000000E+000
    65    152      0 3.997000E-006 3.997000E-006 8.937564E-006 3.192805E-016 0.000000E+000
    66     -1    142 3.997000E-006 3.997000E-006 1.325655E-005 5.747050E-016 0.000000E+000
    67    139      0 1.695783E-005 1.695783E-005 6.923007E-006 5.108489E-016 0.000000E+000
    68     -1    137 3.997000E-006 3.997000E-006 7.994000E-006 5.747050E-016 0.000000E+000
    69     -1    122 3.997000E-006 3.997000E-006 7.994000E-006 5.747050E-016 0.000000E+000
    70     -1    108 3.997000E-006 3.997000E-006 7.994000E-006 5.747050E-016 0.000000E+000
    71     -1     98 3.997000E-006 3.997000E-006 1.199100E-005 6.385611E-017 0.000000E+000
    72     -1     80 3.997000E-006 3.997000E-006 8.937564E-006 3.192805E-016 0.000000E+000
    73     66      0 1.199100E-005 1.199100E-005 3.997000E-006 6.385611E-017 0.000000E+000
    74     -1     36 3.997000E-006 3.997000E-006 5.652612E-006 2.554244E-016 0.000000E+000
    75     -1     25 3.997000E-006 3.997000E-006 5.652612E-006 3.192805E-016 0.000000E+000
    76     -1     24 3.997000E-006 3.997000E-006 5.652612E-006 3.192805E-016 0.000000E+000
    77     -1     12 1.130522E-005 1.130522E-005 5.652612E-006 3.192805E-016 0.000000E+000
    78     -1      8 3.997000E-006 3.997000E-006 9.790611E-006 5.747050E-016 0.000000E+000
    79      1      0 8.937564E-006 8.937564E-006 3.997000E-006 6.385611E-017 0.000000E+000
    80    122    328 4.243225E-005 1.914358E-004 3.997000E-007 3.895223E-015 0.000000E+000
    81     64    221 4.148980E-005 8.357905E-005 2.421789E-005 3.001237E-015 0.000000E+000
    82    442    317 1.454483E-004 7.980017E-005 1.273248E-005 6.385611E-017 0.000000E+000
    83    368    182 9.069534E-005 5.666162E-005 1.136975E-005 6.385611E-017 0.000000E+000
    84    422    238 1.116627E-004 6.699661E-005 1.460713E-005 3.831366E-015 0.000000E+000
    85    117    198 3.369118E-005 4.533380E-005 2.412550E-005 8.109726E-015 0.000000E+000
    86    389      1 1.083399E-004 2.219213E-005 2.406460E-005 1.021698E-015 0.000000E+000
    87    219    369 4.235049E-005 1.117110E-004 1.030224E-005 1.915683E-016 0.000000E+000
    88     99    468 3.562837E-005 2.488739E-004 1.742341E-005 9.450704E-015 0.000000E+000
    89    270    110 5.644045E-005 5.164922E-005 1.962683E-005 2.171108E-015 0.000000E+000
    90    429    403 1.515710E-004 1.700945E-004 1.775020E-005 6.385611E-017 0.000000E+000
    91    157    419 4.073347E-005 7.614574E-005 3.997000E-007 6.385611E-017 0.000000E+000
    92    373      1 9.614750E-005 1.610852E-005 1.430357E-006 1.468690E-015 0.000000E+000
    93    438    153 1.493322E-004 2.712063E-005 4.695473E-006 6.385611E-017 0.000000E+000
    94     80    353 3.176812E-005 8.622156E-005 1.202039E-005 2.809669E-015 0.000000E+000
    95      4    405 2.351159E-005 2.426893E-004 2.432028E-006 3.320518E-015 0.000000E+000
    96    301    408 7.117435E-005 1.285279E-004 9.711531E-006 8.939855E-016 0.000000E+000
    97     17    432 2.170021E-005 2.180219E-004 1.439408E-005 1.149410E-015 0.000000E+000
    98      2    303 2.594666E-005 7.829791E-005 1.856159E-005 1.206880E-014 0.000000E+000
    99    278    288 7.732359E-005 6.016056E-005 1.212330E-005 6.385611E-017 0.000000E+000
   100    437      3 1.588441E-004 1.691042E-005 3.997000E-007 5.236201E-015 0.000000E+000
   101      5    447 3.732984E-005 2.081091E-004 3.997000E-007 4.725352E-015 0.000000E+000
   102    360     65 7.699613E-005 3.053260E-005 1.766099E-005 3.448230E-015 0.000000E+000
   103    397     67 1.099952E-004 5.116695E-005 1.741025E-005 1.749657E-014 0.000000E+000
   104    385      4 1.006960E-004 1.610391E-005 1.314874E-005 1.149410E-015 0.000000E+000
   105      6      5 1.173395E-005 3.374158E-005 1.062504E-005 2.873525E-015 0.000000E+000
   106      7     46 2.255739E-005 1.473498E-005 1.000078E-005 2.043395E-015 0.000000E+000
   107     39    450 1.675311E-005 1.212831E-004 9.582511E-006 2.234964E-015 0.000000E+000
   108    171    433 3.017939E-005 2.494879E-004 5.383552E-006 2.873525E-015 0.000000E+000
   109    260      8 4.266694E-005 1.733674E-005 5.551990E-006 5.108489E-016 0.000000E+000
   110      9    293 1.901855E-005 6.725321E-005 7.466204E-006 2.490388E-015 0.000000E+000
   111    344     10 4.873527E-005 1.399775E-005 8.093997E-006 5.747050E-016 0.000000E+000
   112    179    371 2.851639E-005 9.597157E-005 1.263885E-005 1.149410E-015 0.000000E+000
   113    103    178 1.847245E-005 2.560806E-005 1.653700E-005 8.301294E-016 0.000000E+000
   114    348    433 1.091883E-004 2.833653E-004 3.997000E-007 1.060011E-014 0.000000E+000
   115    293     11 5.137588E-005 1.239243E-005 1.047267E-005 1.851827E-015 0.000000E+000
   116    332    280 6.687765E-005 5.021826E-005 1.161742E-005 1.851827E-015 0.000000E+000
   117    450    270 1.035258E-004 3.899185E-005 3.997000E-007 3.767510E-015 0.000000E+000
   118    458     12 1.286766E-004 2.284102E-005 5.246074E-008 1.724115E-015 0.000000E+000
   119    358    444 5.845899E-005 1.439401E-004 1.169241E-005 2.171108E-015 0.000000E+000
   120     13     19 1.998100E-005 1.054550E-005 7.392370E-006 2.043395E-015 0.000000E+000
   121    147     14 1.872589E-005 9.763235E-006 1.399957E-005 3.831366E-016 0.000000E+000
   122    329    451 6.282675E-005 1.736934E-004 7.264041E-006 2.234964E-015 0.000000E+000
   123    264    436 3.678446E-005 1.427535E-004 4.627904E-006 6.385611E-017 0.000000E+000
   124    187    249 3.362328E-005 4.055136E-005 3.535931E-006 6.385611E-017 0.000000E+000
   125     15    413 1.491359E-005 9.107729E-005 1.054069E-005 6.385611E-016 0.000000E+000
   126    311     16 4.349884E-005 9.763235E-006 9.428420E-006 3.192805E-015 0.000000E+000
   127    160     17 2.750680E-005 1.077120E-005 1.051161E-005 1.021698E-015 0.000000E+000
   128     94    403 2.057005E-005 1.230639E-004 3.997000E-007 6.385611E-016 0.000000E+000
   129     18    457 1.239243E-005 1.409504E-004 1.362459E-005 1.787971E-015 0.000000E+000
   130     19    458 9.488159E-006 1.786643E-004 1.005199E-005 3.831366E-016 0.000000E+000
   131     21     20 9.488159E-006 5.155668E-005 1.405197E-005 1.085554E-015 0.000000E+000
   132     22    356 1.150608E-005 5.537364E-005 1.195344E-005 1.468690E-015 0.000000E+000
   133     23    448 8.610364E-006 1.491899E-004 1.069119E-005 3.639798E-015 0.000000E+000
   134     24    458 9.488159E-006 1.506949E-004 6.640823E-006 8.939855E-016 0.000000E+000
   135     44    344 9.763235E-006 4.940382E-005 1.210966E-005 1.277122E-016 0.000000E+000
   136     28    181 1.054550E-005 1.932424E-005 1.280654E-005 7.662733E-016 0.000000E+000
   137    111    384 1.219576E-005 1.153281E-004 1.384789E-005 6.385611E-017 0.000000E+000
   138    459    108 7.050591E-005 1.251259E-005 8.651454E-006 2.554244E-016 0.000000E+000
   139     25    328 8.610364E-006 2.171910E-004 8.287753E-006 4.022935E-015 0.000000E+000
   140     81    415 1.672751E-005 1.204541E-004 1.263924E-005 3.192805E-016 0.000000E+000
   141     26    463 1.003077E-005 1.602966E-004 1.082095E-005 4.469928E-016 0.000000E+000
   142     27    398 1.306199E-005 1.049001E-004 1.393895E-005 1.915683E-015 0.000000E+000
   143     27    460 1.077120E-005 2.010762E-004 1.216294E-005 1.085554E-015 0.000000E+000
   144    233    218 2.279079E-005 3.139961E-005 9.886386E-006 5.108489E-016 0.000000E+000
   145    109    440 1.679993E-005 1.398505E-004 1.316330E-005 4.406071E-015 0.000000E+000
   146    107    391 1.897628E-005 1.101247E-004 1.639199E-005 8.939855E-016 0.000000E+000
   147    150    442 1.240757E-005 1.096209E-004 8.165800E-006 6.385611E-017 0.000000E+000
   148     28    463 1.029135E-005 2.327702E-004 1.526339E-005 8.301294E-016 0.000000E+000
   149     29     92 6.903650E-006 1.044959E-005 8.240044E-006 2.554244E-016 0.000000E+000
   150     30    448 8.610364E-006 1.815056E-004 3.997000E-007 6.768747E-015 0.000000E+000
   151     32     31 7.632272E-006 8.610364E-006 1.173636E-005 5.747050E-016 0.000000E+000
   152     33     66 6.903650E-006 1.340171E-005 9.066474E-006 5.108489E-016 0.000000E+000
   153     54    149 8.610364E-006 1.574887E-005 8.357618E-006 1.085554E-015 0.000000E+000
   154     57    406 6.903650E-006 1.154446E-004 1.290162E-005 1.277122E-016 0.000000E+000
   155     54    405 7.632272E-006 1.896095E-004 3.997000E-007 1.915683E-016 0.000000E+000
   156     38    110 5.636806E-006 3.004058E-005 1.178436E-005 4.853064E-015 0.000000E+000
   157     63    256 7.971648E-006 4.634454E-005 9.385514E-006 3.384374E-015 0.000000E+000
   158     34    102 7.277086E-006 1.426655E-005 5.565341E-006 1.787971E-015 0.000000E+000
   159     35    199 3.997000E-006 4.019917E-005 4.756882E-006 1.277122E-016 0.000000E+000
   160     36    458 5.145677E-006 2.074345E-004 1.050115E-005 6.385611E-016 0.000000E+000
   161     36    184 5.145677E-006 1.932424E-005 5.970331E-006 2.362676E-015 0.000000E+000
   162     37    377 5.145677E-006 1.226546E-004 8.215251E-006 1.787971E-015 0.000000E+000
   163     39     38 5.145677E-006 5.636806E-006 6.640036E-006 7.662733E-016 0.000000E+000
   164     40    314 1.195747E-005 4.880172E-005 1.085295E-005 7.662733E-016 0.000000E+000
   165     40    278 5.145677E-006 6.900005E-005 1.026577E-005 6.385611E-017 0.000000E+000
   166     40    151 5.145677E-006 1.371709E-005 4.783809E-006 6.385611E-017 0.000000E+000
   167     41    210 3.997000E-006 3.673763E-005 8.866839E-006 1.915683E-016 0.000000E+000
   168     42    330 3.997000E-006 5.045544E-005 4.018628E-006 5.108489E-016 0.000000E+000
   169     43    316 3.997000E-006 1.502444E-004 9.489332E-006 2.311591E-014 0.000000E+000
   170     44    348 5.145677E-006 8.839624E-005 8.675058E-006 1.277122E-016 0.000000E+000
   171     45    458 5.145677E-006 2.946769E-004 1.022197E-005 1.807128E-014 0.000000E+000
   172     46    447 5.145677E-006 1.765358E-004 3.997000E-007 2.554244E-016 0.000000E+000
   173     47    381 5.145677E-006 1.466542E-004 4.747869E-006 2.126408E-014 0.000000E+000
   174     49    361 7.277086E-006 5.731486E-005 3.942325E-006 4.469928E-016 0.000000E+000
   175     49     48 3.997000E-006 5.145677E-006 5.268712E-006 2.554244E-016 0.000000E+000
   176     50    292 6.903650E-006 7.167421E-005 1.168711E-005 9.578416E-016 0.000000E+000
   177     51    405 3.997000E-006 1.596952E-004 3.997000E-007 2.937381E-015 0.000000E+000
   178     52    142 7.632272E-006 2.739154E-005 5.145539E-006 4.469928E-016 0.000000E+000
   179     54     53 4.602433E-006 5.145677E-006 4.663279E-006 5.108489E-016 0.000000E+000
   180     55    393 4.602433E-006 9.674507E-005 6.571502E-006 6.385611E-017 0.000000E+000
   181     56    374 8.610364E-006 9.118831E-005 1.053590E-005 3.192805E-016 0.000000E+000
   182     57    452 5.145677E-006 1.989670E-004 3.997000E-007 1.393340E-013 0.000000E+000
   183     58     77 5.145677E-006 1.491204E-005 8.486569E-006 6.385611E-016 0.000000E+000
   184     59    398 9.763235E-006 8.947993E-005 9.413497E-006 5.747050E-016 0.000000E+000
   185     61     60 9.763235E-006 1.008797E-005 1.136636E-005 4.469928E-016 0.000000E+000
   186     62    404 7.277086E-006 7.189667E-005 2.642791E-006 2.171108E-015 0.000000E+000
   187     63    110 3.997000E-006 1.941241E-005 5.689192E-006 9.578416E-016 0.000000E+000
   188    452    196 1.842755E-004 2.615846E-005 3.997000E-007 2.056167E-014 0.000000E+000
   189    383     64 1.807050E-004 1.932424E-005 3.997000E-007 1.979539E-015 0.000000E+000
   190    436    386 9.455009E-005 1.689951E-004 1.178400E-005 1.072783E-014 0.000000E+000
   191    374    138 1.981824E-004 1.153604E-005 9.789304E-006 3.001237E-015 0.000000E+000
   192    413    157 1.219089E-004 3.067894E-005 1.480964E-005 2.171108E-015 0.000000E+000
   193    432     85 1.628410E-004 1.138718E-005 1.375836E-005 3.639798E-015 0.000000E+000
   194    361    107 1.082100E-004 8.847737E-006 1.393167E-005 6.385611E-017 0.000000E+000
   195    211    452 5.096136E-005 1.726277E-004 5.777487E-006 6.385611E-017 0.000000E+000
   196    363    165 1.519384E-004 4.172673E-005 1.730679E-005 1.072783E-014 0.000000E+000
   197    182    390 4.349206E-005 1.325679E-004 7.801991E-006 5.108489E-016 0.000000E+000
   198    411    382 9.036047E-005 8.057724E-005 1.734603E-005 6.385611E-017 0.000000E+000
   199    461    314 1.721483E-004 1.080148E-004 9.612489E-006 1.085554E-015 0.000000E+000
   200    213    360 6.003639E-005 8.100771E-005 6.357977E-006 8.939855E-016 0.000000E+000
   201    454    100 1.624993E-004 2.982409E-005 2.391555E-007 1.277122E-015 0.000000E+000
   202    413    465 1.107512E-004 3.117958E-004 3.997000E-007 1.468690E-014 0.000000E+000
   203    162    311 2.704230E-005 1.251313E-004 1.579553E-005 2.809669E-015 0.000000E+000
   204    182    361 3.475419E-005 9.230815E-005 1.881446E-005 2.554244E-016 0.000000E+000
   205    164    370 4.580549E-005 8.459992E-005 6.779640E-006 2.618100E-015 0.000000E+000
   206    140    101 2.442758E-005 1.367721E-005 2.805733E-005 7.662733E-016 0.000000E+000
   207     65     87 2.391862E-005 1.484326E-005 2.883353E-005 5.108489E-015 0.000000E+000
   208    275    242 4.541911E-005 4.188082E-005 1.101328E-005 6.385611E-017 0.000000E+000
   209    419    312 7.431939E-005 1.613122E-004 3.997000E-007 6.385611E-017 0.000000E+000
   210    215    296 3.484774E-005 5.523395E-005 2.196222E-006 1.213266E-015 0.000000E+000
   211     67     66 3.149108E-005 1.849611E-005 1.446249E-005 2.043395E-015 0.000000E+000
   212    120    353 3.451696E-005 9.041257E-005 2.056346E-005 2.171108E-015 0.000000E+000
   213    369    215 6.468734E-005 3.564284E-005 1.776747E-005 1.851827E-015 0.000000E+000
   214    298    444 4.518131E-005 2.234470E-004 1.391748E-005 1.174952E-014 0.000000E+000
   215     88    256 1.335653E-005 7.172577E-005 1.540072E-005 2.496774E-014 0.000000E+000
   216     68    458 1.367721E-005 3.577906E-004 1.698224E-005 1.590017E-014 0.000000E+000
   217     70    463 1.491359E-005 1.429722E-004 2.841326E-006 3.959079E-015 0.000000E+000
   218     69    262 1.672751E-005 3.582050E-005 1.202549E-005 2.937381E-015 0.000000E+000
   219    176    132 2.197093E-005 1.187048E-005 1.190634E-005 9.578416E-016 0.000000E+000
   220     70    444 1.473498E-005 1.791754E-004 2.259272E-005 2.809669E-015 0.000000E+000
   221    263    213 3.148798E-005 7.207192E-005 3.997000E-007 3.703654E-015 0.000000E+000
   222    129    242 1.532473E-005 3.315158E-005 1.147869E-005 1.021698E-015 0.000000E+000
   223    205    433 2.497405E-005 1.402791E-004 4.230932E-006 6.385611E-017 0.000000E+000
   224    154     71 1.736172E-005 9.343312E-006 1.816119E-005 3.065093E-015 0.000000E+000
   225    296     72 4.056417E-005 1.138718E-005 9.190987E-006 7.024172E-016 0.000000E+000
   226    175    132 2.578528E-005 1.678740E-005 1.120145E-005 1.915683E-016 0.000000E+000
   227    200     73 2.283543E-005 1.332067E-005 7.078062E-006 1.213266E-015 0.000000E+000
   228     74    372 1.491359E-005 5.697517E-005 1.757621E-005 2.362676E-015 0.000000E+000
   229     75    398 2.129063E-005 6.586844E-005 9.927732E-006 8.939855E-016 0.000000E+000
   230     76    465 1.506715E-005 1.464240E-004 9.213948E-006 4.469928E-016 0.000000E+000
   231    124    161 2.056028E-005 2.558080E-005 1.447642E-005 6.385611E-017 0.000000E+000
   232     78     77 2.149108E-005 1.340171E-005 1.068003E-005 4.469928E-016 0.000000E+000
   233     79    104 1.150608E-005 1.321344E-005 2.067767E-005 8.939855E-016 0.000000E+000
   234     80    336 1.849611E-005 6.092783E-005 8.328182E-006 3.065093E-015 0.000000E+000
   235     81    450 1.171246E-005 1.266302E-004 1.089056E-005 4.725352E-015 0.000000E+000
   236     82    450 1.206216E-005 1.005847E-004 1.431685E-005 4.533784E-015 0.000000E+000
   237    232    359 3.859889E-005 5.564400E-005 1.188480E-005 1.724115E-015 0.000000E+000
   238    170    463 1.523277E-005 1.675037E-004 5.589703E-006 1.851827E-015 0.000000E+000
   239     83    368 9.763235E-006 7.407403E-005 1.415039E-005 5.108489E-016 0.000000E+000
   240     85     84 1.108347E-005 8.404774E-005 8.636942E-006 8.492862E-015 0.000000E+000
   241     89    146 1.173395E-005 1.626406E-005 1.739919E-005 1.596403E-015 0.000000E+000
   242     86    457 1.197151E-005 1.271367E-004 3.997000E-007 6.960316E-015 0.000000E+000
   243     87     90 6.447498E-006 8.650226E-006 1.427411E-005 8.939855E-016 0.000000E+000
   244     88    400 1.215067E-005 1.074125E-004 9.583827E-006 1.053626E-014 0.000000E+000
   245    124    278 9.488159E-006 6.111460E-005 4.067360E-006 1.085554E-015 0.000000E+000
   246     89    193 9.763235E-006 1.769547E-005 1.290901E-005 8.301294E-016 0.000000E+000
   247     90    368 3.997000E-006 6.535978E-005 4.452565E-006 5.427769E-015 0.000000E+000
   248     91    457 6.116634E-006 2.034130E-004 9.431542E-006 1.468690E-014 0.000000E+000
   249     92    436 3.997000E-006 6.791572E-005 3.925020E-006 3.065093E-015 0.000000E+000
   250     93    251 6.762193E-006 4.435796E-005 1.776290E-005 7.662733E-016 0.000000E+000
   251     95     94 6.116634E-006 3.997000E-006 2.525990E-006 3.831366E-015 0.000000E+000
   252     96    175 4.559070E-006 1.989543E-005 1.239601E-005 8.301294E-016 0.000000E+000
   253     97    439 5.766818E-006 1.340813E-004 1.145830E-005 2.618100E-015 0.000000E+000
   254     99     98 1.039628E-005 2.880774E-005 2.021565E-005 3.512086E-015 0.000000E+000
   255    101    100 6.399044E-006 2.953592E-005 7.483565E-006 3.192805E-015 0.000000E+000
   256    103    102 3.997000E-006 1.054550E-005 5.838282E-006 1.660259E-015 0.000000E+000
   257    104    463 6.762193E-006 1.199643E-004 9.582361E-006 3.256662E-015 0.000000E+000
   258    347    463 8.443491E-005 3.065608E-004 2.693458E-005 3.646184E-014 0.000000E+000
   259    377    345 1.013442E-004 4.980065E-005 3.916039E-006 3.831366E-016 0.000000E+000
   260    168    395 3.129993E-005 7.161176E-005 2.580164E-005 2.107252E-015 0.000000E+000
   261    443    448 1.338793E-004 2.457263E-004 9.358121E-006 3.512086E-015 0.000000E+000
   262    402    185 1.243196E-004 3.024070E-005 1.600436E-005 2.107252E-015 0.000000E+000
   263    217    463 4.476640E-005 1.927905E-004 1.856315E-005 8.684431E-015 0.000000E+000
   264    105    462 2.247270E-005 1.743596E-004 1.166399E-005 3.192805E-016 0.000000E+000
   265    182    391 2.047075E-005 1.203275E-004 2.111727E-005 6.385611E-017 0.000000E+000
   266    162    304 2.328737E-005 9.928463E-005 3.997000E-007 1.787971E-015 0.000000E+000
   267    106    458 1.607383E-005 2.896244E-004 1.545767E-005 5.619338E-015 0.000000E+000
   268    125    452 8.297154E-006 9.867364E-005 8.112264E-006 6.385611E-017 0.000000E+000
   269    107    182 1.046878E-005 2.022340E-005 5.502193E-006 2.554244E-016 0.000000E+000
   270    119    123 9.488159E-006 3.997000E-006 9.821156E-006 5.108489E-016 0.000000E+000
   271    108    458 1.187048E-005 1.986097E-004 3.648668E-006 3.192805E-016 0.000000E+000
   272    109    405 1.240757E-005 2.540350E-004 4.971124E-006 1.787971E-015 0.000000E+000
   273    110    256 1.655260E-005 4.674530E-005 1.051144E-005 7.726589E-015 0.000000E+000
   274    111    329 7.632272E-006 4.373783E-005 1.093696E-005 2.107252E-015 0.000000E+000
   275    112    223 5.145677E-006 4.751636E-005 1.252706E-005 2.745813E-015 0.000000E+000
   276    114    113 7.277086E-006 9.280228E-006 8.721934E-006 8.939855E-016 0.000000E+000
   277    116    115 5.145677E-006 9.763235E-006 1.068438E-005 2.171108E-015 0.000000E+000
   278    117    291 6.368244E-006 6.438367E-005 2.117909E-005 3.128949E-015 0.000000E+000
   279    118    436 3.997000E-006 6.281588E-005 3.561563E-006 7.024172E-015 0.000000E+000
   280    119    363 6.508823E-006 8.231718E-005 3.997000E-007 7.215740E-015 0.000000E+000
   281    121    120 6.903650E-006 2.257067E-005 1.301438E-005 2.809669E-015 0.000000E+000
   282    122    282 6.508823E-006 4.210941E-005 9.716059E-006 1.340978E-015 0.000000E+000
   283    123    363 6.903650E-006 8.950936E-005 3.997000E-007 5.108489E-016 0.000000E+000
   284    124    132 6.923011E-006 1.728088E-005 1.616383E-005 7.662733E-016 0.000000E+000
   285    125    453 6.508823E-006 9.241850E-005 7.275608E-006 1.277122E-016 0.000000E+000
   286    126    383 6.256295E-006 5.535678E-005 6.453386E-006 3.703654E-015 0.000000E+000
   287    127    198 7.277086E-006 2.465837E-005 2.448035E-006 1.098325E-014 0.000000E+000
   288    128    448 6.903650E-006 1.722157E-004 1.030645E-005 1.277122E-015 0.000000E+000
   289    129    315 6.903650E-006 9.337366E-005 1.206613E-005 1.979539E-015 0.000000E+000
   290    131    130 7.277086E-006 3.997000E-006 4.713914E-006 8.939855E-016 0.000000E+000
   291    132    161 2.312694E-005 2.482442E-005 2.639713E-005 7.024172E-016 0.000000E+000
   292    133    442 6.256295E-006 1.046508E-004 3.409934E-006 4.980776E-015 0.000000E+000
   293    134    169 8.610364E-006 1.919713E-005 1.411340E-005 6.385611E-017 0.000000E+000
   294    134    216 5.145677E-006 1.282420E-004 2.058765E-005 8.307680E-014 0.000000E+000
   295    135    447 6.923011E-006 1.954549E-004 1.511909E-005 2.873525E-015 0.000000E+000
   296    136    335 4.293469E-006 5.983797E-005 1.449880E-005 1.340978E-015 0.000000E+000
   297    137    400 5.636806E-006 1.605866E-004 2.014144E-005 2.107252E-015 0.000000E+000
   298    138    326 7.632272E-006 6.345800E-005 4.324973E-006 1.596403E-015 0.000000E+000
   299    437    401 1.814187E-004 7.333510E-005 3.997000E-007 6.385611E-017 0.000000E+000
   300    402    325 1.728649E-004 5.751009E-005 2.045073E-005 6.385611E-017 0.000000E+000
   301    224    246 7.314964E-005 4.419984E-005 1.266058E-005 3.831366E-016 0.000000E+000
   302    408    430 1.455977E-004 1.999192E-004 2.231565E-005 1.870984E-014 0.000000E+000
   303    457    338 1.395382E-004 9.046089E-005 1.512494E-005 1.864598E-014 0.000000E+000
   304    399    461 1.052279E-004 1.806481E-004 3.997000E-007 1.615560E-014 0.000000E+000
   305    442    341 1.398326E-004 1.445679E-004 2.759604E-005 6.385611E-017 0.000000E+000
   306    367    239 8.579347E-005 3.966708E-005 2.183310E-005 6.385611E-017 0.000000E+000
   307    439    139 1.337277E-004 2.563856E-005 1.659257E-005 1.340978E-015 0.000000E+000
   308    221    159 3.299752E-005 7.654813E-005 4.244550E-005 1.372906E-014 0.000000E+000
   309    413    252 8.340942E-005 5.068904E-005 1.867898E-005 9.195280E-015 0.000000E+000
   310    385    270 8.597407E-005 6.262247E-005 1.654293E-005 7.024172E-016 0.000000E+000
   311    200    175 3.867090E-005 1.168300E-005 2.047312E-005 6.768747E-015 0.000000E+000
   312    425    208 8.405683E-005 2.106422E-005 1.113601E-005 6.385611E-017 0.000000E+000
   313    409    301 7.829585E-005 6.498149E-005 1.784688E-005 1.915683E-014 0.000000E+000
   314    140    308 1.952947E-005 5.989065E-005 2.010438E-005 7.726589E-015 0.000000E+000
   315    210    151 2.185689E-005 1.435128E-005 2.074031E-005 4.342215E-015 0.000000E+000
   316    152    439 1.877283E-005 1.063077E-004 1.452864E-005 1.366521E-014 0.000000E+000
   317    411    381 7.360314E-005 8.285715E-005 5.898622E-006 2.490388E-015 0.000000E+000
   318    179    392 1.979581E-005 5.628330E-005 2.424479E-005 6.002474E-015 0.000000E+000
   319    141    467 1.322582E-005 1.922683E-004 7.287460E-006 3.192805E-015 0.000000E+000
   320    160    255 2.469098E-005 6.772140E-005 3.175222E-005 8.365150E-015 0.000000E+000
   321    142    468 3.471651E-005 2.146957E-004 2.649663E-005 1.047240E-014 0.000000E+000
   322    205    463 2.659732E-005 2.562699E-004 2.292284E-005 1.162181E-014 0.000000E+000
   323    212    155 3.472694E-005 1.435128E-005 2.462282E-005 5.108489E-015 0.000000E+000
   324    237    421 3.214542E-005 1.309996E-004 2.080384E-005 1.079168E-014 0.000000E+000
   325    291    352 5.140906E-005 4.985654E-005 1.249102E-005 6.385611E-017 0.000000E+000
   326    175    161 1.693619E-005 1.762310E-005 2.800366E-005 3.639798E-015 0.000000E+000
   327    187    436 1.958530E-005 6.452547E-005 4.456831E-006 5.555481E-015 0.000000E+000
   328    143    429 8.942651E-006 8.324858E-005 2.900413E-006 6.257899E-015 0.000000E+000
   329    144    331 8.226043E-006 4.530975E-005 1.274695E-005 1.915683E-015 0.000000E+000
   330    144    368 8.226043E-006 7.687025E-005 1.321690E-005 2.107252E-015 0.000000E+000
   331    145    322 7.440735E-006 3.346100E-005 6.363051E-007 1.787971E-015 0.000000E+000
   332    146    193 6.418087E-006 1.289240E-005 1.291435E-005 1.340978E-015 0.000000E+000
   333    147    463 8.004761E-006 1.373127E-004 3.003035E-006 6.385611E-017 0.000000E+000
   334    147    420 4.536418E-006 1.562271E-004 1.879034E-005 6.385611E-017 0.000000E+000
   335    148    349 7.095462E-006 8.686931E-005 2.111830E-005 4.022935E-015 0.000000E+000
   336    149    405 4.536418E-006 1.929240E-004 1.347367E-005 2.362676E-015 0.000000E+000
   337    150    356 4.536418E-006 5.865702E-005 1.604400E-005 5.108489E-015 0.000000E+000
   338    151    278 8.942651E-006 4.257807E-005 1.104222E-005 4.086791E-015 0.000000E+000
   339    152    214 6.075335E-006 1.872589E-005 7.423621E-006 1.532547E-015 0.000000E+000
   340    153    437 8.004761E-006 1.603340E-004 1.443382E-005 3.065093E-015 0.000000E+000
   341    154    405 8.004761E-006 2.324739E-004 1.889558E-005 5.172345E-015 0.000000E+000
   342    156    155 7.843224E-006 1.588132E-005 1.224846E-005 2.809669E-015 0.000000E+000
   343    157    453 7.095462E-006 8.123082E-005 9.334752E-006 6.513323E-015 0.000000E+000
   344    158    414 8.004761E-006 7.664189E-005 1.479755E-005 5.427769E-015 0.000000E+000
   345    312    465 1.622555E-004 3.390407E-004 7.705680E-006 4.150647E-015 0.000000E+000
   346    415    256 1.235569E-004 4.582864E-005 6.632373E-007 2.254121E-014 0.000000E+000
   347    422    389 1.687722E-004 1.088730E-004 3.997000E-007 6.385611E-017 0.000000E+000
   348    374    465 1.801923E-004 1.889214E-004 2.044518E-005 7.343452E-015 0.000000E+000
   349    328    159 1.481664E-004 8.042790E-005 1.782970E-005 2.062552E-014 0.000000E+000
   350    412    168 1.381311E-004 2.040349E-005 2.115271E-005 6.385611E-017 0.000000E+000
   351    453    454 1.522129E-004 1.728044E-004 3.997000E-007 2.400990E-014 0.000000E+000
   352    457    450 1.969601E-004 1.230180E-004 3.997000E-007 3.952693E-014 0.000000E+000
   353    324    441 1.120316E-004 1.130425E-004 1.808684E-005 6.385611E-017 0.000000E+000
   354    230    383 5.088892E-005 1.221851E-004 3.260652E-005 2.075324E-014 0.000000E+000
   355    346    405 9.180233E-005 2.142335E-004 3.997000E-007 3.544014E-014 0.000000E+000
   356    444    463 1.480600E-004 1.833420E-004 3.135748E-005 2.132794E-014 0.000000E+000
   357    365    189 9.086421E-005 1.729367E-005 2.937610E-005 4.789208E-015 0.000000E+000
   358    452    465 1.952519E-004 3.382937E-004 2.274145E-005 6.385611E-017 0.000000E+000
   359    455    439 1.727268E-004 1.338793E-004 3.997000E-007 6.385611E-017 0.000000E+000
   360    274    432 5.445317E-005 1.085140E-004 2.132877E-005 1.979539E-014 0.000000E+000
   361    456    185 1.312639E-004 1.332067E-005 1.504537E-005 1.404834E-015 0.000000E+000
   362    389    375 8.064020E-005 6.491908E-005 1.377019E-005 6.385611E-017 0.000000E+000
   363    160    314 2.669734E-005 6.362884E-005 3.607006E-005 3.109792E-014 0.000000E+000
   364    210    161 2.317330E-005 1.577890E-005 2.946543E-005 5.363913E-015 0.000000E+000
   365    233    458 3.120523E-005 2.929419E-004 2.690691E-005 1.309050E-014 0.000000E+000
   366    314    278 5.151987E-005 6.330482E-005 2.845535E-005 6.768747E-015 0.000000E+000
   367    161    278 2.247270E-005 6.211012E-005 2.451404E-005 6.385611E-017 0.000000E+000
   368    201    347 2.727424E-005 6.335252E-005 1.876259E-005 1.532547E-015 0.000000E+000
   369    285    162 3.798344E-005 1.891726E-005 5.406362E-006 1.149410E-015 0.000000E+000
   370    229    383 3.004465E-005 1.544781E-004 2.971791E-005 1.226037E-014 0.000000E+000
   371    164    163 2.884497E-005 9.118139E-006 2.145657E-005 6.130186E-015 0.000000E+000
   372    165    465 2.939078E-005 2.421068E-004 3.997000E-007 2.107252E-015 0.000000E+000
   373    165    327 2.404687E-005 5.814380E-005 1.644700E-005 7.790445E-015 0.000000E+000
   374    235    211 3.450266E-005 2.777282E-005 2.790094E-005 1.558089E-014 0.000000E+000
   375    231    197 2.323918E-005 3.723869E-005 2.635920E-005 2.062552E-014 0.000000E+000
   376    174    213 1.039628E-005 4.489314E-005 2.117770E-005 5.938618E-015 0.000000E+000
   377    166    232 1.382834E-005 3.726918E-005 2.399929E-005 8.492862E-015 0.000000E+000
   378    192    224 1.769886E-005 4.033130E-005 1.468889E-005 1.979539E-015 0.000000E+000
   379    167    318 1.265427E-005 1.147454E-004 3.628226E-005 1.155796E-014 0.000000E+000
   380    168    444 1.901855E-005 1.467409E-004 3.997000E-007 1.302665E-014 0.000000E+000
   381    169    458 1.332067E-005 2.879919E-004 1.475389E-005 3.065093E-015 0.000000E+000
   382    170    237 1.332067E-005 1.759746E-005 1.175815E-005 6.385611E-017 0.000000E+000
   383    171    402 9.988421E-006 1.074894E-004 1.970723E-005 9.067567E-015 0.000000E+000
   384    172    207 1.239243E-005 1.545516E-005 1.701863E-005 8.301294E-016 0.000000E+000
   385    186    237 1.188860E-005 2.450647E-005 2.422244E-005 6.832604E-015 0.000000E+000
   386    190    448 1.787855E-005 2.684566E-004 2.081029E-005 6.385611E-016 0.000000E+000
   387    234    247 2.149977E-005 4.250553E-005 8.603811E-006 8.109726E-015 0.000000E+000
   388    176    199 1.197151E-005 2.459532E-005 1.238622E-005 4.022935E-015 0.000000E+000
   389    176    200 1.019439E-005 2.457424E-005 2.231995E-005 1.915683E-016 0.000000E+000
   390    173    365 6.447498E-006 7.607989E-005 2.046810E-005 7.662733E-015 0.000000E+000
   391    174    360 9.774700E-006 6.184540E-005 9.706818E-006 6.385611E-017 0.000000E+000
   392    174    263 9.488159E-006 2.640303E-005 1.387106E-005 1.532547E-015 0.000000E+000
   393    176    175 8.650226E-006 4.994211E-006 1.099473E-005 1.277122E-015 0.000000E+000
   394    177    316 7.277086E-006 1.394535E-004 1.592327E-005 1.411220E-013 0.000000E+000
   395    178    447 8.650226E-006 1.691082E-004 1.550801E-005 6.194042E-015 0.000000E+000
   396    180    179 3.997000E-006 1.050528E-005 8.458735E-006 3.639798E-015 0.000000E+000
   397    181    463 9.419137E-006 2.828326E-004 3.997000E-007 9.195280E-015 0.000000E+000
   398    183    182 7.628783E-006 1.098993E-005 1.458286E-005 4.789208E-015 0.000000E+000
   399    183    213 9.419137E-006 4.252078E-005 1.023881E-005 2.011467E-014 0.000000E+000
   400    184    459 4.559070E-006 6.346489E-005 1.080921E-005 1.915683E-015 0.000000E+000
   401    185    446 9.419137E-006 1.165546E-004 1.414944E-005 6.385611E-017 0.000000E+000
   402    186    462 7.453556E-006 1.663707E-004 2.401711E-005 7.279596E-015 0.000000E+000
   403    402    335 1.715981E-004 7.352618E-005 1.180538E-005 1.123868E-014 0.000000E+000
   404    368    213 9.537966E-005 3.782763E-005 2.282937E-005 1.034469E-014 0.000000E+000
   405    409    378 1.177350E-004 5.789583E-005 3.286551E-005 7.854301E-014 0.000000E+000
   406    439    214 8.093342E-005 3.945764E-005 7.075015E-006 2.937381E-015 0.000000E+000
   407    349    187 6.415348E-005 2.780570E-005 2.940753E-005 6.385611E-017 0.000000E+000
   408    187    386 2.955966E-005 1.937862E-004 8.426826E-007 1.660259E-015 0.000000E+000
   409    351    447 5.752831E-005 1.730687E-004 2.061052E-005 2.171108E-015 0.000000E+000
   410    188    433 2.361953E-005 1.642765E-004 8.608419E-006 2.969309E-014 0.000000E+000
   411    189    241 1.418794E-005 2.585479E-005 1.829156E-005 1.417606E-014 0.000000E+000
   412    203    389 1.222847E-005 1.105979E-004 2.479236E-005 1.008927E-014 0.000000E+000
   413    190    398 1.361418E-005 5.248473E-005 1.433916E-005 2.107252E-015 0.000000E+000
   414    191    310 1.834706E-005 8.444787E-005 3.555547E-007 1.660259E-015 0.000000E+000
   415    192    363 1.079366E-005 2.089061E-004 2.737176E-005 9.514560E-015 0.000000E+000
   416    193    357 6.968416E-006 6.333163E-005 6.479817E-006 3.128949E-015 0.000000E+000
   417    194    262 1.150796E-005 2.682878E-005 1.944722E-005 1.660259E-014 0.000000E+000
   418    195    416 1.153604E-005 7.765808E-005 9.605389E-006 3.767510E-015 0.000000E+000
   419    196    313 1.153604E-005 3.247212E-005 9.617227E-006 1.328207E-014 0.000000E+000
   420    252    465 5.985255E-005 2.443768E-004 2.271939E-005 1.807128E-014 0.000000E+000
   421    304    223 9.471978E-005 2.662389E-005 4.052249E-005 6.385611E-017 0.000000E+000
   422    467    262 1.803324E-004 2.244657E-005 3.018055E-006 8.301294E-016 0.000000E+000
   423    302    367 7.333787E-005 1.051629E-004 2.182834E-005 6.385611E-016 0.000000E+000
   424    311    405 6.657683E-005 2.633577E-004 2.926210E-005 2.197289E-013 0.000000E+000
   425    365    295 7.356598E-005 3.545759E-005 2.862652E-005 2.356290E-014 0.000000E+000
   426    388    439 8.472417E-005 1.349333E-004 2.079460E-005 6.385611E-017 0.000000E+000
   427    295    457 5.557343E-005 1.839707E-004 2.453030E-005 2.777741E-014 0.000000E+000
   428    355    447 8.564408E-005 1.414611E-004 2.051530E-005 1.513390E-014 0.000000E+000
   429    385    197 5.144522E-005 1.792284E-005 1.874744E-005 1.181338E-014 0.000000E+000
   430    198    379 1.940857E-005 7.491823E-005 2.867434E-005 1.807128E-014 0.000000E+000
   431    288    254 4.675314E-005 3.595565E-005 2.784277E-005 6.385611E-017 0.000000E+000
   432    253    252 2.834656E-005 2.728650E-005 1.653465E-005 6.385611E-017 0.000000E+000
   433    200    199 1.313548E-005 2.825740E-005 1.974946E-005 8.365150E-015 0.000000E+000
   434    201    406 1.072538E-005 1.151698E-004 1.592794E-005 6.385611E-017 0.000000E+000
   435    201    405 1.216143E-005 1.340807E-004 3.997000E-007 6.896460E-015 0.000000E+000
   436    202    223 1.108347E-005 2.326701E-005 7.187563E-006 7.024172E-016 0.000000E+000
   437    202    304 1.072508E-005 8.589622E-005 2.747895E-005 6.385611E-017 0.000000E+000
   438    203    422 1.072508E-005 1.656035E-004 2.215775E-005 1.979539E-015 0.000000E+000
   439    204    448 1.082423E-005 1.273345E-004 1.612750E-005 2.094480E-014 0.000000E+000
   440    205    228 6.447498E-006 1.695128E-005 1.965023E-005 3.448230E-015 0.000000E+000
   441    206    310 1.225324E-005 7.606200E-005 7.696002E-006 1.143024E-014 0.000000E+000
   442    207    458 3.113032E-005 3.284500E-004 2.823172E-005 2.745813E-014 0.000000E+000
   443    208    353 9.374061E-006 6.904381E-005 1.591472E-005 4.048477E-014 0.000000E+000
   444    208    468 1.126622E-005 1.736217E-004 1.548104E-005 6.385611E-017 0.000000E+000
   445    209    282 1.126622E-005 4.396476E-005 7.204157E-006 2.675571E-014 0.000000E+000
   446    210    278 1.059432E-005 5.686005E-005 1.733481E-005 3.256662E-015 0.000000E+000
   447    211    312 1.546641E-005 7.272461E-005 2.097904E-005 1.430377E-014 0.000000E+000
   448    467    341 2.072761E-004 1.609076E-004 3.997000E-007 6.385611E-017 0.000000E+000
   449    461    289 2.263381E-004 3.518944E-005 2.254082E-005 2.068938E-014 0.000000E+000
   450    465    273 2.652645E-004 3.666755E-005 1.190241E-005 6.385611E-017 0.000000E+000
   451    467    212 2.319948E-004 2.473013E-005 4.796206E-006 4.642339E-014 0.000000E+000
   452    333    310 9.231552E-005 1.363630E-004 1.342885E-005 6.385611E-017 0.000000E+000
   453    420    213 1.392652E-004 5.158549E-005 2.916589E-005 9.195280E-015 0.000000E+000
   454    310    216 1.324568E-004 1.048923E-004 5.267450E-005 1.679416E-014 0.000000E+000
   455    216    333 1.136859E-004 8.296194E-005 5.430524E-005 1.985925E-014 0.000000E+000
   456    444    330 1.127370E-004 5.098880E-005 1.895938E-005 1.481462E-014 0.000000E+000
   457    465    267 1.995797E-004 3.710765E-005 1.815081E-005 6.385611E-017 0.000000E+000
   458    390    368 1.020990E-004 6.504509E-005 2.122444E-005 9.578416E-015 0.000000E+000
   459    353    430 8.594291E-005 1.969996E-004 6.777928E-006 4.316673E-014 0.000000E+000
   460    350    355 7.120818E-005 9.080285E-005 3.997000E-007 1.890141E-014 0.000000E+000
   461    214    427 2.477787E-005 1.397860E-004 5.234477E-005 1.047240E-014 0.000000E+000
   462    243    447 2.751713E-005 1.586744E-004 4.494428E-005 1.518498E-013 0.000000E+000
   463    313    430 5.110862E-005 9.230719E-005 2.488589E-005 1.915683E-016 0.000000E+000
   464    239    321 2.775853E-005 4.348234E-005 4.335529E-005 6.385611E-017 0.000000E+000
   465    265    386 3.393040E-005 1.438832E-004 3.997000E-007 2.279663E-014 0.000000E+000
   466    251    463 3.704669E-005 2.801883E-004 3.870007E-005 3.256662E-015 0.000000E+000
   467    307    215 4.619960E-005 2.182669E-005 6.322205E-006 4.597640E-015 0.000000E+000
   468    216    405 6.738624E-005 2.013631E-004 1.220878E-005 1.992311E-014 0.000000E+000
   469    248    239 2.084507E-005 1.939204E-005 3.980275E-005 6.385611E-016 0.000000E+000
   470    217    330 2.201783E-005 3.433665E-005 1.712947E-005 1.111096E-014 0.000000E+000
   471    252    396 1.957956E-005 9.086055E-005 2.073214E-005 4.086791E-015 0.000000E+000
   472    246    359 2.602696E-005 5.244454E-005 2.113323E-005 6.385611E-016 0.000000E+000
   473    218    459 1.090865E-005 9.728125E-005 2.101896E-005 2.452075E-014 0.000000E+000
   474    219    307 1.215067E-005 3.833686E-005 1.420957E-005 5.172345E-015 0.000000E+000
   475    220    380 1.018671E-005 9.338622E-005 3.796829E-005 7.662733E-016 0.000000E+000
   476    220    441 5.165603E-006 1.540298E-004 3.522489E-005 6.385611E-017 0.000000E+000
   477    220    418 9.803790E-006 1.041915E-004 2.720691E-005 6.385611E-017 0.000000E+000
   478    220    328 1.022631E-005 6.840150E-005 1.545039E-005 6.385611E-017 0.000000E+000
   479    220    417 1.033121E-005 7.443262E-005 2.462552E-005 6.385611E-017 0.000000E+000
   480    221    339 1.115898E-005 7.483568E-005 1.464723E-005 6.385611E-017 0.000000E+000
   481    221    340 8.779837E-006 9.445194E-005 4.121429E-005 2.171108E-014 0.000000E+000
   482    463    433 2.925862E-004 1.078100E-004 2.247429E-005 6.385611E-017 0.000000E+000
   483    441    417 1.464233E-004 8.984557E-005 3.997000E-007 6.385611E-017 0.000000E+000
   484    448    460 1.998187E-004 2.019315E-004 3.997000E-007 6.385611E-017 0.000000E+000
   485    393    222 1.122967E-004 1.643397E-005 3.636044E-005 4.105948E-014 0.000000E+000
   486    465    253 2.513655E-004 1.916567E-005 4.333433E-006 1.085554E-015 0.000000E+000
   487    468    353 1.801109E-004 6.776214E-005 2.973863E-005 6.385611E-017 0.000000E+000
   488    403    372 1.176664E-004 5.703899E-005 2.135147E-005 3.243890E-014 0.000000E+000
   489    326    374 6.440644E-005 1.895559E-004 9.354744E-006 2.892682E-014 0.000000E+000
   490    223    468 6.420730E-005 1.798070E-004 3.889878E-005 8.231052E-014 0.000000E+000
   491    373    246 7.795684E-005 2.040393E-005 1.789629E-005 6.385611E-017 0.000000E+000
   492    337    269 7.007526E-005 4.769703E-005 2.903247E-005 4.718966E-014 0.000000E+000
   493    275    426 4.605453E-005 1.086992E-004 2.426545E-005 5.108489E-016 0.000000E+000
   494    334    290 5.140906E-005 2.615846E-005 1.436349E-005 6.385611E-017 0.000000E+000
   495    330    281 4.297261E-005 3.173073E-005 2.328432E-005 1.277122E-016 0.000000E+000
   496    335    320 5.447842E-005 6.133177E-005 3.406399E-005 4.968005E-014 0.000000E+000
   497    259    224 2.760576E-005 4.229128E-005 1.413507E-005 3.065093E-015 0.000000E+000
   498    254    289 4.059920E-005 2.885489E-005 4.274705E-005 6.385611E-017 0.000000E+000
   499    224    363 3.774371E-005 1.890881E-004 6.022960E-005 2.081709E-014 0.000000E+000
   500    277    307 2.811855E-005 6.314781E-005 2.478439E-005 2.279663E-014 0.000000E+000
   501    228    463 2.703312E-005 2.534117E-004 2.081866E-005 5.874762E-015 0.000000E+000
   502    225    369 1.391970E-005 8.006038E-005 3.247934E-005 6.385611E-017 0.000000E+000
   503    225    363 1.198636E-005 1.313505E-004 2.073501E-005 6.194042E-015 0.000000E+000
   504    226    267 1.138090E-005 3.022045E-005 1.506590E-005 2.681957E-015 0.000000E+000
   505    226    465 1.049960E-005 1.722826E-004 1.642722E-005 1.455919E-014 0.000000E+000
   506    227    288 1.509092E-005 4.201785E-005 2.141982E-005 6.385611E-017 0.000000E+000
   507    227    289 8.944309E-006 2.885489E-005 2.242168E-005 1.532547E-015 0.000000E+000
   508    227    254 1.278632E-005 2.493896E-005 1.454229E-005 3.575942E-015 0.000000E+000
   509    228    433 1.213635E-005 1.280100E-004 2.082909E-005 2.618100E-015 0.000000E+000
   510    230    229 7.140402E-006 2.255965E-005 1.353412E-005 1.008927E-014 0.000000E+000
   511    231    320 1.213635E-005 4.497027E-005 1.235383E-005 1.226037E-014 0.000000E+000
   512    258    232 5.713291E-005 2.584138E-005 3.566324E-005 2.688342E-014 0.000000E+000
   513    337    463 1.036170E-004 2.548243E-004 2.412393E-005 7.024172E-016 0.000000E+000
   514    447    434 1.932868E-004 1.089722E-004 1.725112E-005 9.003711E-014 0.000000E+000
   515    318    364 9.949480E-005 9.300248E-005 2.653686E-005 6.385611E-016 0.000000E+000
   516    397    369 8.659607E-005 8.873155E-005 3.397172E-005 1.191555E-013 0.000000E+000
   517    326    257 6.339898E-005 1.631442E-005 1.965044E-005 6.385611E-017 0.000000E+000
   518    324    233 6.264540E-005 2.520050E-005 2.562949E-005 3.282204E-014 0.000000E+000
   519    234    438 1.792284E-005 1.587246E-004 2.435833E-005 6.321755E-015 0.000000E+000
   520    249    386 1.766890E-005 1.505892E-004 7.337188E-006 1.251580E-014 0.000000E+000
   521    235    312 1.516096E-005 5.282176E-005 2.004207E-005 1.309050E-014 0.000000E+000
   522    236    463 1.224484E-005 2.740158E-004 2.848882E-005 5.108489E-016 0.000000E+000
   523    236    433 1.406820E-005 1.018155E-004 1.668181E-005 1.226037E-014 0.000000E+000
   524    237    463 1.140997E-005 1.435150E-004 2.867617E-005 1.411220E-014 0.000000E+000
   525    238    462 1.086171E-005 1.642724E-004 3.564845E-005 6.385611E-017 0.000000E+000
   526    238    240 1.332067E-005 2.293998E-005 1.269241E-005 1.149410E-015 0.000000E+000
   527    239    305 1.157527E-005 5.153883E-005 3.624975E-005 1.558089E-014 0.000000E+000
   528    315    287 1.149371E-004 3.732984E-005 2.581279E-005 6.672963E-014 0.000000E+000
   529    405    458 1.534737E-004 2.742695E-004 3.488488E-006 4.022935E-014 0.000000E+000
   530    449    421 9.928967E-005 1.174321E-004 3.651270E-005 3.365217E-014 0.000000E+000
   531    271    385 3.646327E-005 6.894270E-005 3.037442E-005 2.426532E-014 0.000000E+000
   532    333    312 4.886613E-005 9.803126E-005 3.176448E-005 2.490388E-014 0.000000E+000
   533    305    374 5.100115E-005 1.568033E-004 3.997000E-007 1.072783E-014 0.000000E+000
   534    240    462 1.093953E-005 1.549362E-004 2.172798E-005 2.324362E-014 0.000000E+000
   535    241    382 1.297170E-005 5.310098E-005 1.204796E-005 2.471231E-014 0.000000E+000
   536    242    276 1.215375E-005 3.600989E-005 1.414342E-005 9.769985E-015 0.000000E+000
   537    243    355 1.139338E-005 9.255237E-005 2.969997E-005 4.782822E-014 0.000000E+000
   538    244    417 1.768901E-005 1.159394E-004 2.534970E-005 2.107252E-014 0.000000E+000
   539    245    316 9.048850E-006 9.985253E-005 1.370948E-005 1.787971E-014 0.000000E+000
   540    245    442 1.351515E-005 9.141232E-005 1.558059E-005 2.120023E-014 0.000000E+000
   541    448    361 2.712908E-004 8.139761E-005 3.054452E-005 2.688342E-014 0.000000E+000
   542    363    246 1.845223E-004 2.561706E-005 3.259410E-005 4.150647E-015 0.000000E+000
   543    310    304 1.273071E-004 4.817209E-005 2.683382E-005 4.489084E-014 0.000000E+000
   544    357    432 9.912162E-005 1.011176E-004 3.626027E-005 5.229815E-014 0.000000E+000
   545    314    268 7.447062E-005 2.265119E-005 3.337886E-005 6.577179E-015 0.000000E+000
   546    363    327 1.336836E-004 8.817595E-005 3.904995E-005 3.907994E-014 0.000000E+000
   547    418    380 1.191707E-004 7.551857E-005 4.265306E-005 6.385611E-017 0.000000E+000
   548    321    367 5.651368E-005 6.482538E-005 1.302199E-005 6.385611E-017 0.000000E+000
   549    284    360 3.719209E-005 3.876613E-005 3.196079E-005 6.385611E-017 0.000000E+000
   550    316    442 9.920707E-005 9.829082E-005 1.505834E-005 1.685801E-014 0.000000E+000
   551    396    273 7.541095E-005 2.170963E-005 2.794145E-005 1.213266E-015 0.000000E+000
   552    247    438 3.431949E-005 1.710356E-004 3.329626E-005 6.641035E-015 0.000000E+000
   553    415    450 7.917785E-005 1.261889E-004 3.818055E-006 5.964160E-014 0.000000E+000
   554    312    414 7.354782E-005 8.847308E-005 3.882587E-005 4.884992E-014 0.000000E+000
   555    458    348 1.483895E-004 5.410032E-005 1.752681E-005 3.135335E-014 0.000000E+000
   556    318    455 8.039698E-005 2.321483E-004 5.310920E-005 2.554244E-016 0.000000E+000
   557    436    401 1.092995E-004 4.529214E-005 3.194455E-005 4.687038E-014 0.000000E+000
   558    258    363 2.583109E-005 1.511084E-004 1.612019E-005 6.870917E-014 0.000000E+000
   559    422    264 5.594804E-005 2.116664E-005 2.376504E-005 7.343452E-015 0.000000E+000
   560    288    268 2.784135E-005 2.374343E-005 2.013881E-005 1.277122E-016 0.000000E+000
   561    250    402 2.063765E-005 1.744748E-004 5.136883E-006 2.873525E-015 0.000000E+000
   562    248    367 1.456206E-005 6.498291E-005 1.712956E-005 6.385611E-017 0.000000E+000
   563    248    321 1.191516E-005 3.783144E-005 1.020841E-005 1.532547E-015 0.000000E+000
   564    249    349 1.346389E-005 5.597876E-005 2.082232E-005 2.234964E-015 0.000000E+000
   565    250    251 1.391390E-005 1.406765E-005 1.297551E-005 6.896460E-015 0.000000E+000
   566    251    402 1.328112E-005 1.935961E-004 2.484542E-005 4.201732E-014 0.000000E+000
   567    252    273 1.572882E-005 1.883827E-005 1.994472E-005 6.385611E-017 0.000000E+000
   568    252    420 1.332190E-005 1.138915E-004 1.816970E-005 1.915683E-016 0.000000E+000
   569    253    273 1.261512E-005 1.988539E-005 9.420382E-006 1.143024E-014 0.000000E+000
   570    386    360 2.855119E-004 4.458492E-005 6.138482E-005 6.385611E-017 0.000000E+000
   571    463    405 3.006144E-004 1.415656E-004 4.619061E-005 2.201120E-013 0.000000E+000
   572    339    383 9.314283E-005 1.795553E-004 7.960516E-005 6.385611E-017 0.000000E+000
   573    423    364 1.277918E-004 3.993062E-005 4.863313E-005 6.385611E-017 0.000000E+000
   574    405    448 2.411452E-004 2.662853E-004 2.746990E-006 7.662733E-014 0.000000E+000
   575    446    463 1.143858E-004 2.586992E-004 7.890101E-006 1.540209E-013 0.000000E+000
   576    324    440 9.119524E-005 1.547724E-004 4.120506E-005 3.180034E-014 0.000000E+000
   577    293    278 5.056825E-005 3.816136E-005 5.659858E-005 6.206814E-014 0.000000E+000
   578    361    257 5.136106E-005 1.454951E-005 1.697298E-005 6.385611E-017 0.000000E+000
   579    255    254 3.276617E-005 1.663008E-005 2.748758E-005 2.560630E-014 0.000000E+000
   580    256    299 2.387645E-005 3.641879E-005 1.751805E-005 3.863295E-014 0.000000E+000
   581    398    467 4.869768E-005 2.244959E-004 3.997000E-007 7.024172E-016 0.000000E+000
   582    257    386 1.548914E-005 2.946815E-004 3.477769E-005 6.385611E-017 0.000000E+000
   583    257    284 4.103837E-006 2.076750E-005 2.242181E-005 6.385611E-017 0.000000E+000
   584    257    360 1.458220E-005 3.427720E-005 1.215216E-005 2.554244E-016 0.000000E+000
   585    259    258 1.361640E-005 2.198412E-005 1.511572E-005 1.915683E-016 0.000000E+000
   586    259    363 1.543703E-005 1.654024E-004 2.922180E-005 6.743205E-014 0.000000E+000
   587    341    317 1.356655E-004 3.068535E-005 4.233694E-005 3.020394E-014 0.000000E+000
   588    296    363 4.146794E-005 9.911386E-005 4.319329E-005 2.739427E-014 0.000000E+000
   589    313    452 5.884353E-005 1.484954E-004 1.310557E-006 1.174952E-014 0.000000E+000
   590    261    260 1.578121E-005 1.913620E-005 3.326630E-005 4.418843E-014 0.000000E+000
   591    307    369 4.117665E-005 7.206411E-005 4.366376E-005 3.812210E-014 0.000000E+000
   592    285    311 3.050860E-005 6.938356E-005 3.103628E-005 6.385611E-017 0.000000E+000
   593    261    299 1.381579E-005 4.292921E-005 3.387326E-005 1.436762E-014 0.000000E+000
   594    262    448 1.525310E-005 1.858528E-004 1.088592E-005 7.407309E-015 0.000000E+000
   595    263    360 1.884203E-005 6.073485E-005 3.126333E-005 1.340978E-015 0.000000E+000
   596    263    465 1.527417E-005 1.392813E-004 1.962386E-005 5.683194E-015 0.000000E+000
   597    264    445 1.585646E-005 5.925946E-005 1.408079E-005 2.107252E-015 0.000000E+000
   598    265    389 1.542210E-005 7.551857E-005 1.961088E-005 1.928454E-014 0.000000E+000
   599    311    286 6.883163E-005 3.073532E-005 2.232517E-005 2.554244E-015 0.000000E+000
   600    408    419 1.432316E-004 6.906691E-005 3.909980E-005 6.385611E-017 0.000000E+000
   601    422    272 1.241699E-004 2.134060E-005 4.072564E-005 3.773896E-014 0.000000E+000
   602    288    314 4.180367E-005 3.258892E-005 3.477747E-005 5.472468E-014 0.000000E+000
   603    394    432 6.333211E-005 1.518108E-004 1.380530E-005 6.385611E-017 0.000000E+000
   604    266    315 3.248356E-005 8.723754E-005 4.839065E-005 3.077864E-014 0.000000E+000
   605    467    447 1.219397E-004 1.550376E-004 3.504483E-005 1.013396E-013 0.000000E+000
   606    267    420 2.648240E-005 7.762688E-005 9.577092E-006 7.024172E-015 0.000000E+000
   607    283    454 3.090838E-005 1.150925E-004 1.442777E-005 2.043395E-015 0.000000E+000
   608    268    461 2.539825E-005 1.726566E-004 6.300920E-006 1.046602E-013 0.000000E+000
   609    328    380 5.344708E-005 1.110732E-004 4.069369E-005 1.028083E-014 0.000000E+000
   610    302    373 2.623791E-005 1.262049E-004 5.716165E-005 1.569583E-013 0.000000E+000
   611    269    277 4.031135E-005 1.978414E-005 2.278807E-005 1.449534E-014 0.000000E+000
   612    271    270 1.385167E-005 2.203016E-005 2.718977E-005 2.937381E-014 0.000000E+000
   613    272    462 1.420941E-005 1.536870E-004 3.661571E-005 4.386915E-014 0.000000E+000
   614    273    420 1.781346E-005 7.606526E-005 2.502784E-005 4.661496E-015 0.000000E+000
   615    466    296 2.222287E-004 2.871438E-005 1.715404E-005 1.035108E-013 0.000000E+000
   616    312    452 8.285040E-005 1.591560E-004 1.988104E-005 6.934773E-014 0.000000E+000
   617    412    439 8.348207E-005 8.403956E-005 3.997000E-007 1.031915E-013 0.000000E+000
   618    294    274 2.372266E-005 2.289571E-005 2.642947E-005 8.237438E-015 0.000000E+000
   619    300    468 2.862951E-005 1.964040E-004 3.214479E-005 5.108489E-014 0.000000E+000
   620    285    328 3.806148E-005 4.751049E-005 3.393767E-005 5.747050E-016 0.000000E+000
   621    306    378 3.773251E-005 4.899042E-005 2.505023E-005 2.509545E-014 0.000000E+000
   622    453    413 1.283772E-004 6.003682E-005 3.010892E-005 6.385611E-017 0.000000E+000
   623    462    369 2.216095E-004 5.557654E-005 4.461588E-005 8.384307E-014 0.000000E+000
   624    428    278 1.351063E-004 1.811417E-005 5.653635E-005 1.213266E-015 0.000000E+000
   625    318    456 8.393956E-005 1.180925E-004 5.669463E-005 1.609174E-014 0.000000E+000
   626    427    439 9.929655E-005 7.607509E-005 3.147070E-005 2.924610E-014 0.000000E+000
   627    275    276 3.609933E-005 3.101507E-005 2.490345E-005 4.086791E-014 0.000000E+000
   628    276    426 3.969351E-005 1.009866E-004 2.728905E-005 2.011467E-014 0.000000E+000
   629    277    309 1.554647E-005 2.353902E-005 2.719725E-005 9.386848E-015 0.000000E+000
   630    386    374 2.635765E-004 1.323628E-004 3.997000E-007 6.385611E-017 0.000000E+000
   631    383    340 1.482360E-004 5.666751E-005 8.709640E-005 9.163351E-014 0.000000E+000
   632    443    386 1.171019E-004 2.699609E-004 1.013125E-005 1.107265E-013 0.000000E+000
   633    338    332 5.807526E-005 4.448238E-005 6.555410E-005 8.761058E-014 0.000000E+000
   634    297    308 4.991397E-005 3.358403E-005 4.601960E-005 6.385611E-017 0.000000E+000
   635    290    337 2.100254E-005 7.901991E-005 3.266350E-005 2.375447E-014 0.000000E+000
   636    309    420 3.271884E-005 1.002498E-004 4.809153E-005 1.021698E-015 0.000000E+000
   637    279    428 1.672583E-005 1.356704E-004 2.464879E-005 6.385611E-017 0.000000E+000
   638    279    278 1.736945E-005 1.519725E-005 1.158161E-005 1.909298E-014 0.000000E+000
   639    280    449 1.359499E-005 1.009014E-004 3.516448E-005 2.445689E-014 0.000000E+000
   640    281    444 1.956718E-005 9.799155E-005 2.732908E-005 2.554244E-016 0.000000E+000
   641    281    293 1.831975E-005 2.544736E-005 1.118256E-005 3.422687E-014 0.000000E+000
   642    452    406 1.595803E-004 6.718586E-005 3.636884E-005 9.278292E-014 0.000000E+000
   643    341    443 1.035409E-004 7.327605E-005 2.870335E-006 1.845442E-013 0.000000E+000
   644    369    420 1.287176E-004 9.254644E-005 4.569848E-005 7.726589E-015 0.000000E+000
   645    369    297 1.021023E-004 1.385898E-005 4.737868E-005 1.641102E-014 0.000000E+000
   646    285    282 4.718925E-005 8.486860E-006 6.221845E-005 5.261743E-014 0.000000E+000
   647    376    357 6.709742E-005 4.523388E-005 3.695544E-005 1.660259E-015 0.000000E+000
   648    337    334 8.000177E-005 2.807881E-005 4.594660E-005 2.484003E-014 0.000000E+000
   649    283    413 8.507735E-006 6.003682E-005 3.009311E-005 1.270737E-014 0.000000E+000
   650    283    453 1.759010E-005 1.160634E-004 2.248556E-005 8.812143E-015 0.000000E+000
   651    284    374 1.349099E-005 1.421795E-004 2.688349E-005 1.277122E-016 0.000000E+000
   652    284    386 1.736198E-005 2.636064E-004 3.769050E-005 8.365150E-015 0.000000E+000
   653    286    328 1.803710E-005 4.942283E-005 1.494033E-005 7.471165E-015 0.000000E+000
   654    286    285 1.874470E-005 2.013328E-005 1.459823E-005 2.107252E-015 0.000000E+000
   655    457    463 1.112106E-004 3.184714E-004 1.542298E-005 6.385611E-017 0.000000E+000
   656    320    346 4.299624E-005 3.491094E-005 4.019047E-005 3.333289E-014 0.000000E+000
   657    297    309 2.760863E-005 2.819784E-005 3.221833E-005 6.385611E-017 0.000000E+000
   658    287    388 1.713064E-005 4.875471E-005 1.563777E-005 3.045936E-014 0.000000E+000
   659    289    288 1.865079E-005 2.497119E-005 2.572337E-005 1.973154E-014 0.000000E+000
   660    290    463 1.690528E-005 2.100480E-004 3.013183E-005 1.507004E-014 0.000000E+000
   661    291    433 1.946973E-005 1.928312E-004 8.549097E-006 1.896526E-014 0.000000E+000
   662    292    402 7.903871E-005 1.586336E-004 6.871804E-005 1.224760E-013 0.000000E+000
   663    408    453 1.239331E-004 1.216789E-004 4.685259E-005 1.832670E-014 0.000000E+000
   664    448    351 1.851295E-004 3.571167E-005 2.248387E-005 2.413761E-014 0.000000E+000
   665    404    440 8.303892E-005 7.898384E-005 3.694595E-005 2.183879E-014 0.000000E+000
   666    444    412 1.171321E-004 8.957434E-005 4.652806E-005 9.546488E-014 0.000000E+000
   667    308    424 5.900690E-005 8.769687E-005 5.979070E-005 1.641102E-014 0.000000E+000
   668    293    330 2.516574E-005 2.953376E-005 2.760377E-005 1.660259E-015 0.000000E+000
   669    294    379 3.439036E-005 4.459310E-005 4.421235E-005 4.501856E-014 0.000000E+000
   670    323    350 3.102783E-005 6.491776E-005 4.514342E-005 9.559259E-014 0.000000E+000
   671    295    410 2.054539E-005 7.216704E-005 1.645763E-005 5.670422E-014 0.000000E+000
   672    296    307 1.850592E-005 5.541925E-005 1.536104E-005 2.145565E-014 0.000000E+000
   673    297    420 1.894534E-005 7.514124E-005 2.455095E-005 1.277122E-015 0.000000E+000
   674    298    357 1.814107E-005 4.523388E-005 2.018052E-005 6.385611E-017 0.000000E+000
   675    298    376 1.914292E-005 5.805121E-005 2.688148E-005 1.998696E-014 0.000000E+000
   676    460    366 1.785961E-004 6.247759E-005 3.997000E-007 2.535087E-014 0.000000E+000
   677    403    371 1.399402E-004 7.256509E-005 2.396045E-005 4.054863E-014 0.000000E+000
   678    447    403 1.530153E-004 1.238772E-004 4.853795E-005 1.233700E-013 0.000000E+000
   679    431    419 1.214812E-004 5.666544E-005 7.229660E-005 6.385611E-017 0.000000E+000
   680    460    398 1.901082E-004 6.746707E-005 7.056846E-005 1.366521E-014 0.000000E+000
   681    402    324 1.309772E-004 3.893862E-005 4.105616E-005 3.314132E-014 0.000000E+000
   682    437    445 1.227660E-004 1.041841E-004 6.790824E-005 2.528702E-014 0.000000E+000
   683    430    333 1.480814E-004 3.365697E-005 3.932858E-005 4.246431E-014 0.000000E+000
   684    299    415 4.775304E-005 7.222590E-005 1.830802E-005 3.556785E-014 0.000000E+000
   685    420    308 1.089135E-004 2.323749E-005 3.481648E-005 4.814751E-014 0.000000E+000
   686    407    381 8.299299E-005 1.096473E-004 1.772501E-005 1.484655E-013 0.000000E+000
   687    300    336 3.437601E-005 3.670041E-005 5.211939E-005 6.417539E-014 0.000000E+000
   688    322    374 3.337629E-005 8.858029E-005 1.997914E-005 5.715122E-014 0.000000E+000
   689    304    311 3.792613E-005 4.558689E-005 4.600458E-005 6.385611E-017 0.000000E+000
   690    342    467 3.358665E-005 1.688420E-004 4.413679E-006 6.200428E-014 0.000000E+000
   691    301    430 3.606714E-005 1.769233E-004 3.099031E-005 4.099562E-014 0.000000E+000
   692    302    321 2.126249E-005 2.663497E-005 3.764208E-005 2.043395E-014 0.000000E+000
   693    302    322 1.770184E-005 2.940984E-005 3.833442E-005 6.385611E-017 0.000000E+000
   694    386    448 2.715202E-004 2.044388E-004 9.611481E-005 2.316700E-013 0.000000E+000
   695    386    361 2.573787E-004 3.415994E-005 5.327067E-005 4.469928E-016 0.000000E+000
   696    465    327 2.305880E-004 2.975237E-005 5.070738E-005 7.368995E-014 0.000000E+000
   697    402    320 1.491194E-004 2.847285E-005 5.375084E-005 1.025529E-013 0.000000E+000
   698    348    402 1.050135E-004 9.309567E-005 5.335267E-005 1.277122E-016 0.000000E+000
   699    389    374 7.695597E-005 8.073520E-005 4.010985E-005 1.184531E-013 0.000000E+000
   700    399    421 6.962995E-005 1.229411E-004 3.973686E-005 9.904082E-014 0.000000E+000
   701    341    303 8.904385E-005 2.878295E-005 3.769708E-005 8.429006E-014 0.000000E+000
   702    304    468 2.226423E-005 1.572598E-004 4.480702E-005 9.725285E-014 0.000000E+000
   703    360    465 5.110967E-005 1.355355E-004 3.409637E-005 6.385611E-017 0.000000E+000
   704    384    451 4.729229E-005 1.619906E-004 4.224241E-005 3.895223E-015 0.000000E+000
   705    360    460 3.545081E-005 1.433381E-004 3.593589E-005 6.385611E-017 0.000000E+000
   706    386    305 2.460155E-004 2.996298E-005 3.398883E-005 5.951389E-014 0.000000E+000
   707    451    318 1.441085E-004 5.047737E-005 6.053422E-005 6.385611E-017 0.000000E+000
   708    466    308 1.444876E-004 2.558179E-005 4.816091E-005 6.385611E-017 0.000000E+000
   709    326    460 3.814029E-005 1.363708E-004 1.368774E-005 6.385611E-017 0.000000E+000
   710    306    453 2.057094E-005 1.248069E-004 3.053562E-005 3.984621E-014 0.000000E+000
   711    309    307 1.283622E-005 3.546791E-005 3.779389E-005 2.771355E-014 0.000000E+000
   712    309    308 1.916697E-005 2.576133E-005 4.200070E-005 1.360135E-014 0.000000E+000
   713    311    310 1.999450E-005 8.666284E-005 3.214852E-005 1.714536E-013 0.000000E+000
   714    313    312 2.070947E-005 4.807201E-005 3.074302E-005 5.498011E-014 0.000000E+000
   715    314    432 6.297665E-005 1.208647E-004 7.249693E-005 2.567654E-013 0.000000E+000
   716    315    318 7.727267E-005 5.948552E-005 6.849467E-005 1.323737E-013 0.000000E+000
   717    317    316 2.280779E-005 9.125530E-005 3.975652E-005 9.220822E-014 0.000000E+000
   718    319    318 8.690721E-006 5.047737E-005 2.748481E-005 3.237505E-014 0.000000E+000
   719    319    451 1.952997E-005 1.076203E-004 4.862691E-005 5.140417E-014 0.000000E+000
   720    430    416 1.760589E-004 5.581148E-005 3.880654E-005 6.870917E-014 0.000000E+000
   721    458    407 2.331196E-004 6.755062E-005 4.267648E-005 2.975695E-014 0.000000E+000
   722    386    389 1.473269E-004 8.161732E-005 2.165849E-005 8.352379E-014 0.000000E+000
   723    348    320 6.509797E-005 2.801730E-005 3.098498E-005 2.452075E-014 0.000000E+000
   724    322    321 2.235628E-005 2.022629E-005 1.842899E-005 1.896526E-014 0.000000E+000
   725    323    447 2.195221E-005 1.622819E-004 3.852470E-005 9.010097E-014 0.000000E+000
   726    463    403 2.168452E-004 1.238383E-004 2.851462E-005 8.326836E-014 0.000000E+000
   727    369    363 6.899769E-005 1.078965E-004 3.894381E-005 1.609174E-014 0.000000E+000
   728    325    329 1.690007E-005 2.331462E-005 1.574331E-005 5.727893E-014 0.000000E+000
   729    325    324 2.054039E-005 2.874866E-005 3.512244E-005 2.362676E-014 0.000000E+000
   730    326    465 3.374561E-005 1.195842E-004 1.064465E-005 1.407389E-013 0.000000E+000
   731    326    360 2.808132E-005 2.884796E-005 2.888995E-005 6.385611E-016 0.000000E+000
   732    421    393 1.759855E-004 4.368077E-005 7.821077E-005 2.057444E-013 0.000000E+000
   733    327    374 5.009756E-005 7.298203E-005 5.651875E-005 7.126342E-014 0.000000E+000
   734    403    455 9.779218E-005 9.858451E-005 3.330305E-005 1.718368E-013 0.000000E+000
   735    364    439 3.512577E-005 8.538663E-005 3.765975E-005 3.243890E-014 0.000000E+000
   736    328    417 5.398881E-005 4.322679E-005 2.565558E-005 7.024172E-015 0.000000E+000
   737    329    383 2.078853E-005 8.451779E-005 5.542079E-005 8.301294E-016 0.000000E+000
   738    329    384 1.979581E-005 6.042482E-005 3.995553E-005 1.111096E-014 0.000000E+000
   739    330    358 2.315031E-005 2.983855E-005 2.472170E-005 6.028017E-014 0.000000E+000
   740    331    375 1.510723E-005 3.657676E-005 2.612929E-005 6.385611E-017 0.000000E+000
   741    331    374 2.134060E-005 6.528491E-005 2.706086E-005 1.704958E-014 0.000000E+000
   742    458    362 2.286424E-004 3.335730E-005 3.721516E-005 8.984554E-014 0.000000E+000
   743    431    408 9.123912E-005 1.071289E-004 1.576081E-005 5.970546E-014 0.000000E+000
   744    332    421 2.723919E-005 7.810881E-005 5.114871E-005 9.789141E-014 0.000000E+000
   745    333    416 2.223290E-005 6.566059E-005 4.735639E-005 3.390759E-014 0.000000E+000
   746    373    389 6.256222E-005 6.254380E-005 5.845161E-005 5.753435E-014 0.000000E+000
   747    334    464 2.057582E-005 6.709194E-005 3.891794E-005 1.021698E-015 0.000000E+000
   748    334    463 2.189247E-005 2.645421E-004 1.964278E-005 6.385611E-017 0.000000E+000
   749    451    441 1.456725E-004 7.878247E-005 6.956234E-005 1.913129E-013 0.000000E+000
   750    371    392 5.621719E-005 3.962934E-005 3.761976E-005 2.362676E-015 0.000000E+000
   751    335    433 1.978256E-005 1.290251E-004 1.820763E-005 1.434208E-013 0.000000E+000
   752    336    354 9.933261E-006 2.991592E-005 3.556606E-005 3.658955E-014 0.000000E+000
   753    338    337 2.450749E-005 3.574733E-005 1.918398E-005 7.088028E-014 0.000000E+000
   754    340    339 2.366484E-005 3.469168E-005 3.208526E-005 1.639825E-013 0.000000E+000
   755    342    341 1.024996E-005 1.052702E-004 7.377902E-005 1.630885E-013 0.000000E+000
   756    465    429 2.835662E-004 7.674648E-005 6.697391E-005 3.427157E-013 0.000000E+000
   757    404    455 9.346165E-005 1.723570E-004 3.997000E-007 2.358206E-013 0.000000E+000
   758    350    443 5.111831E-005 7.310037E-005 4.545385E-005 1.225399E-013 0.000000E+000
   759    405    429 1.827642E-004 7.421424E-005 6.382903E-005 6.385611E-017 0.000000E+000
   760    343    461 2.085371E-005 1.495094E-004 2.650685E-005 1.052987E-013 0.000000E+000
   761    344    348 2.062566E-005 4.035477E-005 3.577670E-005 1.216459E-013 0.000000E+000
   762    344    458 2.479244E-005 1.654824E-004 1.282624E-005 5.747050E-016 0.000000E+000
   763    345    378 2.608561E-005 3.661659E-005 2.747424E-005 5.019090E-014 0.000000E+000
   764    346    458 2.560745E-005 1.492851E-004 3.649551E-005 1.372268E-013 0.000000E+000
   765    347    429 1.834650E-005 7.421424E-005 4.647512E-005 5.095717E-014 0.000000E+000
   766    347    405 2.423223E-005 1.233744E-004 3.969873E-005 2.305205E-014 0.000000E+000
   767    386    442 2.054688E-004 8.979257E-005 3.926833E-006 6.385611E-017 0.000000E+000
   768    453    377 1.023209E-004 4.136675E-005 4.501985E-005 1.862683E-013 0.000000E+000
   769    362    348 2.817939E-005 6.595087E-005 6.343470E-005 3.288590E-014 0.000000E+000
   770    431    465 6.770180E-005 2.108530E-004 4.564605E-005 2.646197E-013 0.000000E+000
   771    349    386 2.224119E-005 1.723509E-004 1.355918E-005 4.661496E-014 0.000000E+000
   772    351    350 2.308089E-005 2.901914E-005 5.011695E-005 1.081084E-013 0.000000E+000
   773    351    355 2.567877E-005 3.743335E-005 1.584973E-006 7.151884E-015 0.000000E+000
   774    352    432 2.433893E-005 1.108250E-004 2.087272E-005 6.385611E-017 0.000000E+000
   775    352    433 2.649417E-005 1.241759E-004 2.194293E-005 9.897697E-015 0.000000E+000
   776    354    468 2.204640E-005 1.358147E-004 5.878957E-005 6.385611E-017 0.000000E+000
   777    354    353 1.417196E-005 3.645540E-005 3.892685E-005 9.457090E-014 0.000000E+000
   778    355    437 5.580788E-005 1.444010E-004 4.725034E-005 1.798188E-013 0.000000E+000
   779    390    422 7.184554E-005 5.698291E-005 8.637947E-005 3.819872E-013 0.000000E+000
   780    454    413 7.688187E-005 4.654942E-005 4.165980E-005 6.385611E-017 0.000000E+000
   781    356    386 2.122594E-005 1.486553E-004 5.140240E-005 3.703654E-015 0.000000E+000
   782    356    442 2.515301E-005 6.963112E-005 4.309789E-005 1.430377E-014 0.000000E+000
   783    358    357 2.343054E-005 1.541790E-005 3.709456E-005 1.466136E-013 0.000000E+000
   784    359    373 2.557666E-005 5.318119E-005 3.604723E-005 1.500619E-014 0.000000E+000
   785    361    360 2.768945E-005 3.491316E-005 5.346390E-006 3.505700E-014 0.000000E+000
   786    362    402 2.953087E-005 9.578828E-005 3.565627E-005 2.554244E-015 0.000000E+000
   787    466    363 2.369292E-004 8.117758E-005 7.557234E-005 3.252830E-013 0.000000E+000
   788    402    405 1.827636E-004 1.560342E-004 9.667342E-005 1.552342E-013 0.000000E+000
   789    380    441 4.695625E-005 8.255220E-005 6.243080E-005 4.469928E-016 0.000000E+000
   790    364    455 2.502771E-005 1.436647E-004 6.526019E-005 1.567029E-013 0.000000E+000
   791    365    411 2.792718E-005 4.365331E-005 3.125976E-005 2.254121E-014 0.000000E+000
   792    405    440 2.568615E-004 8.519772E-005 6.078607E-005 2.273277E-014 0.000000E+000
   793    386    391 1.539228E-004 3.382806E-005 6.022422E-005 6.385611E-017 0.000000E+000
   794    386    366 2.762443E-004 3.701678E-005 8.133007E-005 2.828187E-013 0.000000E+000
   795    405    380 2.098867E-004 4.480836E-005 3.367124E-005 3.065093E-015 0.000000E+000
   796    391    401 4.392347E-005 4.384996E-005 5.263453E-005 6.385611E-017 0.000000E+000
   797    448    371 2.112854E-004 4.665474E-005 7.284634E-005 2.166638E-013 0.000000E+000
   798    386    367 1.078312E-004 2.857920E-005 4.771210E-005 1.809682E-013 0.000000E+000
   799    439    437 1.004069E-004 1.447005E-004 5.908495E-005 6.385611E-017 0.000000E+000
   800    395    412 3.370225E-005 4.383732E-005 2.730076E-005 6.385611E-017 0.000000E+000
   801    369    368 4.501763E-005 3.952860E-005 4.686939E-005 1.104711E-013 0.000000E+000
   802    370    451 2.521757E-005 1.058781E-004 3.341374E-005 1.208796E-013 0.000000E+000
   803    372    437 1.230613E-005 8.634995E-005 3.570496E-005 2.150674E-013 0.000000E+000
   804    372    371 2.619543E-005 5.277927E-005 4.704178E-005 9.686972E-014 0.000000E+000
   805    375    373 1.195339E-005 5.230898E-005 4.042546E-005 1.022975E-013 0.000000E+000
   806    375    374 2.953604E-005 5.149978E-005 2.666089E-005 2.043395E-015 0.000000E+000
   807    455    412 1.042409E-004 4.317273E-005 5.367163E-005 6.385611E-017 0.000000E+000
   808    376    446 2.944495E-005 5.209520E-005 1.644750E-005 1.469968E-013 0.000000E+000
   809    378    377 2.807021E-005 4.591501E-005 3.864227E-005 4.029320E-014 0.000000E+000
   810    379    456 2.848116E-005 1.538267E-004 3.408454E-005 8.416235E-014 0.000000E+000
   811    380    440 4.379104E-005 8.283870E-005 4.791610E-005 6.385611E-017 0.000000E+000
   812    404    447 5.647276E-005 1.033933E-004 6.102018E-005 1.780947E-013 0.000000E+000
   813    382    381 3.085717E-005 5.427920E-005 2.425299E-005 1.321821E-013 0.000000E+000
   814    384    383 2.382094E-005 4.124989E-005 5.383572E-005 1.337147E-013 0.000000E+000
   815    385    410 2.825479E-005 7.653067E-005 3.737519E-005 2.490388E-015 0.000000E+000
   816    385    458 2.950151E-005 2.296378E-004 6.552933E-005 1.320544E-013 0.000000E+000
   817    410    433 1.316756E-004 8.694716E-005 8.768933E-005 5.046548E-013 0.000000E+000
   818    387    391 2.977728E-005 2.695272E-005 3.537462E-005 4.131490E-014 0.000000E+000
   819    387    386 2.901728E-005 1.704362E-004 3.997000E-007 7.432851E-014 0.000000E+000
   820    448    414 1.976222E-004 6.133072E-005 8.696656E-005 2.826271E-013 0.000000E+000
   821    433    393 1.317978E-004 4.712063E-005 7.453674E-005 4.227274E-014 0.000000E+000
   822    423    388 7.258419E-005 4.226717E-005 2.250826E-005 8.467320E-014 0.000000E+000
   823    390    389 2.535241E-005 4.308855E-005 3.275500E-005 1.745826E-013 0.000000E+000
   824    390    391 3.009001E-005 3.247639E-005 3.767786E-005 1.277122E-016 0.000000E+000
   825    392    401 2.213941E-005 3.655212E-005 4.523046E-005 6.385611E-017 0.000000E+000
   826    392    391 3.080281E-005 3.428944E-005 3.523165E-005 5.536325E-014 0.000000E+000
   827    394    399 2.829179E-005 4.308215E-005 2.530059E-005 2.109806E-013 0.000000E+000
   828    394    393 2.853695E-005 3.370418E-005 4.343399E-005 3.831366E-016 0.000000E+000
   829    395    455 2.797070E-005 4.951958E-005 5.307159E-005 1.303303E-013 0.000000E+000
   830    436    445 7.686124E-005 7.849948E-005 3.802966E-005 1.362689E-013 0.000000E+000
   831    396    420 3.086980E-005 5.879528E-005 3.997000E-007 1.029999E-013 0.000000E+000
   832    396    463 3.043915E-005 2.148888E-004 2.520136E-005 1.277122E-015 0.000000E+000
   833    397    462 3.085907E-005 9.668859E-005 4.436981E-005 2.446327E-013 0.000000E+000
   834    398    448 3.106344E-005 2.162705E-004 2.871964E-005 5.108489E-014 0.000000E+000
   835    432    399 1.194769E-004 3.482521E-005 8.518461E-005 1.602150E-013 0.000000E+000
   836    457    410 1.394902E-004 6.956611E-005 6.276911E-005 2.796259E-013 0.000000E+000
   837    400    458 4.395006E-005 1.701210E-004 5.307089E-005 1.581716E-013 0.000000E+000
   838    434    423 6.619222E-005 4.875049E-005 6.358499E-005 3.703654E-015 0.000000E+000
   839    401    445 2.955697E-005 5.372995E-005 5.243463E-005 2.343519E-014 0.000000E+000
   840    403    448 1.401304E-004 1.823305E-004 3.997000E-007 4.096369E-013 0.000000E+000
   841    456    402 1.723002E-004 1.022839E-004 3.217103E-005 2.754752E-013 0.000000E+000
   842    404    403 4.654877E-005 8.950636E-005 7.305330E-005 8.633346E-014 0.000000E+000
   843    406    405 2.677109E-005 1.342275E-004 3.094072E-005 1.981455E-013 0.000000E+000
   844    407    410 3.147772E-005 9.283129E-005 7.011125E-005 6.385611E-017 0.000000E+000
   845    407    411 3.160216E-005 3.148602E-005 5.150798E-005 6.085487E-014 0.000000E+000
   846    465    419 2.855716E-004 2.651817E-005 5.119775E-005 6.398382E-014 0.000000E+000
   847    409    408 3.121899E-005 6.616338E-005 6.149524E-005 1.450172E-013 0.000000E+000
   848    411    410 3.535390E-005 1.003700E-004 2.385606E-005 2.490388E-014 0.000000E+000
   849    412    437 3.576873E-005 1.278684E-004 4.970681E-005 1.526161E-014 0.000000E+000
   850    413    424 2.822483E-005 5.379753E-005 1.685796E-005 1.987202E-013 0.000000E+000
   851    424    466 4.055537E-005 8.789729E-005 5.791215E-005 6.385611E-017 0.000000E+000
   852    414    425 5.606818E-005 4.524907E-005 8.568939E-005 1.427184E-013 0.000000E+000
   853    452    415 9.186159E-005 5.959038E-005 7.721696E-005 1.890779E-013 0.000000E+000
   854    416    425 1.281635E-005 5.998971E-005 6.208899E-005 1.498064E-013 0.000000E+000
   855    418    441 2.445032E-005 5.820731E-005 5.888359E-005 6.385611E-017 0.000000E+000
   856    418    417 3.071169E-005 1.681284E-005 5.271972E-005 1.313520E-013 0.000000E+000
   857    419    453 3.204459E-005 8.689336E-005 4.692551E-005 4.916920E-015 0.000000E+000
   858    419    452 3.146285E-005 9.140941E-005 7.661769E-005 1.022975E-013 0.000000E+000
   859    437    438 1.268374E-004 9.026044E-005 7.935454E-005 5.237478E-013 0.000000E+000
   860    423    439 4.813287E-005 1.173396E-004 4.940116E-005 1.393340E-013 0.000000E+000
   861    463    420 1.296060E-004 8.657635E-005 4.588799E-005 1.038300E-013 0.000000E+000
   862    463    421 1.678219E-004 7.014632E-005 7.751643E-005 4.355625E-013 0.000000E+000
   863    445    422 5.260256E-005 4.001737E-005 4.635847E-005 5.747050E-014 0.000000E+000
   864    423    438 3.716055E-005 7.403813E-005 3.798101E-005 1.079807E-013 0.000000E+000
   865    424    454 3.662772E-005 1.398892E-004 2.067739E-005 1.634716E-013 0.000000E+000
   866    425    468 3.738645E-005 8.234353E-005 3.778428E-005 1.611728E-013 0.000000E+000
   867    427    426 8.933681E-005 5.610328E-005 1.062757E-004 5.657651E-013 0.000000E+000
   868    448    468 2.352713E-004 8.133971E-005 8.734312E-005 9.131423E-015 0.000000E+000
   869    428    427 2.283283E-005 6.661795E-005 6.841806E-005 1.243278E-013 0.000000E+000
   870    428    444 3.824923E-005 6.927981E-005 3.029503E-005 7.436682E-013 0.000000E+000
   871    429    448 3.227858E-005 1.476182E-004 5.378251E-005 3.743245E-013 0.000000E+000
   872    431    430 3.481516E-005 1.510421E-004 1.125289E-004 5.338371E-013 0.000000E+000
   873    433    432 6.730383E-005 7.383672E-005 5.730557E-005 1.589379E-013 0.000000E+000
   874    435    455 4.042672E-005 1.522632E-004 8.405726E-005 1.021698E-015 0.000000E+000
   875    435    434 3.604254E-005 3.520517E-005 1.785940E-005 3.049129E-013 0.000000E+000
   876    437    436 7.741285E-005 5.214067E-005 7.523179E-005 2.239434E-013 0.000000E+000
   877    439    438 7.663022E-005 9.904735E-005 9.152419E-005 4.201732E-014 0.000000E+000
   878    441    440 3.934862E-005 4.641035E-005 2.096917E-005 3.637244E-013 0.000000E+000
   879    454    450 9.295886E-005 5.216520E-005 4.029539E-005 3.168540E-013 0.000000E+000
   880    443    442 1.552225E-005 6.561376E-005 7.612448E-005 2.887573E-013 0.000000E+000
   881    445    444 4.378702E-005 7.132496E-005 4.381590E-005 3.185143E-013 0.000000E+000
   882    446    455 2.934154E-005 6.928529E-005 2.858834E-005 6.992244E-014 0.000000E+000
   883    446    456 4.292270E-005 6.543495E-005 5.142240E-005 6.385611E-017 0.000000E+000
   884    447    448 9.485079E-005 1.090035E-004 8.986399E-005 6.220862E-013 0.000000E+000
   885    448    467 1.794630E-004 9.303104E-005 3.038254E-005 2.913116E-013 0.000000E+000
   886    449    461 4.946214E-005 9.640349E-005 3.838696E-005 2.282217E-013 0.000000E+000
   887    449    462 4.911182E-005 7.387609E-005 2.495509E-005 2.314784E-013 0.000000E+000
   888    456    451 7.062620E-005 3.977061E-005 9.333260E-005 1.379292E-014 0.000000E+000
   889    450    464 3.145097E-005 7.159619E-005 8.150866E-005 1.025529E-013 0.000000E+000
   890    455    451 1.429034E-004 3.652408E-005 1.461502E-004 1.621945E-013 0.000000E+000
   891    453    452 5.229434E-005 7.082669E-005 2.038185E-005 2.538919E-013 0.000000E+000
   892    454    464 5.170367E-005 8.346474E-005 5.718656E-005 1.628331E-014 0.000000E+000
   893    456    455 4.837449E-005 9.736731E-005 4.126484E-005 1.127699E-013 0.000000E+000
   894    457    464 6.075121E-005 6.280768E-005 5.546030E-005 2.243265E-013 0.000000E+000
   895    459    458 5.394571E-005 2.223177E-004 3.997000E-007 1.073485E-012 0.000000E+000
   896    460    465 5.026855E-005 1.235730E-004 3.238194E-005 9.387486E-013 0.000000E+000
   897    462    461 9.399426E-005 1.076937E-004 9.637674E-005 2.028070E-013 0.000000E+000
   898    464    463 5.740149E-005 2.390332E-004 4.241570E-005 6.467985E-013 0.000000E+000
   899    466    465 5.931994E-005 1.707880E-004 5.263562E-005 1.038620E-012 0.000000E+000
   900    468    467 3.999700E-005 9.707171E-005 8.967078E-005 1.602405E-012 0.000000E+000
