   518  1.199100E-003  1.199100E-003  1.199100E-003
     1 1.187109E-003 8.873340E-004 9.193100E-004   3	    0	  373	  389	    0	    1	   79	   92	   86
     2 9.592800E-004 3.997000E-006 1.115163E-003   1	  303	    0	    0	   98
     3 1.039220E-003 3.397450E-004 8.033970E-004   1	  437	    0	    0	  100
     4 2.877840E-004 7.394450E-004 3.317510E-004   2	  405	  385	    0	    0	   95	  104
     5 4.596550E-004 1.998500E-005 8.073940E-004   2	    6	  447	    0	    0	  105	  101
     6 4.196850E-004 3.997000E-006 8.433670E-004   1	    5	    0	    0	  105
     7 4.676490E-004 3.597300E-005 8.233820E-004   1	   46	    0	    0	  106
     8 7.994000E-006 1.187109E-003 4.316760E-004   2	   -1	  260	    1	    0	   78	  109
     9 1.043217E-003 8.073940E-004 2.518110E-004   1	  293	    0	    0	  110
    10 2.398200E-004 7.394450E-004 3.197600E-005   1	  344	    0	    0	  111
    11 1.031226E-003 8.033970E-004 2.717960E-004   1	  293	    0	    0	  115
    12 1.199100E-005 4.996250E-004 3.597300E-005   2	   -1	  458	    1	    0	   77	  118
    13 7.194600E-005 7.634270E-004 3.997000E-006   1	   19	    0	    0	  120
    14 7.714210E-004 9.193100E-004 5.475890E-004   1	  147	    0	    0	  121
    15 4.596550E-004 9.952530E-004 7.154630E-004   1	  413	    0	    0	  125
    16 1.998500E-004 2.318260E-004 6.515110E-004   1	  311	    0	    0	  126
    17 1.007244E-003 7.914060E-004 7.994000E-006   2	  160	  432	    0	    0	  127	   97
    18 3.837120E-004 9.752680E-004 2.877840E-004   1	  457	    0	    0	  129
    19 5.995500E-005 7.274540E-004 3.997000E-006   2	  458	   13	    0	    0	  130	  120
    20 3.557330E-004 1.167124E-003 1.183112E-003   1	   21	    0	    0	  131
    21 2.837870E-004 1.147139E-003 1.191106E-003   1	   20	    0	    0	  131
    22 1.159130E-003 2.917810E-004 9.872590E-004   1	  356	    0	    0	  132
    23 5.875590E-004 3.157630E-004 1.055208E-003   1	  448	    0	    0	  133
    24 3.997000E-006 4.356730E-004 1.558830E-004   2	   -1	  458	    1	    0	   76	  134
    25 3.997000E-006 4.796400E-005 3.877090E-004   2	   -1	  328	    1	    0	   75	  139
    26 8.793400E-004 7.234570E-004 4.596550E-004   1	  463	    0	    0	  141
    27 5.076190E-004 4.836370E-004 1.191106E-003   2	  460	  398	    0	    0	  143	  142
    28 4.636520E-004 7.874090E-004 5.755680E-004   2	  181	  463	    0	    0	  136	  148
    29 1.119160E-003 4.596550E-004 7.554330E-004   1	   92	    0	    0	  149
    30 7.274540E-004 3.717210E-004 1.015238E-003   1	  448	    0	    0	  150
    31 8.993250E-004 7.034720E-004 2.078440E-004   1	   32	    0	    0	  151
    32 9.233070E-004 7.114660E-004 2.198350E-004   1	   31	    0	    0	  151
    33 1.159130E-003 1.175118E-003 6.635020E-004   1	   66	    0	    0	  152
    34 8.153880E-004 3.997000E-006 9.033220E-004   1	  102	    0	    0	  158
    35 1.071196E-003 6.435170E-004 3.997000E-006   1	  199	    0	    0	  159
    36 3.997000E-006 3.837120E-004 2.038470E-004   3	  458	  184	   -1	    1	    0	  160	  161	   74
    37 1.878590E-004 1.187109E-003 1.051211E-003   1	  377	    0	    0	  162
    38 1.678740E-004 1.023232E-003 3.917060E-004   2	   39	  110	    0	    0	  163	  156
    39 1.798650E-004 1.035223E-003 3.877090E-004   2	   38	  450	    0	    0	  163	  107
    40 9.992500E-004 7.274540E-004 1.518860E-004   3	  278	  151	  314	    0	    0	  165	  166	  164
    41 9.712710E-004 7.074690E-004 1.358980E-004   1	  210	    0	    0	  167
    42 8.793400E-004 7.354480E-004 3.677240E-004   1	  330	    0	    0	  168
    43 1.175118E-003 2.558080E-004 1.011241E-003   1	  316	    0	    0	  169
    44 2.797900E-004 6.954780E-004 1.398950E-004   2	  344	  348	    0	    0	  135	  170
    45 1.798650E-004 4.356730E-004 3.917060E-004   1	  458	    0	    0	  171
    46 5.076190E-004 4.396700E-005 7.994000E-004   2	  447	    7	    0	    0	  172	  106
    47 1.039220E-004 1.103172E-003 2.797900E-004   1	  381	    0	    0	  173
    48 8.553580E-004 7.114660E-004 8.913310E-004   1	   49	    0	    0	  175
    49 8.433670E-004 7.114660E-004 8.833370E-004   2	  361	   48	    0	    0	  174	  175
    50 5.036220E-004 2.278290E-004 8.793400E-005   1	  292	    0	    0	  176
    51 1.279040E-004 4.996250E-004 5.316010E-004   1	  405	    0	    0	  177
    52 2.797900E-005 1.199100E-005 8.753430E-004   1	  142	    0	    0	  178
    53 3.157630E-004 5.755680E-004 3.397450E-004   1	   54	    0	    0	  179
    54 3.277540E-004 5.835620E-004 3.397450E-004   3	  405	   53	  149	    0	    0	  155	  179	  153
    55 6.395200E-004 9.672740E-004 3.997000E-006   1	  393	    0	    0	  180
    56 1.055208E-003 8.113910E-004 1.067199E-003   1	  374	    0	    0	  181
    57 5.196100E-005 7.074690E-004 6.475140E-004   2	  452	  406	    0	    0	  182	  154
    58 6.075440E-004 3.717210E-004 1.115163E-003   1	   77	    0	    0	  183
    59 5.435920E-004 4.436670E-004 1.171121E-003   1	  398	    0	    0	  184
    60 7.074690E-004 5.995500E-004 9.672740E-004   1	   61	    0	    0	  185
    61 7.074690E-004 5.755680E-004 9.472890E-004   1	   60	    0	    0	  185
    62 5.675740E-004 2.757930E-004 5.555830E-004   1	  404	    0	    0	  186
    63 1.279040E-004 9.832620E-004 4.156880E-004   2	  110	  256	    0	    0	  187	  157
    64 2.518110E-004 7.994000E-006 1.878590E-004   2	  383	  221	    0	    0	  189	   81
    65 8.233820E-004 8.553580E-004 9.352980E-004   2	   87	  360	    0	    0	  207	  102
    66 1.183112E-003 1.187109E-003 6.754930E-004   3	   67	    0	   33	    0	    1	  211	   73	  152
    67 1.119160E-003 1.187109E-003 6.834870E-004   2	   66	  397	    0	    0	  211	  103
    68 1.678740E-004 3.077690E-004 3.957030E-004   1	  458	    0	    0	  216
    69 6.195350E-004 2.917810E-004 1.091181E-003   1	  262	    0	    0	  218
    70 8.273790E-004 6.714960E-004 4.636520E-004   2	  444	  463	    0	    0	  220	  217
    71 3.277540E-004 2.997750E-004 6.754930E-004   1	  154	    0	    0	  224
    72 6.714960E-004 1.131151E-003 8.513610E-004   1	  296	    0	    0	  225
    73 9.992500E-004 6.754930E-004 2.398200E-005   1	  200	    0	    0	  227
    74 8.393700E-004 3.957030E-004 7.834120E-004   1	  372	    0	    0	  228
    75 5.635770E-004 3.797150E-004 1.123157E-003   1	  398	    0	    0	  229
    76 6.674990E-004 9.313010E-004 1.187109E-003   1	  465	    0	    0	  230
    77 6.115410E-004 3.437420E-004 1.119160E-003   2	   58	   78	    0	    0	  183	  232
    78 6.475140E-004 3.157630E-004 1.119160E-003   1	   77	    0	    0	  232
    79 7.194600E-004 6.515110E-004 6.355230E-004   1	  104	    0	    0	  233
    80 7.994000E-006 2.558080E-004 1.187109E-003   3	  353	   -1	  336	    1	    0	   94	   72	  234
    81 1.998500E-004 8.313760E-004 4.996250E-004   2	  415	  450	    0	    0	  140	  235
    82 1.478890E-004 1.043217E-003 4.876340E-004   1	  450	    0	    0	  236
    83 8.153880E-004 8.793400E-004 8.713460E-004   1	  368	    0	    0	  239
    84 8.913310E-004 5.196100E-004 1.998500E-005   1	   85	    0	    0	  240
    85 8.873340E-004 6.115410E-004 6.794900E-005   2	  432	   84	    0	    0	  193	  240
    86 5.395950E-004 1.191106E-003 3.437420E-004   1	  457	    0	    0	  242
    87 8.793400E-004 8.913310E-004 9.233070E-004   2	   65	   90	    0	    0	  207	  243
    88 4.396700E-005 8.953280E-004 3.797150E-004   2	  256	  400	    0	    0	  215	  244
    89 7.674240E-004 6.035470E-004 2.118410E-004   2	  146	  193	    0	    0	  241	  246
    90 8.713460E-004 8.953280E-004 8.953280E-004   2	  368	   87	    0	    0	  247	  243
    91 4.236820E-004 1.135148E-003 1.518860E-004   1	  457	    0	    0	  248
    92 1.111166E-003 4.556580E-004 7.314510E-004   2	   29	  436	    0	    0	  149	  249
    93 5.675740E-004 5.435920E-004 3.557330E-004   1	  251	    0	    0	  250
    94 7.314510E-004 3.477390E-004 7.194600E-004   2	   95	  403	    0	    0	  251	  128
    95 7.434420E-004 3.517360E-004 7.194600E-004   1	   94	    0	    0	  251
    96 9.472890E-004 6.195350E-004 8.393700E-005   1	  175	    0	    0	  252
    97 1.051211E-003 1.718710E-004 2.837870E-004   1	  439	    0	    0	  253
    98 1.199100E-005 7.994000E-006 1.187109E-003   2	   -1	   99	    1	    0	   71	  254
    99 5.595800E-005 7.994000E-006 1.147139E-003   2	  468	   98	    0	    0	   88	  254
   100 4.436670E-004 1.187109E-003 7.434420E-004   2	  101	  454	    0	    0	  255	  201
   101 4.796400E-004 1.163127E-003 7.474390E-004   2	  140	  100	    0	    0	  206	  255
   102 7.914060E-004 1.598800E-005 9.073190E-004   2	  103	   34	    0	    0	  256	  158
   103 7.754180E-004 3.997000E-006 9.033220E-004   2	  102	  178	    0	    0	  256	  113
   104 7.234570E-004 6.834870E-004 6.035470E-004   2	  463	   79	    0	    0	  257	  233
   105 1.051211E-003 8.833370E-004 4.436670E-004   1	  462	    0	    0	  264
   106 2.478140E-004 3.557330E-004 7.994000E-006   1	  458	    0	    0	  267
   107 8.233820E-004 7.554330E-004 8.113910E-004   3	  361	  391	  182	    0	    0	  194	  146	  269
   108 3.997000E-006 3.877090E-004 1.798650E-004   3	   -1	  459	  458	    1	    0	   70	  138	  271
   109 4.436670E-004 3.357480E-004 5.635770E-004   2	  405	  440	    0	    0	  272	  145
   110 1.239070E-004 1.007244E-003 3.997000E-004   4	   63	  270	  256	   38	    0	    0	  187	   89	  273	  156
   111 4.796400E-004 1.558830E-004 1.319010E-004   2	  384	  329	    0	    0	  137	  274
   112 1.558830E-004 3.997000E-006 7.314510E-004   1	  223	    0	    0	  275
   113 7.634270E-004 3.877090E-004 1.187109E-003   1	  114	    0	    0	  276
   114 7.874090E-004 3.797150E-004 1.187109E-003   1	  113	    0	    0	  276
   115 9.992500E-004 1.039220E-004 7.434420E-004   1	  116	    0	    0	  277
   116 9.752680E-004 1.119160E-004 7.474390E-004   1	  115	    0	    0	  277
   117 6.155380E-004 5.915560E-004 3.997000E-006   2	  198	  291	    0	    0	   85	  278
   118 1.143142E-003 5.475890E-004 7.594300E-004   1	  436	    0	    0	  279
   119 9.073190E-004 1.071196E-003 1.003247E-003   2	  123	  363	    0	    0	  270	  280
   120 2.198350E-004 2.398200E-004 1.179115E-003   2	  121	  353	    0	    0	  281	  212
   121 2.118410E-004 2.797900E-004 1.191106E-003   1	  120	    0	    0	  281
   122 3.997000E-006 3.997000E-005 6.395200E-004   3	  282	  328	   -1	    1	    0	  282	   80	   69
   123 9.193100E-004 1.059205E-003 9.872590E-004   2	  363	  119	    0	    0	  283	  270
   124 1.027229E-003 6.195350E-004 1.398950E-004   3	  161	  132	  278	    0	    0	  231	  284	  245
   125 7.194600E-005 9.472890E-004 8.113910E-004   2	  452	  453	    0	    0	  268	  285
   126 4.156880E-004 4.796400E-005 7.994000E-006   1	  383	    0	    0	  286
   127 7.034720E-004 5.156130E-004 4.796400E-005   1	  198	    0	    0	  287
   128 4.596550E-004 5.355980E-004 9.273040E-004   1	  448	    0	    0	  288
   129 1.063202E-003 1.558830E-004 1.319010E-004   2	  315	  242	    0	    0	  289	  222
   130 5.755680E-004 1.191106E-003 6.075440E-004   1	  131	    0	    0	  290
   131 5.755680E-004 1.191106E-003 6.235320E-004   1	  130	    0	    0	  290
   132 1.031226E-003 6.235320E-004 9.992500E-005   4	  175	  124	  161	  176	    0	    0	  226	  284	  291	  219
   133 1.071196E-003 2.717960E-004 9.952530E-004   1	  442	    0	    0	  292
   134 3.197600E-005 5.635770E-004 4.836370E-004   2	  169	  216	    0	    0	  293	  294
   135 5.036220E-004 3.997000E-006 6.914810E-004   1	  447	    0	    0	  295
   136 4.916310E-004 6.195350E-004 1.598800E-004   1	  335	    0	    0	  296
   137 3.997000E-006 7.154630E-004 5.036220E-004   2	   -1	  400	    1	    0	   68	  297
   138 7.594300E-004 8.473640E-004 1.071196E-003   2	  326	  374	    0	    0	  298	  191
   139 1.175118E-003 1.998500E-004 5.196100E-004   2	    0	  439	    0	    1	   67	  307
   140 5.395950E-004 1.135148E-003 7.474390E-004   2	  101	  308	    0	    0	  206	  314
   141 6.435170E-004 1.199100E-005 1.067199E-003   1	  467	    0	    0	  319
   142 1.199100E-005 3.997000E-005 8.993250E-004   3	   52	   -1	  468	    1	    0	  178	   66	  321
   143 3.597300E-004 5.915560E-004 7.874090E-004   1	  429	    0	    0	  328
   144 9.313010E-004 9.352980E-004 9.233070E-004   2	  368	  331	    0	    0	  330	  329
   145 1.051211E-003 8.313760E-004 1.135148E-003   1	  322	    0	    0	  331
   146 7.514360E-004 5.755680E-004 2.438170E-004   2	   89	  193	    0	    0	  241	  332
   147 7.314510E-004 9.113160E-004 5.595800E-004   3	  463	  420	   14	    0	    0	  333	  334	  121
   148 1.075193E-003 3.557330E-004 7.874090E-004   1	  349	    0	    0	  335
   149 3.397450E-004 6.115410E-004 3.277540E-004   2	   54	  405	    0	    0	  153	  336
   150 1.075193E-003 2.957780E-004 9.712710E-004   2	  442	  356	    0	    0	  147	  337
   151 1.003247E-003 7.074690E-004 1.638770E-004   3	  278	  210	   40	    0	    0	  338	  315	  166
   152 1.187109E-003 2.638020E-004 4.596550E-004   3	  214	    0	  439	    0	    1	  339	   65	  316
   153 1.103172E-003 2.917810E-004 7.274540E-004   2	  438	  437	    0	    0	   93	  340
   154 3.237570E-004 3.197600E-004 6.355230E-004   2	  405	   71	    0	    0	  341	  224
   155 2.877840E-004 3.477390E-004 1.171121E-003   2	  156	  212	    0	    0	  342	  323
   156 2.717960E-004 3.757180E-004 1.155133E-003   1	  155	    0	    0	  342
   157 2.638020E-004 9.153130E-004 8.553580E-004   3	  413	  419	  453	    0	    0	  192	   91	  343
   158 2.677990E-004 4.996250E-004 1.103172E-003   1	  414	    0	    0	  344
   159 1.079190E-004 1.598800E-005 3.197600E-004   2	  328	  221	    0	    0	  349	  308
   160 1.055208E-003 7.954030E-004 1.598800E-005   3	   17	  314	  255	    0	    0	  127	  363	  320
   161 9.672740E-004 6.115410E-004 1.358980E-004   5	  124	  278	  175	  132	  210	    0	    0	  231	  367	  326	  291	  364
   162 1.798650E-004 8.793400E-005 6.794900E-004   3	  285	  304	  311	    0	    0	  369	  266	  203
   163 8.153880E-004 1.199100E-005 5.196100E-005   1	  164	    0	    0	  371
   164 7.714210E-004 1.199100E-005 1.199100E-005   2	  370	  163	    0	    0	  205	  371
   165 7.834120E-004 1.011241E-003 1.099175E-003   3	  465	  327	  363	    0	    0	  372	  373	  196
   166 1.187109E-003 1.179115E-003 1.083187E-003   2	  232	    0	    0	    1	  377	   64
   167 8.593550E-004 2.238320E-004 1.199100E-005   1	  318	    0	    0	  379
   168 9.073190E-004 5.515860E-004 4.436670E-004   3	  395	  412	  444	    0	    0	  260	  350	  380
   169 5.196100E-005 5.395950E-004 4.556580E-004   2	  134	  458	    0	    0	  293	  381
   170 8.633520E-004 8.793400E-004 4.636520E-004   2	  237	  463	    0	    0	  382	  238
   171 5.156130E-004 5.515860E-004 7.994000E-005   2	  402	  433	    0	    0	  383	  108
   172 5.995500E-005 3.317510E-004 4.916310E-004   1	  207	    0	    0	  384
   173 3.477390E-004 9.712710E-004 7.994000E-006   1	  365	    0	    0	  390
   174 7.314510E-004 8.033970E-004 9.073190E-004   3	  213	  360	  263	    0	    0	  376	  391	  392
   175 9.832620E-004 6.195350E-004 7.594300E-005   5	  176	   96	  161	  200	  132	    0	    0	  393	  252	  326	  311	  226
   176 1.003247E-003 6.275290E-004 6.395200E-005   4	  175	  132	  200	  199	    0	    0	  393	  219	  389	  388
   177 1.171121E-003 6.395200E-005 9.752680E-004   1	  316	    0	    0	  394
   178 7.154630E-004 7.994000E-006 8.953280E-004   2	  103	  447	    0	    0	  113	  395
   179 8.353730E-004 6.874840E-004 7.194600E-004   3	  371	  180	  392	    0	    0	  112	  396	  318
   180 8.193850E-004 6.914810E-004 7.034720E-004   1	  179	    0	    0	  396
   181 4.316760E-004 8.073940E-004 5.555830E-004   2	  463	   28	    0	    0	  397	  136
   182 8.233820E-004 7.914060E-004 8.153880E-004   6	  368	  391	  361	  390	  107	  183	    0	    0	   83	  265	  204	  197	  269	  398
   183 8.073940E-004 8.193850E-004 8.233820E-004   2	  213	  182	    0	    0	  399	  398
   184 1.598800E-005 3.557330E-004 2.038470E-004   3	  459	   36	   -1	    1	    0	  400	  161	   63
   185 6.155380E-004 4.236820E-004 2.158380E-004   3	  456	  446	  402	    0	    0	  361	  401	  262
   186 8.713460E-004 9.432920E-004 4.876340E-004   2	  462	  237	    0	    0	  402	  385
   187 1.187109E-003 4.836370E-004 7.754180E-004   5	  436	    0	  249	  349	  386	    0	    1	  327	   62	  124	  407	  408
   188 4.476640E-004 9.472890E-004 2.797900E-005   1	  433	    0	    0	  410
   189 2.278290E-004 1.171121E-003 7.994000E-006   2	  365	  241	    0	    0	  357	  411
   190 3.957030E-004 3.637270E-004 1.151136E-003   2	  398	  448	    0	    0	  413	  386
   191 1.598800E-005 2.917810E-004 6.555080E-004   2	   -1	  310	    1	    0	   61	  414
   192 1.091181E-003 1.179115E-003 8.433670E-004   2	  224	  363	    0	    0	  378	  415
   193 7.714210E-004 5.995500E-004 2.518110E-004   3	  357	   89	  146	    0	    0	  416	  246	  332
   194 6.035470E-004 2.837870E-004 1.123157E-003   1	  262	    0	    0	  417
   195 6.794900E-005 3.117660E-004 1.019235E-003   1	  416	    0	    0	  418
   196 8.793400E-005 7.154630E-004 9.472890E-004   2	  452	  313	    0	    0	  188	  419
   197 2.957780E-004 7.794150E-004 1.998500E-004   2	  385	  231	    0	    0	  429	  375
   198 6.834870E-004 5.156130E-004 1.998500E-005   3	  117	  379	  127	    0	    0	   85	  430	  287
   199 1.043217E-003 6.475140E-004 4.396700E-005   3	   35	  200	  176	    0	    0	  159	  433	  388
   200 9.952530E-004 6.355230E-004 7.994000E-006   4	  199	  175	   73	  176	    0	    0	  433	  311	  227	  389
   201 2.957780E-004 5.795650E-004 6.515110E-004   3	  406	  347	  405	    0	    0	  434	  368	  435
   202 2.118410E-004 5.595800E-005 7.194600E-004   2	  304	  223	    0	    0	  437	  436
   203 1.187109E-003 7.834120E-004 8.553580E-004   3	  422	  389	    0	    0	    1	  438	  412	   60
   204 6.834870E-004 4.676490E-004 8.273790E-004   1	  448	    0	    0	  439
   205 5.276040E-004 7.914060E-004 2.598050E-004   3	  228	  433	  463	    0	    0	  440	  223	  322
   206 3.597300E-005 1.798650E-004 7.514360E-004   1	  310	    0	    0	  441
   207 6.395200E-005 3.517360E-004 4.516610E-004   2	  172	  458	    0	    0	  384	  442
   208 1.878590E-004 2.997750E-004 1.095178E-003   3	  468	  353	  425	    0	    0	  444	  443	  312
   209 1.199100E-005 9.193100E-005 7.194600E-004   2	   -1	  282	    1	    0	   59	  445
   210 9.592800E-004 6.714960E-004 1.678740E-004   4	   41	  278	  151	  161	    0	    0	  167	  446	  315	  364
   211 1.718710E-004 6.195350E-004 7.834120E-004   3	  452	  312	  235	    0	    0	  195	  447	  374
   212 3.357480E-004 2.917810E-004 1.171121E-003   2	  467	  155	    0	    0	  451	  323
   213 7.594300E-004 8.473640E-004 8.513610E-004   6	  368	  174	  420	  183	  360	  263	    0	    0	  404	  376	  453	  399	  200	  221
   214 1.179115E-003 2.877840E-004 4.396700E-004   4	    0	  152	  427	  439	    0	    1	   58	  339	  461	  406
   215 7.754180E-004 1.103172E-003 8.273790E-004   3	  307	  296	  369	    0	    0	  467	  210	  213
   216 2.398200E-005 5.395950E-004 6.355230E-004   5	  310	  134	   -1	  333	  405	    1	    0	  454	  294	   57	  455	  468
   217 9.352980E-004 7.874090E-004 3.797150E-004   2	  330	  463	    0	    0	  470	  263
   218 2.078440E-004 3.157630E-004 2.038470E-004   2	  459	  233	    0	    0	  473	  144
   219 7.674240E-004 1.179115E-003 7.434420E-004   2	  307	  369	    0	    0	  474	   87
   220 2.398200E-004 1.438920E-004 4.636520E-004   5	  441	  328	  417	  380	  418	    0	    0	  476	  478	  479	  475	  477
   221 1.039220E-004 1.199100E-005 1.678740E-004   4	  339	  340	   64	  159	    0	    0	  480	  481	   81	  308
   222 6.914810E-004 1.183112E-003 1.199100E-005   1	  393	    0	    0	  485
   223 2.198350E-004 1.598800E-005 7.274540E-004   4	  202	  112	  468	  304	    0	    0	  436	  275	  490	  421
   224 1.151136E-003 1.159130E-003 8.793400E-004   5	    0	  192	  246	  363	  259	    0	    1	   56	  378	  301	  499	  497
   225 9.552830E-004 1.079190E-003 8.233820E-004   2	  369	  363	    0	    0	  502	  503
   226 6.115410E-004 8.993250E-004 8.673490E-004   2	  267	  465	    0	    0	  504	  505
   227 1.183112E-003 7.794150E-004 1.438920E-004   4	    0	  288	  254	  289	    0	    1	   55	  506	  508	  507
   228 5.435920E-004 8.313760E-004 2.598050E-004   3	  433	  205	  463	    0	    0	  509	  440	  501
   229 2.598050E-004 1.998500E-004 4.796400E-005   2	  383	  230	    0	    0	  370	  510
   230 2.518110E-004 1.718710E-004 1.598800E-005   2	  229	  383	    0	    0	  510	  354
   231 3.437420E-004 7.074690E-004 1.918560E-004   2	  320	  197	    0	    0	  511	  375
   232 1.179115E-003 1.159130E-003 1.011241E-003   4	  166	    0	  359	  258	    0	    1	  377	   54	  237	  512
   233 2.638020E-004 2.957780E-004 1.798650E-004   3	  324	  218	  458	    0	    0	  518	  144	  365
   234 1.087184E-003 3.197600E-005 8.073940E-004   2	  438	  247	    0	    0	  519	  387
   235 1.159130E-004 5.715710E-004 8.353730E-004   2	  312	  211	    0	    0	  521	  374
   236 6.555080E-004 8.673490E-004 2.078440E-004   2	  433	  463	    0	    0	  523	  522
   237 8.313760E-004 9.073190E-004 4.596550E-004   4	  170	  463	  421	  186	    0	    0	  382	  524	  324	  385
   238 1.031226E-003 9.233070E-004 6.235320E-004   3	  422	  462	  240	    0	    0	   84	  525	  526
   239 9.912560E-004 7.314510E-004 1.179115E-003   4	  305	  321	  248	  367	    0	    0	  527	  464	  469	  306
   240 9.912560E-004 9.512860E-004 6.195350E-004   2	  238	  462	    0	    0	  526	  534
   241 1.718710E-004 1.175118E-003 2.398200E-005   2	  382	  189	    0	    0	  535	  411
   242 1.071196E-003 1.758680E-004 7.594300E-005   3	  275	  276	  129	    0	    0	  208	  536	  222
   243 8.793400E-004 1.878590E-004 7.994000E-004   2	  447	  355	    0	    0	  462	  537
   244 2.518110E-004 1.199100E-005 6.355230E-004   1	  417	    0	    0	  538
   245 1.131151E-003 2.438170E-004 1.063202E-003   2	  316	  442	    0	    0	  539	  540
   246 1.107169E-003 1.063202E-003 9.552830E-004   4	  373	  224	  359	  363	    0	    0	  491	  301	  472	  542
   247 1.019235E-003 1.598800E-005 8.273790E-004   2	  438	  234	    0	    0	  552	  387
   248 1.071196E-003 7.314510E-004 1.183112E-003   3	  367	  239	  321	    0	    0	  562	  469	  563
   249 1.123157E-003 4.796400E-004 8.193850E-004   3	  187	  349	  386	    0	    0	  124	  564	  520
   250 5.076190E-004 5.395950E-004 3.077690E-004   2	  251	  402	    0	    0	  565	  561
   251 4.996250E-004 5.355980E-004 3.477390E-004   4	  250	  463	  402	   93	    0	    0	  565	  466	  566	  250
   252 4.876340E-004 9.352980E-004 7.594300E-004   6	  413	  253	  420	  273	  465	  396	    0	    0	  309	  432	  568	  567	  420	  471
   253 5.156130E-004 8.793400E-004 7.954030E-004   3	  252	  273	  465	    0	    0	  432	  569	  486
   254 1.179115E-003 7.754180E-004 9.193100E-005   5	    0	  289	  255	  288	  227	    0	    1	   53	  498	  579	  431	  508
   255 1.179115E-003 7.874090E-004 1.598800E-005   3	  254	    0	  160	    0	    1	  579	   52	  320
   256 6.794900E-005 9.752680E-004 4.356730E-004   5	   88	   63	  415	  110	  299	    0	    0	  215	  157	  346	  273	  580
   257 8.153880E-004 7.554330E-004 9.872590E-004   5	  386	  284	  326	  360	  361	    0	    0	  582	  583	  517	  584	  578
   258 1.067199E-003 1.143142E-003 9.752680E-004   3	  259	  363	  232	    0	    0	  585	  558	  512
   259 1.083187E-003 1.147139E-003 9.273040E-004   3	  258	  224	  363	    0	    0	  585	  497	  586
   260 1.598800E-005 1.139145E-003 4.756430E-004   3	  261	    8	   -1	    1	    0	  590	  109	   51
   261 1.998500E-005 1.071196E-003 4.716460E-004   3	   -1	  260	  299	    1	    0	   50	  590	  593
   262 5.555830E-004 2.997750E-004 1.095178E-003   4	  448	  467	   69	  194	    0	    0	  594	  422	  218	  417
   263 6.874840E-004 8.233820E-004 9.193100E-004   4	  465	  174	  213	  360	    0	    0	  596	  392	  221	  595
   264 1.179115E-003 6.834870E-004 6.395200E-004   4	  445	    0	  422	  436	    0	    1	  597	   49	  559	  123
   265 1.059205E-003 7.354480E-004 9.792650E-004   2	  389	  386	    0	    0	  598	  465
   266 1.147139E-003 2.398200E-005 3.997000E-005   2	  315	    0	    0	    1	  604	   48
   267 6.075440E-004 9.073190E-004 8.113910E-004   3	  465	  226	  420	    0	    0	  457	  504	  606
   268 1.099175E-003 8.553580E-004 2.158380E-004   3	  288	  461	  314	    0	    0	  560	  608	  545
   269 6.874840E-004 1.179115E-003 6.355230E-004   2	  337	  277	    0	    0	  492	  611
   270 2.078440E-004 9.113160E-004 3.917060E-004   4	  271	  450	  385	  110	    0	    0	  612	  117	  310	   89
   271 1.758680E-004 8.673490E-004 3.597300E-004   2	  270	  385	    0	    0	  612	  531
   272 1.111166E-003 9.113160E-004 5.355980E-004   2	  462	  422	    0	    0	  613	  601
   273 5.196100E-004 8.913310E-004 7.554330E-004   5	  465	  253	  420	  252	  396	    0	    0	  450	  569	  614	  567	  551
   274 7.714210E-004 5.715710E-004 9.592800E-005   2	  294	  432	    0	    0	  618	  360
   275 9.912560E-004 1.878590E-004 1.998500E-005   3	  276	  426	  242	    0	    0	  627	  493	  208
   276 1.083187E-003 1.878590E-004 1.598800E-005   3	  426	  275	  242	    0	    0	  628	  627	  536
   277 6.635020E-004 1.119160E-003 6.874840E-004   3	  269	  309	  307	    0	    0	  611	  629	  500
   278 1.039220E-003 6.674990E-004 1.958530E-004  10	  314	  161	  210	  288	   40	  151	  279	  124	  428	  293	    0	    0	  366	  367	  446	   99	  165	  338	  638	  245	  624	  577
   279 1.075193E-003 6.475140E-004 2.118410E-004   2	  428	  278	    0	    0	  637	  638
   280 8.833370E-004 1.179115E-003 2.957780E-004   2	  449	  332	    0	    0	  639	  116
   281 1.027229E-003 7.354480E-004 3.597300E-004   3	  444	  330	  293	    0	    0	  640	  495	  641
   282 4.396700E-005 6.794900E-005 6.714960E-004   4	   -1	  285	  122	  209	    1	    0	   47	  646	  282	  445
   283 2.717960E-004 1.007244E-003 7.434420E-004   3	  454	  453	  413	    0	    0	  607	  650	  649
   284 8.553580E-004 7.634270E-004 1.011241E-003   4	  257	  374	  386	  360	    0	    0	  583	  651	  652	  549
   285 1.438920E-004 1.239070E-004 6.435170E-004   5	  162	  311	  282	  286	  328	    0	    0	  369	  592	  646	  654	  620
   286 1.718710E-004 1.518860E-004 6.075440E-004   3	  285	  328	  311	    0	    0	  654	  653	  599
   287 1.127154E-003 1.998500E-005 3.597300E-004   2	  388	  315	    0	    0	  658	  528
   288 1.115163E-003 7.954030E-004 1.798650E-004   6	  227	  268	  278	  254	  314	  289	    0	    0	  506	  560	   99	  431	  602	  659
   289 1.179115E-003 7.834120E-004 2.038470E-004   5	  254	  461	    0	  227	  288	    0	    1	  498	  449	   46	  507	  659
   290 6.315260E-004 1.019235E-003 4.876340E-004   3	  463	  334	  337	    0	    0	  660	  494	  635
   291 5.435920E-004 6.155380E-004 5.595800E-005   3	  352	  433	  117	    0	    0	  325	  661	  278
   292 5.435920E-004 1.598800E-004 4.396700E-005   2	  402	   50	    0	    0	  662	  176
   293 1.003247E-003 7.474390E-004 3.117660E-004   5	    9	  330	   11	  281	  278	    0	    0	  110	  668	  115	  641	  577
   294 7.594300E-004 4.996250E-004 9.992500E-005   2	  274	  379	    0	    0	  618	  669
   295 3.597300E-004 1.027229E-003 1.319010E-004   3	  457	  410	  365	    0	    0	  427	  671	  425
   296 7.194600E-004 1.167124E-003 8.633520E-004   5	  307	  466	   72	  363	  215	    0	    0	  672	  615	  225	  588	  210
   297 6.954780E-004 1.011241E-003 7.234570E-004   4	  420	  308	  309	  369	    0	    0	  673	  634	  657	  645
   298 7.754180E-004 6.115410E-004 3.557330E-004   3	  357	  444	  376	    0	    0	  674	  214	  675
   299 3.197600E-005 9.872590E-004 5.036220E-004   4	   -1	  261	  256	  415	    1	    0	   45	  593	  580	  684
   300 1.998500E-005 1.159130E-004 1.075193E-003   3	  336	   -1	  468	    1	    0	  687	   44	  619
   301 1.998500E-005 8.153880E-004 1.175118E-003   4	  408	   -1	  409	  430	    1	    0	   96	   43	  313	  691
   302 1.143142E-003 8.553580E-004 1.175118E-003   5	  367	    0	  322	  373	  321	    0	    1	  423	   42	  693	  610	  692
   303 8.473640E-004 1.998500E-005 1.067199E-003   2	    2	  341	    0	    0	   98	  701
   304 2.118410E-004 1.758680E-004 7.514360E-004   6	  202	  311	  468	  162	  223	  310	    0	    0	  437	  689	  702	  266	  421	  543
   305 8.993250E-004 7.114660E-004 1.147139E-003   3	  239	  374	  386	    0	    0	  527	  533	  706
   306 1.998500E-005 1.019235E-003 8.993250E-004   3	  453	   -1	  378	    1	    0	  710	   41	  621
   307 7.314510E-004 1.139145E-003 7.794150E-004   6	  296	  309	  369	  219	  215	  277	    0	    0	  672	  711	  591	  474	  467	  500
   308 5.955530E-004 1.063202E-003 7.874090E-004   6	  466	  309	  424	  140	  297	  420	    0	    0	  708	  712	  667	  314	  634	  685
   309 6.674990E-004 1.091181E-003 7.474390E-004   5	  308	  307	  277	  297	  420	    0	    0	  712	  711	  629	  657	  636
   310 3.597300E-005 2.757930E-004 7.554330E-004   7	  216	   -1	  333	  206	  191	  304	  311	    1	    0	  454	   40	  452	  441	  414	  543	  713
   311 1.438920E-004 2.518110E-004 6.714960E-004   7	  405	  304	  285	   16	  286	  162	  310	    0	    0	  424	  689	  592	  126	  599	  203	  713
   312 1.758680E-004 6.035470E-004 8.913310E-004   8	  211	  235	  414	  313	  333	  452	  465	  419	    0	    0	  447	  521	  554	  714	  532	  616	  345	  209
   313 1.199100E-004 6.754930E-004 9.313010E-004   4	  312	  430	  452	  196	    0	    0	  714	  463	  589	  419
   314 1.015238E-003 7.954030E-004 1.358980E-004   7	  278	  461	  288	  160	  432	   40	  268	    0	    0	  366	  199	  602	  363	  715	  164	  545
   315 1.087184E-003 6.395200E-005 1.918560E-004   5	  129	  266	  318	    0	  287	    0	    1	  289	  604	  716	   39	  528
   316 1.147139E-003 1.358980E-004 1.119160E-003   6	   43	  442	  317	    0	  245	  177	    0	    1	  169	  550	  717	   38	  539	  394
   317 1.003247E-003 9.193100E-005 1.151136E-003   3	  316	  442	  341	    0	    0	  717	   82	  587
   318 9.033220E-004 1.438920E-004 1.478890E-004   7	  167	  456	  451	  455	  315	  364	  319	    0	    0	  379	  625	  707	  556	  716	  515	  718
   319 8.353730E-004 1.079190E-004 1.878590E-004   2	  451	  318	    0	    0	  719	  718
   320 3.557330E-004 6.395200E-004 1.838620E-004   5	  335	  402	  348	  346	  231	    0	    0	  496	  697	  723	  656	  511
   321 1.091181E-003 7.874090E-004 1.175118E-003   5	  239	  248	  367	  322	  302	    0	    0	  464	  563	  548	  724	  692
   322 1.059205E-003 8.393700E-004 1.175118E-003   4	  302	  145	  321	  374	    0	    0	  693	  331	  724	  688
   323 8.313760E-004 1.039220E-004 8.993250E-004   2	  447	  350	    0	    0	  725	  670
   324 3.677240E-004 2.677990E-004 2.158380E-004   5	  440	  233	  441	  325	  402	    0	    0	  576	  518	  353	  729	  681
   325 4.116910E-004 1.998500E-004 1.918560E-004   3	  402	  324	  329	    0	    0	  300	  729	  728
   326 7.354480E-004 7.834120E-004 1.039220E-003   6	  138	  460	  360	  257	  374	  465	    0	    0	  298	  709	  731	  517	  489	  730
   327 8.513610E-004 9.792650E-004 1.163127E-003   4	  465	  374	  363	  165	    0	    0	  696	  733	  546	  373
   328 1.718710E-004 1.319010E-004 5.276040E-004   9	  159	   25	  380	  220	  285	   -1	  286	  122	  417	    1	    0	  349	  139	  609	  478	  620	   37	  653	   80	  736
   329 4.356730E-004 1.518860E-004 1.758680E-004   5	  383	  451	  384	  325	  111	    0	    0	  737	  122	  738	  728	  274
   330 9.313010E-004 7.234570E-004 3.437420E-004   6	  444	  281	   42	  217	  293	  358	    0	    0	  456	  495	  168	  470	  668	  739
   331 9.512860E-004 9.552830E-004 9.832620E-004   3	  144	  375	  374	    0	    0	  329	  740	  741
   332 7.554330E-004 1.171121E-003 2.837870E-004   3	  338	  280	  421	    0	    0	  633	  116	  744
   333 4.396700E-005 4.836370E-004 8.793400E-004   6	  312	  310	  216	   -1	  430	  416	    1	    0	  532	  452	  455	   36	  683	  745
   334 5.435920E-004 1.031226E-003 5.116160E-004   4	  337	  463	  290	  464	    0	    0	  648	  748	  494	  747
   335 4.876340E-004 6.954780E-004 1.398950E-004   4	  320	  433	  136	  402	    0	    0	  496	  751	  296	  403
   336 2.398200E-005 2.358230E-004 1.103172E-003   4	  354	  300	   80	   -1	    1	    0	  752	  687	  234	   35
   337 6.395200E-004 1.151136E-003 4.996250E-004   5	  269	  338	  334	  290	  463	    0	    0	  492	  753	  648	  635	  513
   338 6.754930E-004 1.171121E-003 4.316760E-004   3	  457	  337	  332	    0	    0	  303	  753	  633
   339 4.396700E-005 2.398200E-005 8.793400E-005   4	  383	   -1	  221	  340	    1	    0	  572	   34	  480	  754
   340 1.079190E-004 2.398200E-005 2.398200E-005   3	  221	  383	  339	    0	    0	  481	  631	  754
   341 7.994000E-004 1.358980E-004 1.159130E-003   6	  342	  467	  442	  303	  317	  443	    0	    0	  755	  448	  305	  701	  587	  643
   342 6.115410E-004 1.159130E-004 1.171121E-003   2	  341	  467	    0	    0	  755	  690
   343 1.027229E-003 1.087184E-003 3.197600E-005   1	  461	    0	    0	  760
   344 2.358230E-004 6.914810E-004 8.393700E-005   4	   44	  458	  348	   10	    0	    0	  135	  762	  761	  111
   345 2.398200E-005 1.171121E-003 1.019235E-003   3	  377	  378	   -1	    1	    0	  259	  763	   33
   346 2.518110E-004 6.435170E-004 2.398200E-004   3	  405	  458	  320	    0	    0	  355	  764	  656
   347 3.997000E-004 5.475890E-004 6.635020E-004   4	  463	  201	  405	  429	    0	    0	  258	  368	  766	  765
   348 2.837870E-004 6.075440E-004 8.793400E-005   7	  362	  458	  433	  402	   44	  320	  344	    0	    0	  769	  555	  114	  698	  170	  723	  761
   349 1.151136E-003 4.036970E-004 8.593550E-004   5	  386	  148	  187	  249	    0	    0	    1	  771	  335	  407	  564	   32
   350 8.553580E-004 2.358230E-004 9.432920E-004   4	  443	  323	  355	  351	    0	    0	  758	  670	  460	  772
   351 8.033970E-004 3.037720E-004 8.873340E-004   4	  355	  447	  448	  350	    0	    0	  773	  409	  664	  772
   352 6.395200E-004 6.754930E-004 4.396700E-005   3	  291	  432	  433	    0	    0	  325	  774	  775
   353 1.079190E-004 3.237570E-004 1.139145E-003   6	   80	  468	  208	  430	  354	  120	    0	    0	   94	  487	  443	  459	  777	  212
   354 9.592800E-005 2.518110E-004 1.087184E-003   3	  336	  468	  353	    0	    0	  752	  776	  777
   355 8.273790E-004 3.077690E-004 8.273790E-004   5	  351	  243	  447	  437	  350	    0	    0	  773	  537	  428	  778	  460
   356 1.119160E-003 3.597300E-004 9.872590E-004   4	  386	   22	  442	  150	    0	    0	  781	  132	  782	  337
   357 8.113910E-004 6.515110E-004 2.917810E-004   5	  358	  298	  193	  376	  432	    0	    0	  783	  674	  416	  647	  544
   358 8.713460E-004 6.754930E-004 3.317510E-004   3	  357	  444	  330	    0	    0	  783	  119	  739
   359 1.171121E-003 1.055208E-003 1.031226E-003   4	    0	  373	  232	  246	    0	    1	   31	  784	  237	  472
   360 7.594300E-004 7.514360E-004 9.632770E-004  11	  326	  174	  257	  465	  460	   65	  284	  213	  386	  263	  361	    0	    0	  731	  391	  584	  703	  705	  102	  549	  200	  570	  595	  785
   361 7.914060E-004 7.034720E-004 9.273040E-004   7	  107	   49	  182	  448	  257	  386	  360	    0	    0	  194	  174	  204	  541	  578	  695	  785
   362 3.277540E-004 4.596550E-004 5.595800E-005   3	  402	  348	  458	    0	    0	  786	  769	  742
   363 8.753430E-004 1.135148E-003 9.552830E-004  13	  327	  258	  192	  224	  123	  369	  296	  165	  119	  246	  225	  259	  466	    0	    0	  546	  558	  415	  499	  283	  727	  588	  196	  280	  542	  503	  586	  787
   364 9.233070E-004 1.958530E-004 3.597300E-004   4	  455	  439	  423	  318	    0	    0	  790	  735	  573	  515
   365 2.757930E-004 1.043217E-003 2.398200E-005   4	  189	  411	  295	  173	    0	    0	  357	  791	  425	  390
   366 7.794150E-004 5.156130E-004 1.167124E-003   2	  460	  386	    0	    0	  676	  794
   367 1.111166E-003 6.635020E-004 1.127154E-003   6	  302	  248	  239	    0	  321	  386	    0	    1	  423	  562	  306	   30	  548	  798
   368 8.873340E-004 9.352980E-004 8.353730E-004   7	  182	  390	  369	  213	  144	   83	   90	    0	    0	   83	  458	  801	  404	  330	  239	  247
   369 8.513610E-004 1.039220E-003 7.634270E-004  10	  368	  307	  397	  219	  462	  363	  215	  225	  297	  420	    0	    0	  801	  591	  516	   87	  623	  727	  213	  502	  645	  644
   370 6.635020E-004 3.997000E-005 9.193100E-005   2	  164	  451	    0	    0	  205	  802
   371 8.233820E-004 5.595800E-004 7.674240E-004   5	  448	  179	  392	  403	  372	    0	    0	  797	  112	  750	  677	  804
   372 8.673490E-004 4.516610E-004 7.194600E-004   4	   74	  371	  403	  437	    0	    0	  228	  804	  488	  803
   373 1.131151E-003 9.552830E-004 9.912560E-004   7	  246	  359	    1	  302	  375	    0	  389	    0	    1	  491	  784	   92	  610	  805	   29	  746
   374 9.752680E-004 8.873340E-004 1.071196E-003  12	  284	  327	  375	  305	  326	  386	  465	  389	  331	  138	   56	  322	    0	    0	  651	  733	  806	  533	  489	  630	  348	  699	  741	  191	  181	  688
   375 1.027229E-003 9.432920E-004 9.952530E-004   4	  374	  331	  373	  389	    0	    0	  806	  740	  805	  362
   376 7.194600E-004 5.355980E-004 3.117660E-004   3	  298	  446	  357	    0	    0	  675	  808	  647
   377 1.438920E-004 1.083187E-003 9.752680E-004   4	  453	  345	   37	  378	    0	    0	  768	  259	  162	  809
   378 3.197600E-005 1.087184E-003 9.872590E-004   5	  377	   -1	  409	  345	  306	    1	    0	  809	   28	  405	  763	  621
   379 7.194600E-004 3.997000E-004 3.997000E-005   3	  456	  198	  294	    0	    0	  810	  430	  669
   380 3.077690E-004 2.677990E-004 4.556580E-004   6	  440	  405	  328	  441	  418	  220	    0	    0	  811	  795	  609	  789	  547	  475
   381 6.794900E-005 1.091181E-003 1.279040E-004   5	   -1	  407	  411	   47	  382	    1	    0	   27	  686	  317	  173	  813
   382 9.992500E-005 1.163127E-003 5.196100E-005   3	  241	  411	  381	    0	    0	  535	  198	  813
   383 3.957030E-004 3.597300E-005 7.194600E-005   8	  339	  384	  329	   64	  340	  229	  126	  230	    0	    0	  572	  814	  737	  189	  631	  370	  286	  354
   384 4.356730E-004 3.197600E-005 1.838620E-004   4	  451	  383	  111	  329	    0	    0	  704	  814	  137	  738
   385 2.518110E-004 8.353730E-004 2.518110E-004   6	  271	    4	  197	  410	  270	  458	    0	    0	  531	  104	  429	  815	  310	  816
   386 1.111166E-003 5.795650E-004 9.632770E-004  21	  257	  387	  442	  349	  374	  356	  305	    0	  284	  436	  391	  187	  443	  389	  366	  249	  265	  360	  448	  361	  367	    0	    1	  582	  819	  767	  771	  630	  781	  706	   26	  652	  190	  793	  408	  632	  722	  794	  520	  465	  570	  694	  695	  798
   387 9.712710E-004 6.674990E-004 8.953280E-004   2	  386	  391	    0	    0	  819	  818
   388 1.127154E-003 3.597300E-005 4.396700E-004   4	    0	  439	  287	  423	    0	    1	   25	  426	  658	  822
   389 1.051211E-003 8.153880E-004 9.033220E-004  10	    0	  265	  374	  422	  386	  203	  375	    1	  373	  390	    0	    1	   24	  598	  699	  347	  722	  412	  362	   86	  746	  823
   390 1.007244E-003 7.914060E-004 8.153880E-004   5	  368	  182	  422	  391	  389	    0	    0	  458	  197	  779	  824	  823
   391 9.592800E-004 7.034720E-004 8.113910E-004   7	  401	  387	  182	  386	  390	  107	  392	    0	    0	  796	  818	  265	  793	  824	  146	  826
   392 9.233070E-004 6.435170E-004 7.394450E-004   4	  401	  371	  179	  391	    0	    0	  825	  750	  318	  826
   393 7.274540E-004 1.023232E-003 3.197600E-005   5	  222	  421	   55	  394	  433	    0	    0	  485	  732	  180	  828	  821
   394 8.193850E-004 9.712710E-004 2.797900E-005   3	  393	  432	  399	    0	    0	  828	  603	  827
   395 8.913310E-004 4.316760E-004 3.997000E-004   3	  412	  455	  168	    0	    0	  800	  829	  260
   396 5.555830E-004 9.432920E-004 6.475140E-004   4	  463	  420	  273	  252	    0	    0	  832	  831	  551	  471
   397 9.512860E-004 1.163127E-003 6.275290E-004   3	  369	   67	  462	    0	    0	  516	  103	  833
   398 4.756430E-004 3.597300E-004 1.159130E-003   7	   59	  460	  467	   75	  190	   27	  448	    0	    0	  184	  680	  581	  229	  413	  142	  834
   399 8.673490E-004 9.712710E-004 1.119160E-004   4	  421	  461	  432	  394	    0	    0	  700	  304	  835	  827
   400 4.396700E-005 7.754180E-004 3.317510E-004   4	  458	  137	   88	   -1	    1	    0	  837	  297	  244	   23
   401 1.019235E-003 6.435170E-004 6.994750E-004   5	  391	  392	  445	  437	  436	    0	    0	  796	  825	  839	  299	  557
   402 4.636520E-004 4.396700E-004 1.398950E-004  13	  325	  171	  362	  250	  456	  292	  348	  320	  185	  251	  335	  324	  405	    0	    0	  300	  383	  786	  561	  841	  662	  698	  697	  262	  566	  403	  681	  788
   403 7.034720E-004 4.236820E-004 6.155380E-004   9	  455	  404	  448	   94	  447	  371	  463	  372	  429	    0	    0	  734	  842	  840	  128	  678	  677	  726	  488	   90
   404 6.355230E-004 2.318260E-004 5.675740E-004   5	   62	  455	  403	  440	  447	    0	    0	  186	  757	  842	  665	  812
   405 2.797900E-004 5.475890E-004 5.196100E-004  19	    4	  346	  311	  448	  154	  440	  380	  347	   54	  201	   51	  109	  406	  458	  149	  429	  216	  463	  402	    0	    0	   95	  355	  424	  574	  341	  792	  795	  766	  155	  435	  177	  272	  843	  529	  336	  759	  468	  571	  788
   406 1.638770E-004 6.315260E-004 6.475140E-004   4	  201	   57	  405	  452	    0	    0	  434	  154	  843	  642
   407 1.638770E-004 9.113160E-004 7.594300E-005   4	  458	  410	  381	  411	    0	    0	  721	  844	  686	  845
   408 1.878590E-004 9.352980E-004 1.139145E-003   6	  301	  430	  409	  419	  453	  431	    0	    0	   96	  302	  847	  600	  663	  743
   409 3.597300E-005 9.752680E-004 1.163127E-003   4	   -1	  408	  378	  301	    1	    0	   22	  847	  405	  313
   410 3.157630E-004 9.472890E-004 1.918560E-004   6	  433	  407	  385	  411	  295	  457	    0	    0	  817	  844	  815	  848	  671	  836
   411 2.078440E-004 1.015238E-003 9.592800E-005   5	  382	  365	  410	  381	  407	    0	    0	  198	  791	  848	  317	  845
   412 9.712710E-004 3.837120E-004 4.476640E-004   6	  395	  439	  444	  455	  168	  437	    0	    0	  800	  617	  666	  807	  350	  849
   413 3.637270E-004 1.023232E-003 7.754180E-004   8	  252	  454	  465	   15	  157	  453	  424	  283	    0	    0	  309	  780	  202	  125	  192	  622	  850	  649
   414 2.558080E-004 4.636520E-004 1.011241E-003   4	  312	  425	  158	  448	    0	    0	  554	  852	  344	  820
   415 7.994000E-005 8.793400E-004 5.755680E-004   6	   -1	  450	   81	  256	  299	  452	    1	    0	   21	  553	  140	  346	  684	  853
   416 7.194600E-005 3.637270E-004 9.352980E-004   4	  430	  195	  333	  425	    0	    0	  720	  418	  745	  854
   417 2.318260E-004 3.597300E-005 4.796400E-004   5	  244	  441	  220	  328	  418	    0	    0	  538	  483	  479	  736	  856
   418 3.197600E-004 3.197600E-005 4.316760E-004   4	  380	  220	  441	  417	    0	    0	  547	  477	  855	  856
   419 2.518110E-004 8.233820E-004 9.233070E-004   7	  408	  431	  465	  157	  312	  453	  452	    0	    0	  600	  679	  846	   91	  209	  857	  858
   420 6.195350E-004 9.233070E-004 6.994750E-004  11	  297	  273	  147	  252	  213	  396	  267	  309	  369	  308	  463	    0	    0	  673	  614	  334	  568	  453	  831	  606	  636	  644	  685	  861
   421 7.874090E-004 1.023232E-003 3.237570E-004   6	  399	  393	  449	  237	  332	  463	    0	    0	  700	  732	  530	  324	  744	  862
   422 1.155133E-003 7.794150E-004 6.595050E-004   8	  238	  203	    0	  264	  389	  272	  390	  445	    0	    1	   84	  438	   20	  559	  347	  601	  779	  863
   423 1.023232E-003 8.393700E-005 5.156130E-004   5	  434	  364	  438	  388	  439	    0	    0	  838	  573	  864	  822	  860
   424 3.957030E-004 1.111166E-003 8.073940E-004   4	  308	  466	  413	  454	    0	    0	  667	  851	  850	  865
   425 1.798650E-004 2.957780E-004 9.792650E-004   4	  414	  208	  416	  468	    0	    0	  852	  312	  854	  866
   426 1.059205E-003 3.517360E-004 4.396700E-005   4	    0	  276	  275	  427	    0	    1	   19	  628	  493	  867
   427 1.115163E-003 4.196850E-004 2.797900E-004   5	    0	  439	  214	  426	  428	    0	    1	   18	  626	  461	  867	  869
   428 1.107169E-003 5.555830E-004 3.597300E-004   5	  279	    0	  278	  427	  444	    0	    1	  637	   17	  624	  869	  870
   429 4.436670E-004 5.475890E-004 7.954030E-004   6	  143	  347	  403	  405	  465	  448	    0	    0	  328	  765	   90	  759	  756	  871
   430 5.595800E-005 5.995500E-004 1.067199E-003   8	  313	  408	  353	  416	  431	   -1	  301	  333	    1	    0	  463	  302	  459	  720	  872	   16	  691	  683
   431 2.957780E-004 7.514360E-004 1.159130E-003   4	  430	  419	  465	  408	    0	    0	  872	  679	  770	  743
   432 7.674240E-004 7.554330E-004 8.393700E-005   9	  274	   85	  352	   17	  399	  394	  314	  357	  433	    0	    0	  360	  193	  774	   97	  835	  603	  715	  544	  873
   433 5.835620E-004 8.273790E-004 1.039220E-004  13	  228	  335	  236	  410	  188	  171	  463	  348	  352	  291	  205	  393	  432	    0	    0	  509	  751	  523	  817	  410	  108	  482	  114	  775	  661	  223	  821	  873
   434 8.513610E-004 3.997000E-005 5.355980E-004   3	  423	  435	  447	    0	    0	  838	  875	  514
   435 8.273790E-004 1.159130E-004 4.956280E-004   2	  455	  434	    0	    0	  874	  875
   436 1.151136E-003 5.116160E-004 6.994750E-004   9	  187	  118	    0	  445	  386	  264	  437	  401	   92	    0	    1	  327	  279	   15	  830	  190	  123	  876	  557	  249
   437 9.792650E-004 4.076940E-004 6.595050E-004  10	  439	    3	  401	  355	  436	  153	  445	  412	  438	  372	    0	    0	  799	  100	  299	  778	  876	  340	  682	  849	  859	  803
   438 1.095178E-003 1.358980E-004 6.355230E-004   7	    0	  153	  247	  439	  234	  423	  437	    0	    1	   14	   93	  552	  877	  519	  864	  859
   439 1.059205E-003 2.638020E-004 4.036970E-004  12	  438	  427	  388	  412	  364	  437	  214	  152	  139	  455	   97	  423	    0	    0	  877	  626	  426	  617	  735	  799	  406	  316	  307	  359	  253	  860
   440 4.636520E-004 1.918560E-004 4.756430E-004   6	  380	  324	  405	  404	  109	  441	    0	    0	  811	  576	  792	  665	  145	  878
   441 4.236820E-004 1.239070E-004 4.036970E-004   7	  451	  417	  220	  324	  380	  418	  440	    0	    0	  749	  483	  476	  353	  789	  855	  878
   442 1.043217E-003 3.197600E-004 1.095178E-003   9	  316	  386	  317	  133	  341	  356	  443	  150	  245	    0	    0	  550	  767	   82	  292	  305	  782	  880	  147	  540
   443 8.913310E-004 2.797900E-004 1.103172E-003   5	  350	  448	  386	  442	  341	    0	    0	  758	  261	  632	  880	  643
   444 1.039220E-003 6.275290E-004 4.556580E-004  10	   70	  330	  281	  298	  358	  412	  445	  463	  168	  428	    0	    0	  220	  456	  640	  214	  119	  666	  881	  356	  380	  870
   445 1.103172E-003 6.674990E-004 5.955530E-004   7	    0	  264	  436	  444	  401	  422	  437	    0	    1	   13	  597	  830	  881	  839	  863	  682
   446 7.034720E-004 4.396700E-004 3.237570E-004   5	  456	  185	  455	  376	  463	    0	    0	  883	  401	  882	  808	  575
   447 6.555080E-004 1.398950E-004 7.674240E-004  13	  243	  351	  403	   46	  355	  178	  135	  323	    5	  434	  467	  404	  448	    0	    0	  462	  409	  678	  172	  428	  395	  295	  725	  101	  514	  605	  812	  884
   448 5.755680E-004 3.877090E-004 9.033220E-004  20	  460	  262	  405	  403	  204	  468	  371	  443	  351	   23	  398	   30	  128	  190	  361	  386	  414	  429	  447	  467	    0	    0	  484	  594	  574	  840	  439	  868	  797	  261	  664	  133	  834	  150	  288	  386	  541	  694	  820	  871	  884	  885
   449 1.015238E-003 1.131151E-003 3.477390E-004   4	  421	  280	  462	  461	    0	    0	  530	  639	  887	  886
   450 2.518110E-004 9.712710E-004 4.996250E-004   8	  457	  270	  415	   82	   81	   39	  464	  454	    0	    0	  352	  117	  553	  236	  235	  107	  889	  879
   451 6.674990E-004 1.119160E-004 2.398200E-004   8	  384	  441	  329	  318	  319	  370	  456	  455	    0	    0	  704	  749	  122	  707	  719	  802	  888	  890
   452 9.592800E-005 8.353730E-004 7.994000E-004  12	   -1	   57	  211	  312	  313	  125	  453	  196	  465	  406	  415	  419	    1	    0	   12	  182	  195	  616	  589	  268	  891	  188	  358	  642	  853	  858
   453 1.718710E-004 9.472890E-004 8.473640E-004  10	  454	  377	  306	  408	  413	  452	  125	  157	  283	  419	    0	    0	  351	  768	  710	  663	  622	  891	  285	  343	  650	  857
   454 3.477390E-004 1.075193E-003 6.195350E-004   7	  453	  413	  464	  283	  450	  100	  424	    0	    0	  351	  780	  892	  607	  879	  201	  865
   455 7.754180E-004 3.717210E-004 4.036970E-004  11	  404	  364	  403	  435	  446	  456	  395	  318	  412	  439	  451	    0	    0	  757	  790	  734	  874	  882	  893	  829	  556	  807	  359	  890
   456 7.234570E-004 3.077690E-004 2.358230E-004   7	  185	  379	  446	  455	  318	  402	  451	    0	    0	  361	  810	  883	  893	  625	  841	  888
   457 4.476640E-004 1.107169E-003 3.677240E-004   9	   91	  338	  450	  463	   18	  295	   86	  410	  464	    0	    0	  248	  303	  352	  655	  129	  427	  242	  836	  894
   458 7.194600E-005 5.875590E-004 1.438920E-004  21	   -1	   68	   36	  407	  348	  400	  106	  207	   12	  459	  344	   19	   45	   24	  346	  405	  108	  233	  169	  362	  385	    1	    0	   11	  216	  160	  721	  555	  837	  267	  442	  118	  895	  762	  130	  171	  134	  764	  529	  271	  365	  381	  742	  816
   459 8.793400E-005 3.517360E-004 1.718710E-004   5	   -1	  184	  218	  458	  108	    1	    0	   10	  400	  473	  895	  138
   460 6.115410E-004 6.475140E-004 1.079190E-003   7	  448	  326	  465	  398	   27	  360	  366	    0	    0	  484	  709	  896	  680	  143	  705	  676
   461 1.111166E-003 1.059205E-003 2.078440E-004   8	    0	  289	  399	  268	  314	  343	  462	  449	    0	    1	    9	  449	  304	  608	  199	  760	  897	  886
   462 1.011241E-003 1.083187E-003 4.876340E-004  10	  238	  240	  186	    0	  272	  105	  369	  449	  397	  461	    0	    1	  525	  534	  402	    8	  613	  264	  623	  887	  833	  897
   463 7.114660E-004 7.754180E-004 5.036220E-004  27	  237	  347	   70	  290	  457	  147	  181	  396	  104	  334	  433	  251	   26	  170	  444	  217	  236	  228	  403	  446	  337	   28	  205	  405	  420	  421	  464	    0	    0	  524	  258	  217	  660	  655	  333	  397	  832	  257	  748	  482	  466	  141	  238	  356	  263	  522	  501	  726	  575	  513	  148	  322	  571	  861	  862	  898
   464 4.356730E-004 9.712710E-004 4.836370E-004   5	  454	  450	  334	  457	  463	    0	    0	  892	  889	  747	  894	  898
   465 5.875590E-004 8.513610E-004 1.059205E-003  20	  273	  267	  263	  327	   76	  413	  460	  374	  360	  165	  452	  326	  431	  226	  312	  252	  419	  253	  429	  466	    0	    0	  450	  457	  596	  696	  230	  202	  896	  348	  703	  372	  358	  730	  770	  505	  345	  420	  846	  486	  756	  899
   466 4.836370E-004 1.099175E-003 9.712710E-004   5	  308	  296	  424	  363	  465	    0	    0	  708	  615	  851	  787	  899
   467 4.716460E-004 1.279040E-004 1.019235E-003   9	  212	  341	  398	  262	  342	  447	  141	  448	  468	    0	    0	  451	  448	  581	  422	  690	  605	  319	  885	  900
   468 2.518110E-004 1.558830E-004 9.712710E-004  11	   99	  354	  353	  208	  448	  304	  300	  223	  142	  425	  467	    0	    0	   88	  776	  487	  444	  868	  702	  619	  490	  321	  866	  900
   469 4.836370E-004 5.595800E-005 3.997000E-006   0	    0	    0
   470 1.191106E-003 4.916310E-004 7.994000E-006   1	    0	    0	    1	    7
   471 3.997000E-006 2.318260E-004 1.199100E-005   1	   -1	    1	    0	    6
   472 1.131151E-003 5.795650E-004 3.597300E-005   0	    0	    0
   473 1.119160E-003 6.115410E-004 4.796400E-005   0	    0	    0
   474 1.131151E-003 6.994750E-004 5.196100E-005   0	    0	    0
   475 4.596550E-004 5.835620E-004 5.595800E-005   0	    0	    0
   476 1.143142E-003 5.875590E-004 7.194600E-005   0	    0	    0
   477 9.992500E-004 7.354480E-004 7.194600E-005   0	    0	    0
   478 2.997750E-004 9.432920E-004 8.793400E-005   0	    0	    0
   479 5.316010E-004 3.997000E-006 9.992500E-005   0	    0	    0
   480 1.135148E-003 6.754930E-004 1.079190E-004   0	    0	    0
   481 6.035470E-004 1.998500E-005 2.238320E-004   0	    0	    0
   482 5.316010E-004 6.475140E-004 2.717960E-004   0	    0	    0
   483 7.594300E-004 7.474390E-004 3.037720E-004   0	    0	    0
   484 6.954780E-004 2.797900E-005 3.157630E-004   0	    0	    0
   485 1.199100E-005 1.187109E-003 3.277540E-004   1	   -1	    1	    0	    5
   486 7.994000E-006 1.183112E-003 3.757180E-004   1	   -1	    1	    0	    4
   487 1.279040E-004 2.917810E-004 4.076940E-004   0	    0	    0
   488 9.233070E-004 7.194600E-004 4.396700E-004   0	    0	    0
   489 9.432920E-004 7.954030E-004 4.396700E-004   0	    0	    0
   490 2.717960E-004 7.314510E-004 4.676490E-004   0	    0	    0
   491 9.193100E-004 7.754180E-004 4.796400E-004   0	    0	    0
   492 1.758680E-004 3.477390E-004 5.036220E-004   0	    0	    0
   493 6.794900E-005 3.157630E-004 5.196100E-004   0	    0	    0
   494 7.594300E-005 2.358230E-004 6.195350E-004   0	    0	    0
   495 6.155380E-004 1.183112E-003 6.195350E-004   0	    0	    0
   496 1.183112E-003 1.163127E-003 6.355230E-004   1	    0	    0	    1	    3
   497 1.147139E-003 1.163127E-003 6.395200E-004   0	    0	    0
   498 1.191106E-003 3.637270E-004 6.794900E-004   1	    0	    0	    1	    2
   499 1.043217E-003 7.354480E-004 6.874840E-004   0	    0	    0
   500 4.956280E-004 9.912560E-004 7.314510E-004   0	    0	    0
   501 8.713460E-004 8.473640E-004 7.874090E-004   0	    0	    0
   502 1.183112E-003 5.995500E-005 7.914060E-004   1	    0	    0	    1	    1
   503 3.997000E-004 8.713460E-004 8.033970E-004   0	    0	    0
   504 4.156880E-004 4.796400E-005 8.833370E-004   0	    0	    0
   505 1.155133E-003 6.794900E-005 9.392950E-004   0	    0	    0
   506 1.167124E-003 1.358980E-004 9.392950E-004   0	    0	    0
   507 1.119160E-003 1.199100E-004 9.432920E-004   0	    0	    0
   508 1.059205E-003 2.957780E-004 9.432920E-004   0	    0	    0
   509 4.756430E-004 6.355230E-004 9.752680E-004   0	    0	    0
   510 6.954780E-004 3.397450E-004 1.043217E-003   0	    0	    0
   511 6.954780E-004 1.183112E-003 1.067199E-003   0	    0	    0
   512 7.034720E-004 4.996250E-004 1.079190E-003   0	    0	    0
   513 7.314510E-004 3.717210E-004 1.083187E-003   0	    0	    0
   514 5.795650E-004 3.757180E-004 1.099175E-003   0	    0	    0
   515 6.994750E-004 3.637270E-004 1.107169E-003   0	    0	    0
   516 2.158380E-004 2.118410E-004 1.119160E-003   0	    0	    0
   517 5.236070E-004 1.007244E-003 1.167124E-003   0	    0	    0
   518 4.756430E-004 1.155133E-003 1.191106E-003   0	    0	    0
