  1234
     1    595      0 5.957584E-006 3.090428E-002 5.100000E-006
     2     -1    589 1.249202E-006 3.229036E-002 1.650395E-005
     3     -1    588 4.734366E-006 3.897251E-002 1.530000E-005
     4     -1    561 5.814901E-006 3.021157E-002 5.100000E-006
     5     -1    560 5.170951E-006 2.986464E-002 5.100000E-006
     6     -1    556 2.978918E-006 3.521613E-002 4.461142E-004
     7    553      0 6.886846E-006 3.134452E-002 3.152657E-004
     8    552      0 4.250514E-006 2.517325E-002 2.293675E-004
     9    535      0 3.196402E-005 3.343447E-002 4.226971E-004
    10     -1    534 7.519801E-006 3.328015E-002 3.308797E-004
    11     -1    533 7.920100E-005 3.699049E-002 5.100000E-006
    12    530      0 7.927956E-005 2.873351E-002 5.100000E-006
    13     -1    529 6.019225E-006 3.250205E-002 6.287702E-005
    14     -1    526 5.177272E-005 2.599247E-002 5.100000E-006
    15     -1    525 2.600293E-005 3.676653E-002 8.684987E-005
    16     -1    524 1.230972E-005 2.359871E-002 1.037696E-004
    17     -1    523 5.208982E-005 2.295250E-002 5.100000E-006
    18    520      0 1.030394E-004 3.999627E-002 5.100000E-006
    19     -1    516 6.574907E-006 3.558403E-002 5.859454E-005
    20    513      0 1.180693E-005 3.108230E-002 6.708003E-005
    21    509      0 2.076779E-005 4.711802E-002 7.230498E-005
    22     -1    498 2.304482E-005 2.358216E-002 7.372984E-005
    23     -1    495 4.036572E-005 3.892916E-002 5.100000E-006
    24     -1    494 8.665807E-006 2.791792E-002 1.134225E-004
    25     -1    493 1.326106E-005 2.600519E-002 1.879272E-004
    26     -1    485 5.909748E-005 3.765416E-002 5.100000E-006
    27    466      0 3.051076E-005 3.628832E-002 5.100000E-006
    28     -1    464 3.475497E-005 2.586317E-002 5.100000E-006
    29    463      0 3.997664E-005 4.209896E-002 1.830264E-004
    30    443      0 4.988008E-006 4.260575E-002 4.236378E-005
    31    434      0 2.842385E-005 2.414246E-002 5.100000E-006
    32    431      0 6.169538E-006 3.508626E-002 1.125703E-004
    33     -1    424 2.007715E-006 2.263480E-002 3.225523E-005
    34     -1    420 1.901933E-005 2.141450E-002 1.263318E-004
    35    411      0 4.995310E-006 2.606278E-002 1.492481E-004
    36     -1    407 4.462519E-006 3.557442E-002 3.143851E-005
    37    406      0 5.576498E-006 3.848654E-002 1.036244E-004
    38     -1    376 1.750323E-005 2.089548E-002 5.100000E-006
    39     -1    375 1.814067E-005 3.174688E-002 5.100000E-006
    40     -1    370 1.727740E-005 3.592775E-002 5.100000E-006
    41     -1    369 1.999120E-005 3.297459E-002 5.100000E-006
    42     -1    363 2.014711E-005 3.985114E-002 5.100000E-006
    43     -1    356 4.513975E-006 3.478534E-002 2.040000E-005
    44     -1    355 1.818743E-005 1.818636E-002 5.100000E-006
    45    348      0 4.246096E-005 2.995633E-002 1.005877E-004
    46     -1    346 1.184267E-005 2.900928E-002 2.973785E-005
    47    345      0 1.717487E-005 2.870281E-002 5.100000E-006
    48     -1    328 1.413391E-005 3.491518E-002 5.100000E-006
    49     -1    315 5.113602E-006 2.545155E-002 2.280789E-005
    50    307      0 1.586637E-005 2.529675E-002 5.100000E-006
    51     -1    300 1.542552E-005 3.086009E-002 5.100000E-006
    52     -1    289 1.237119E-005 3.518856E-002 5.100000E-006
    53     -1    276 1.067764E-005 2.607504E-002 5.100000E-006
    54     -1    264 3.953898E-006 2.488594E-002 2.163747E-005
    55     -1    262 1.068822E-005 2.686828E-002 5.100000E-006
    56     -1    245 4.349781E-006 4.259780E-002 1.612762E-005
    57     -1    221 9.448332E-006 3.243116E-002 1.140395E-005
    58     -1    217 3.535027E-006 2.211733E-002 3.521007E-005
    59     -1    216 1.815265E-006 4.109465E-002 4.323385E-005
    60     -1    184 1.057283E-005 2.860358E-002 5.100000E-006
    61     -1    182 8.083346E-006 2.122890E-002 5.100000E-006
    62     -1    177 9.878317E-006 3.223187E-002 5.100000E-006
    63     -1    173 1.061420E-005 3.333464E-002 5.100000E-006
    64     -1    167 1.276645E-005 3.213240E-002 5.100000E-006
    65     -1    163 1.221016E-006 3.159718E-002 1.612762E-005
    66    159      0 4.383491E-006 2.169279E-002 1.861644E-005
    67     -1    153 3.941326E-006 2.661731E-002 1.691479E-005
    68    148      0 9.798986E-006 2.787961E-002 5.100000E-006
    69     -1    143 3.720072E-006 3.213909E-002 1.442498E-005
    70     -1    132 3.052527E-006 2.419065E-002 5.100000E-006
    71    117      0 4.562371E-006 3.873706E-002 5.100000E-006
    72     -1     98 3.800360E-006 2.751573E-002 5.100000E-006
    73     -1     94 5.004801E-006 2.057029E-002 5.100000E-006
    74     -1     91 7.063727E-006 3.269045E-002 5.100000E-006
    75     -1     87 2.323475E-006 3.503373E-002 1.249240E-005
    76     -1     63 1.048989E-006 2.541500E-002 5.100000E-006
    77     -1     46 6.707864E-006 2.846629E-002 5.100000E-006
    78     -1     42 2.729007E-006 1.945386E-002 1.140395E-005
    79     -1     35 2.570856E-006 2.897542E-002 1.249240E-005
    80     -1     10 1.125312E-005 4.165424E-002 5.100000E-006
    81     -1      8 1.133276E-005 3.437215E-002 5.100000E-006
    82     -1      4 4.228923E-006 3.589568E-002 5.100000E-006
    83    542    233 3.510513E-006 3.679786E-002 5.951719E-004
    84    308    468 1.558498E-006 3.204434E-002 4.637965E-004
    85    486    496 8.225184E-007 1.798291E-002 4.839176E-004
    86    454    215 1.527821E-006 3.847006E-002 2.383113E-004
    87    444    215 8.361061E-007 2.836584E-002 3.212746E-004
    88     19    398 1.080686E-006 4.481342E-002 1.687767E-004
    89    473    554 4.891701E-006 2.930867E-002 4.322291E-004
    90    489    152 1.817086E-006 3.094227E-002 3.038551E-004
    91    155    474 1.248221E-006 1.785340E-002 2.300968E-004
    92    468    209 1.118087E-006 3.469473E-002 2.276301E-004
    93    499    485 2.837148E-006 3.691251E-002 4.076265E-004
    94    376    414 7.676070E-007 3.291066E-002 2.989733E-004
    95    357    241 2.491991E-006 3.013909E-002 2.731143E-004
    96    550    348 3.411616E-006 4.136224E-002 6.154806E-004
    97     81    511 4.480286E-006 3.403981E-002 2.548100E-004
    98      1    170 4.904588E-006 3.439153E-002 1.398998E-004
    99    381    427 4.163565E-006 2.978903E-002 1.898148E-004
   100    365    172 3.385141E-006 3.037815E-002 1.512527E-004
   101    179    467 1.394745E-006 3.693349E-002 1.790797E-004
   102    417     41 1.447835E-006 3.861793E-002 1.326571E-004
   103    489    290 4.567556E-006 2.742591E-002 2.427440E-004
   104    533    237 3.154990E-006 2.328398E-002 3.728538E-004
   105    535      2 3.483617E-006 3.207699E-002 4.776771E-004
   106     98    547 4.811295E-006 4.386451E-002 7.046451E-004
   107    325    378 3.652694E-006 2.395007E-002 2.145446E-004
   108    112    551 3.798797E-006 2.290345E-002 2.729736E-004
   109      3    457 2.207349E-006 2.918262E-002 1.849830E-004
   110    198    160 2.627309E-006 2.571214E-002 1.082095E-004
   111     96    120 1.914162E-006 3.211537E-002 9.738056E-005
   112    250    228 2.993338E-006 3.018487E-002 1.500326E-004
   113    130    191 8.782702E-007 3.559600E-002 7.861592E-005
   114     27    298 2.784338E-006 2.525115E-002 1.382253E-004
   115      4    495 4.861024E-006 2.970358E-002 1.746913E-004
   116    205    105 1.522918E-006 3.212486E-002 7.941673E-005
   117      5    411 2.388052E-006 2.042631E-002 1.700726E-004
   118      7    557 1.686952E-006 3.253043E-002 3.685490E-004
   119    389    458 2.556708E-006 4.292227E-002 2.366422E-004
   120    199    468 3.792914E-006 2.168889E-002 1.716481E-004
   121    260    467 4.414028E-006 3.350406E-002 2.007394E-004
   122    437    240 2.254696E-006 2.937906E-002 1.571720E-004
   123      5    431 3.142243E-006 2.803255E-002 2.104401E-004
   124    106    211 3.949243E-006 3.451777E-002 1.029061E-004
   125    215    298 3.666982E-006 2.703262E-002 1.191362E-004
   126    382    490 3.485298E-006 2.089767E-002 2.505102E-004
   127    382    491 4.519228E-006 2.654107E-002 3.022738E-004
   128      9    502 8.604801E-007 2.209580E-002 2.291379E-004
   129    429    238 1.981820E-006 3.038926E-002 9.628670E-005
   130      6    383 3.854409E-006 2.771572E-002 1.600714E-004
   131    155    519 9.887933E-007 2.249516E-002 2.795735E-004
   132      7    265 9.082473E-007 1.828421E-002 1.459485E-004
   133    164    540 3.052731E-006 3.860623E-002 3.063177E-004
   134     17     94 1.744525E-006 3.178100E-002 5.362132E-005
   135      8    495 3.295490E-006 4.018852E-002 3.941610E-004
   136    213     97 1.293467E-006 3.288577E-002 1.144115E-004
   137     87     93 4.176593E-006 4.205064E-002 7.849455E-005
   138    165      9 5.055314E-006 3.402287E-002 8.288569E-005
   139    318    326 2.325296E-006 2.724837E-002 1.210663E-004
   140    312    379 5.008948E-006 3.627224E-002 1.318821E-004
   141    272    175 4.139892E-006 2.590080E-002 1.116319E-004
   142     89    102 3.563323E-006 2.437474E-002 9.417962E-005
   143    102    555 3.267194E-006 2.620340E-002 4.104723E-004
   144    220    540 4.051361E-006 4.077796E-002 3.389280E-004
   145    214    510 7.437935E-007 3.569583E-002 4.057332E-004
   146    200    527 4.042116E-006 2.711654E-002 2.358887E-004
   147     14    500 1.139239E-006 3.857707E-002 2.411740E-004
   148    289     42 2.007595E-006 3.834082E-002 8.981992E-005
   149     10    516 4.762968E-006 3.127798E-002 2.448067E-004
   150    303    164 1.215723E-006 4.025811E-002 9.734810E-005
   151     22    211 2.782517E-006 2.477291E-002 8.918607E-005
   152     11    540 1.027035E-006 2.047136E-002 3.512361E-004
   153     12    281 4.706235E-006 3.890549E-002 6.535422E-005
   154    158    282 3.025136E-006 2.483920E-002 9.318492E-005
   155     27     41 1.736960E-006 2.911005E-002 5.320432E-005
   156     13    101 3.362588E-006 3.074062E-002 5.622536E-005
   157     92     14 4.744617E-006 2.931145E-002 1.133565E-004
   158    106    205 1.427664E-006 2.081796E-002 6.382132E-005
   159    149    484 1.337312E-006 4.552758E-002 2.596730E-004
   160     16     39 2.292377E-006 2.910151E-002 4.622893E-005
   161     15    241 2.107612E-006 1.468325E-002 1.522233E-004
   162     16     59 3.916044E-006 3.365166E-002 5.414766E-005
   163    264    132 3.159332E-006 3.118798E-002 6.481986E-005
   164     69    524 2.333001E-006 2.821899E-002 1.642876E-004
   165     89    555 1.685971E-006 2.970066E-002 3.908156E-004
   166    138    298 4.455632E-006 3.647989E-002 1.836335E-004
   167     17    175 1.459322E-006 3.015203E-002 6.841343E-005
   168     18    393 1.052250E-006 3.628869E-002 8.697535E-005
   169     19    535 5.015252E-006 2.440769E-002 3.278473E-004
   170     20    183 1.504007E-006 3.133176E-002 5.042038E-005
   171    162    535 4.436021E-006 3.017140E-002 4.191184E-004
   172    302    456 3.095596E-006 2.592969E-002 1.861044E-004
   173     70    285 4.404643E-006 2.245154E-002 1.095055E-004
   174    154    501 1.434808E-006 2.927489E-002 1.788303E-004
   175     21    314 4.801069E-006 2.991178E-002 8.871827E-005
   176    136    203 6.278072E-007 2.123812E-002 7.245248E-005
   177    205     22 4.490512E-006 3.124552E-002 5.350869E-005
   178    189    120 4.975609E-006 2.520711E-002 4.221738E-005
   179     23    512 1.964730E-006 3.251667E-002 1.297481E-004
   180     24    508 3.630141E-006 2.436052E-002 1.658387E-004
   181     25    547 3.499026E-006 2.689783E-002 6.516027E-004
   182     26    160 4.959920E-006 3.197539E-002 5.072381E-005
   183     28     27 1.325966E-006 3.590674E-002 3.391644E-005
   184     29    371 4.146616E-006 3.286924E-002 9.658346E-005
   185     60     70 8.943794E-007 2.715060E-002 3.512038E-005
   186     65    511 3.976138E-006 3.154119E-002 2.136492E-004
   187     42    420 5.013991E-006 2.825354E-002 2.118969E-004
   188     30    489 3.794735E-006 3.103568E-002 2.518796E-004
   189    115     36 3.901896E-006 4.250109E-002 3.782980E-005
   190     31    543 3.552537E-006 3.654169E-002 3.205503E-004
   191     32    556 5.057416E-006 2.103445E-002 2.279759E-004
   192    174     33 1.103519E-006 3.602611E-002 3.931986E-005
   193    118    556 1.304393E-006 3.521491E-002 3.013299E-004
   194    146    261 1.483276E-006 3.471749E-002 5.684754E-005
   195     34    441 1.923967E-006 3.536418E-002 1.789986E-004
   196     50    294 3.510933E-006 3.052783E-002 9.721132E-005
   197     35    547 3.730999E-006 3.725233E-002 7.059372E-004
   198     36    282 3.856510E-006 3.383822E-002 1.097826E-004
   199     75    369 4.783840E-006 3.438904E-002 1.093537E-004
   200     38     37 1.887546E-006 4.226108E-002 6.680883E-005
   201     39    500 1.125651E-006 3.039066E-002 1.915992E-004
   202     40    282 2.944029E-006 3.219769E-002 8.026297E-005
   203     41    298 1.119908E-006 3.951413E-002 1.309336E-004
   204     42     63 3.600304E-006 3.436008E-002 2.280789E-005
   205     43    348 3.888729E-006 3.831596E-002 2.208882E-004
   206     44    537 3.078506E-006 3.165265E-002 2.889078E-004
   207     45    320 2.377406E-006 3.576519E-002 1.020009E-004
   208     46    464 4.456613E-006 2.385142E-002 1.756791E-004
   209     47    503 4.356316E-006 3.263992E-002 2.929197E-004
   210     48    248 4.446667E-006 4.614092E-002 7.089471E-005
   211     48    320 1.455119E-006 2.027709E-002 6.789535E-005
   212     48    393 5.087113E-006 2.986721E-002 1.596110E-004
   213     49    540 9.327613E-007 3.498901E-002 3.192584E-004
   214     50    136 3.964932E-006 3.514335E-002 2.790789E-005
   215     51    520 2.217014E-006 3.065777E-002 5.645595E-004
   216     52    535 4.739854E-006 3.706870E-002 4.281959E-004
   217     53    498 1.607106E-006 3.203581E-002 1.537438E-004
   218     54    555 6.838392E-007 2.587623E-002 3.644542E-004
   219     56    556 2.794004E-006 3.581619E-002 2.709659E-004
   220     56     55 2.808432E-006 3.066064E-002 1.861644E-005
   221     56    557 8.746281E-007 1.777455E-002 2.690546E-004
   222     57    546 4.493034E-006 3.821533E-002 2.941047E-004
   223     58    481 1.478933E-006 3.908061E-002 1.347101E-004
   224     59    504 1.827452E-006 2.537011E-002 2.025535E-004
   225     60    218 3.329669E-006 2.203239E-002 5.221508E-005
   226     61    517 1.699699E-006 2.810418E-002 1.977703E-004
   227     62    441 3.126974E-006 2.601068E-002 2.852867E-004
   228     63    289 4.294120E-006 4.030444E-002 7.215300E-005
   229     64    496 4.660569E-006 3.866568E-002 2.432825E-004
   230     64    438 7.185791E-007 3.098913E-002 1.538045E-004
   231     66    480 2.959438E-006 3.676560E-002 1.405268E-004
   232     66     65 2.594110E-006 3.240353E-002 1.903346E-005
   233     67    484 4.898425E-006 3.521281E-002 2.155901E-004
   234     68    210 3.852728E-006 3.848511E-002 9.384171E-005
   235     69    516 3.313560E-006 4.159882E-002 1.704714E-004
   236     70    527 3.948123E-006 3.263345E-002 1.781523E-004
   237     71    175 1.596040E-006 3.009091E-002 3.832132E-005
   238     72    389 3.207240E-006 3.562772E-002 1.141417E-004
   239     73    129 7.066723E-007 3.149144E-002 4.658874E-005
   240     74    125 3.850627E-006 2.807734E-002 4.047481E-005
   241     75    493 3.290027E-006 3.605349E-002 2.164101E-004
   242     76    536 2.079596E-006 3.261729E-002 4.322039E-004
   243     78     77 6.559633E-007 2.807075E-002 3.043741E-005
   244    493    370 2.585425E-006 3.447073E-002 3.689680E-004
   245    360    280 2.751840E-006 3.964851E-002 2.653953E-004
   246    518    452 1.685691E-006 1.888972E-002 5.722554E-004
   247    319    504 2.611480E-006 3.956686E-002 3.250739E-004
   248    262    175 4.132608E-006 3.400023E-002 1.413481E-004
   249    262    252 2.925119E-006 3.113631E-002 1.020956E-004
   250    433    241 8.601896E-007 3.084878E-002 3.578742E-004
   251    387     97 1.097776E-006 3.015974E-002 1.408592E-004
   252    468    149 2.806471E-006 4.218870E-002 2.569454E-004
   253     81    313 1.908558E-006 2.888765E-002 1.856532E-004
   254    294    241 7.155011E-006 2.654992E-002 2.909549E-004
   255    433     90 5.074225E-006 3.680834E-002 1.764516E-004
   256    460    208 3.643168E-006 3.440599E-002 2.201799E-004
   257    484     79 2.082958E-006 3.245663E-002 2.188306E-004
   258    463    443 4.005415E-006 3.232925E-002 5.181866E-004
   259    545    171 9.265978E-007 4.214042E-002 3.767272E-004
   260    397     80 4.497656E-006 1.599230E-002 1.876237E-004
   261    373    538 3.773799E-006 3.753634E-002 3.503524E-004
   262    475    474 4.469500E-006 3.613322E-002 3.175879E-004
   263    474    150 4.912433E-006 4.079080E-002 2.179478E-004
   264    393    248 4.636615E-006 3.937643E-002 2.085320E-004
   265     81    555 5.190922E-006 2.969833E-002 4.213037E-004
   266    324    510 4.609720E-006 3.080028E-002 4.080695E-004
   267     82    502 4.561393E-006 3.927024E-002 2.819631E-004
   268    432    194 4.943531E-006 3.378668E-002 1.830456E-004
   269    212    133 4.207411E-006 3.715482E-002 1.006325E-004
   270    468     83 2.447726E-006 3.213995E-002 1.657009E-004
   271    242    433 1.402309E-006 2.208613E-002 2.244282E-004
   272    543    172 3.779326E-006 2.783401E-002 2.776547E-004
   273    303    241 5.736457E-006 3.340386E-002 2.725708E-004
   274    397    376 5.829527E-006 2.903933E-002 1.543474E-004
   275    397    363 5.741775E-006 2.717692E-002 1.700425E-004
   276     85     84 6.192624E-007 3.817055E-002 8.255424E-005
   277    377    518 6.524613E-007 2.331715E-002 4.240389E-004
   278     99     86 4.205029E-006 2.473728E-002 7.016009E-005
   279    156    528 6.054532E-006 2.043539E-002 1.595268E-004
   280    475    265 6.718092E-006 1.584773E-002 2.497293E-004
   281    382    311 4.829506E-006 1.874602E-002 1.507642E-004
   282    376    346 4.888339E-006 3.879449E-002 1.204043E-004
   283    182     87 1.883764E-006 3.159173E-002 9.757772E-005
   284     88    344 6.401244E-006 3.725673E-002 1.650127E-004
   285     89    454 3.243800E-006 3.707012E-002 1.053536E-004
   286    118    380 4.196604E-006 3.133277E-002 1.228986E-004
   287    104    211 5.885369E-006 3.520087E-002 8.036335E-005
   288     90    242 1.807051E-006 3.121162E-002 9.254498E-005
   289    357    136 3.485018E-006 4.713960E-002 9.566335E-005
   290    184     91 3.320284E-006 3.248679E-002 4.908736E-005
   291    136    202 2.203987E-006 2.629082E-002 6.321620E-005
   292     92    268 2.877052E-006 3.038169E-002 1.170573E-004
   293    246    529 3.949303E-006 2.792654E-002 2.947184E-004
   294    181    136 3.282463E-006 3.228243E-002 6.012268E-005
   295    217     93 3.066179E-006 2.177423E-002 5.071579E-005
   296    219    322 4.155161E-006 3.018906E-002 1.031868E-004
   297    275    452 2.554682E-006 2.902600E-002 2.240678E-004
   298    425    290 4.611681E-006 3.177596E-002 9.683649E-005
   299    262     94 4.674717E-006 2.614510E-002 6.522268E-005
   300    193    443 5.091101E-006 2.943722E-002 2.616222E-004
   301     96     95 2.908553E-006 3.707705E-002 6.170883E-005
   302    174     97 7.003687E-007 2.314702E-002 5.330353E-005
   303     98    524 1.993601E-006 4.266697E-002 3.357091E-004
   304    247    534 6.040418E-006 2.747170E-002 4.093243E-004
   305    174    213 1.304674E-006 2.461224E-002 8.881317E-005
   306    215    250 5.430245E-006 2.802236E-002 1.392489E-004
   307    212    321 2.597472E-006 2.828837E-002 9.582688E-005
   308    201    119 2.699030E-006 2.480657E-002 5.875614E-005
   309     99    241 1.187879E-006 4.858865E-002 1.044224E-004
   310    100    469 2.640896E-006 3.311534E-002 2.114952E-004
   311    101    241 4.071215E-006 3.567134E-002 1.165740E-004
   312    102    311 3.996730E-006 2.684369E-002 1.083002E-004
   313    189    137 1.219584E-006 3.318411E-002 7.730704E-005
   314    103    278 1.684290E-006 4.238078E-002 6.549129E-005
   315    197    171 1.646480E-006 2.309752E-002 5.168874E-005
   316    123    364 5.302811E-006 3.211790E-002 1.002478E-004
   317    152    557 4.348994E-006 3.851047E-002 4.817780E-004
   318    202    357 7.925413E-007 2.725316E-002 6.428093E-005
   319    106    104 4.729629E-006 3.953772E-002 4.913551E-005
   320    121    154 4.730071E-006 3.253984E-002 5.354064E-005
   321    106    105 1.419838E-006 3.994079E-002 4.374011E-005
   322    135    381 2.835529E-006 3.547067E-002 7.587322E-005
   323    107    218 3.120876E-006 3.777757E-002 6.758837E-005
   324    108    452 3.440178E-006 3.703212E-002 2.086005E-004
   325    109    555 6.612864E-007 3.414870E-002 3.405356E-004
   326    116    264 5.903881E-007 3.107211E-002 9.605781E-005
   327    111    518 1.129786E-006 3.519578E-002 3.657536E-004
   328    110    510 2.189560E-006 3.344776E-002 3.276029E-004
   329    112    111 6.327606E-006 3.623099E-002 2.744989E-005
   330    113    482 2.915303E-006 3.098857E-002 2.407979E-004
   331    197    121 6.462303E-007 3.254506E-002 4.618071E-005
   332    114    535 4.859062E-006 2.041109E-002 4.635445E-004
   333    115    329 5.206672E-006 3.443793E-002 6.667673E-005
   334    116    161 3.643092E-006 1.984376E-002 2.251249E-005
   335    117    431 4.703479E-006 3.874799E-002 1.515089E-004
   336    118    478 2.486771E-006 2.851648E-002 1.753607E-004
   337    119    534 5.003349E-006 2.633789E-002 2.243079E-004
   338    120    137 6.752047E-006 2.561288E-002 6.750038E-005
   339    121    171 1.927736E-006 3.384424E-002 4.026108E-005
   340    121    170 5.481383E-006 2.320738E-002 4.996316E-005
   341    122    501 2.515385E-006 3.233953E-002 1.268267E-004
   342    123    510 8.422697E-007 2.521675E-002 2.908452E-004
   343    124    489 2.483498E-006 3.478636E-002 3.189715E-004
   344    124    485 2.912644E-006 2.956053E-002 3.301093E-004
   345    125    547 1.848371E-006 2.739392E-002 5.886156E-004
   346    126    388 5.247173E-006 3.267486E-002 1.119230E-004
   347    127    525 8.986450E-007 3.169064E-002 9.854673E-005
   348    128    473 6.027531E-006 4.072907E-002 2.577738E-004
   349    129    356 2.437065E-006 4.250267E-002 7.180606E-005
   350    130    555 6.682705E-006 3.261579E-002 3.778284E-004
   351    131    268 6.360743E-006 3.612400E-002 6.352880E-005
   352    132    328 4.768117E-006 2.151497E-002 1.413982E-004
   353    510    183 1.940009E-006 3.415438E-002 4.556146E-004
   354    510    228 2.396360E-006 3.335489E-002 5.112756E-004
   355    518    450 4.748276E-006 2.660407E-002 5.153720E-004
   356    481    341 4.827846E-006 2.994986E-002 3.468709E-004
   357    452    133 4.541476E-006 3.606911E-002 2.052846E-004
   358    467    256 3.500112E-006 2.683322E-002 1.771420E-004
   359    465    194 1.748141E-006 3.313600E-002 1.448184E-004
   360    226    536 1.249857E-006 3.128453E-002 5.171004E-004
   361    267    134 3.753754E-006 2.954121E-002 9.627941E-005
   362    508    554 3.994304E-006 4.485501E-002 3.645657E-004
   363    336    366 2.185060E-006 2.078637E-002 1.395294E-004
   364    304    151 6.947188E-006 2.770926E-002 1.135032E-004
   365    325    342 6.523156E-006 4.279964E-002 1.470407E-004
   366    451    194 5.424722E-006 2.447418E-002 1.472206E-004
   367    135    489 4.726184E-006 3.527467E-002 1.737532E-004
   368    136    241 5.916665E-006 4.029496E-002 2.240395E-004
   369    258    464 7.669437E-006 2.888282E-002 1.387384E-004
   370    314    213 2.535416E-006 3.218100E-002 8.851614E-005
   371    357    181 4.909211E-006 2.668860E-002 8.210883E-005
   372    156    147 4.141785E-006 3.306165E-002 5.996596E-005
   373    221    274 6.741615E-006 3.220615E-002 8.056316E-005
   374    160    264 1.852806E-006 3.870912E-002 6.500876E-005
   375    377    452 4.527773E-006 1.691641E-002 1.943154E-004
   376    390    236 3.089580E-006 3.074313E-002 1.222454E-004
   377    240    322 2.436656E-006 3.956376E-002 1.459974E-004
   378    173    534 4.352673E-006 4.271524E-002 2.919470E-004
   379    319    218 5.643795E-006 1.705311E-002 1.269277E-004
   380    154    545 2.220789E-006 2.127350E-002 3.619227E-004
   381    151    320 1.624388E-006 3.045000E-002 1.159572E-004
   382    137    482 1.367064E-006 2.727235E-002 1.432712E-004
   383    181    294 1.294040E-006 3.475354E-002 8.220580E-005
   384    138    374 1.786409E-006 2.678613E-002 1.199447E-004
   385    155    394 6.777411E-006 3.100699E-002 1.987815E-004
   386    154    197 2.505385E-006 1.711135E-002 4.670704E-005
   387    139    316 2.701411E-006 2.747683E-002 7.393368E-005
   388    219    141 3.733299E-006 3.310269E-002 4.470718E-005
   389    140    262 4.129921E-006 2.111796E-002 5.100000E-005
   390    141    322 2.644274E-006 3.514499E-002 7.873830E-005
   391    142    496 6.370971E-006 2.774353E-002 2.792933E-004
   392    143    216 3.179786E-006 2.800996E-002 7.114436E-005
   393    144    255 8.632242E-006 3.790741E-002 3.892957E-005
   394    144    298 2.190432E-006 4.030527E-002 6.440095E-005
   395    145    510 2.863757E-006 3.245759E-002 3.909179E-004
   396    145    228 4.301538E-006 2.625906E-002 1.104950E-004
   397    146    453 3.920666E-006 2.683886E-002 1.280452E-004
   398    147    528 5.209300E-006 3.898886E-002 1.422102E-004
   399    148    348 3.904098E-006 3.331823E-002 2.185369E-004
   400    149    305 5.872278E-006 2.792777E-002 3.964427E-005
   401    150    155 3.352427E-006 3.645496E-002 2.831873E-005
   402    151    336 3.913507E-006 2.643585E-002 7.795663E-005
   403    151    415 6.584521E-006 3.028820E-002 1.265003E-004
   404    152    462 4.101693E-006 3.441017E-002 1.421311E-004
   405    153    264 2.261766E-006 3.160584E-002 4.934657E-005
   406    153    328 1.765323E-006 3.520159E-002 6.243747E-005
   407    154    171 4.667274E-006 3.502032E-002 3.731479E-005
   408    155    510 1.528863E-006 1.815474E-002 2.888962E-004
   409    156    224 5.722343E-006 3.424990E-002 5.166502E-005
   410    157    524 1.224493E-006 2.980324E-002 2.542847E-004
   411    158    535 6.957415E-006 3.226900E-002 4.346771E-004
   412    159    307 2.714640E-006 3.564631E-002 1.294214E-004
   413    161    160 4.446769E-006 3.073214E-002 4.026108E-005
   414    162    483 3.611796E-006 2.844916E-002 2.526209E-004
   415    547    163 5.884960E-006 2.530763E-002 6.958899E-004
   416    518    272 7.164215E-006 3.034329E-002 3.411589E-004
   417    519    196 1.303858E-006 3.340835E-002 3.022858E-004
   418    438    273 5.908688E-006 3.075284E-002 2.442856E-004
   419    503    390 7.267004E-006 2.919051E-002 3.776622E-004
   420    537    517 6.582066E-006 2.855900E-002 4.816308E-004
   421    511    437 2.749209E-006 2.932303E-002 3.315788E-004
   422    241    164 2.613387E-006 1.956225E-002 1.796463E-004
   423    250    214 5.801913E-006 2.924173E-002 1.493000E-004
   424    379    192 4.976962E-006 3.929250E-002 1.548237E-004
   425    557    461 2.255220E-006 3.233177E-002 5.119570E-004
   426    366    288 4.414483E-006 2.625524E-002 1.366217E-004
   427    510    180 5.008668E-006 3.087247E-002 3.671388E-004
   428    378    338 7.017175E-006 2.444757E-002 2.007669E-004
   429    483    199 6.319172E-006 2.383656E-002 2.408165E-004
   430    502    165 9.890561E-007 4.287437E-002 1.775080E-004
   431    401    543 8.708262E-007 3.212525E-002 5.553312E-004
   432    556    187 5.813981E-006 2.036252E-002 2.635827E-004
   433    175    190 3.134990E-006 2.587437E-002 9.967717E-005
   434    213    414 7.187625E-006 4.459867E-002 1.262904E-004
   435    315    414 4.103884E-006 3.346873E-002 2.516651E-004
   436    412    551 6.370152E-006 3.990918E-002 2.383591E-004
   437    166    301 4.330175E-006 3.173257E-002 1.076824E-004
   438    256    293 6.025486E-006 3.963309E-002 1.043131E-004
   439    256    179 7.093441E-006 3.028735E-002 7.293471E-005
   440    187    326 1.647298E-006 3.354039E-002 1.056595E-004
   441    167    407 6.636067E-006 3.271412E-002 1.187708E-004
   442    207    535 1.791301E-006 2.665122E-002 4.815196E-004
   443    222    168 2.320475E-006 2.724611E-002 8.952306E-005
   444    292    521 4.279242E-006 3.292423E-002 3.492396E-004
   445    432    195 8.127340E-007 2.628600E-002 1.243314E-004
   446    169    481 8.531807E-006 3.341506E-002 3.668791E-004
   447    234    213 2.417429E-006 2.064902E-002 9.789028E-005
   448    183    529 4.415473E-006 2.503563E-002 2.978574E-004
   449    246    247 6.982575E-006 2.963416E-002 5.611113E-005
   450    294    373 1.185629E-006 3.218116E-002 1.526535E-004
   451    171    170 3.643255E-006 3.148782E-002 8.439664E-005
   452    190    364 3.903075E-006 2.583240E-002 1.861831E-004
   453    207    522 9.406854E-006 2.958468E-002 1.444764E-004
   454    193    463 4.597522E-006 2.403838E-002 3.120358E-004
   455    220    303 7.112553E-006 3.515445E-002 9.561868E-005
   456    180    462 7.102092E-006 2.660581E-002 1.778316E-004
   457    172    544 4.456193E-006 2.615311E-002 1.863295E-004
   458    173    300 6.815856E-006 3.483237E-002 1.060896E-004
   459    286    520 1.955146E-006 3.363418E-002 4.401948E-004
   460    247    529 5.983144E-006 3.088157E-002 2.742574E-004
   461    174    414 7.364290E-006 2.519029E-002 1.985459E-004
   462    352    485 3.130896E-006 2.750426E-002 4.023319E-004
   463    176    272 3.843551E-006 2.662642E-002 7.024599E-005
   464    176    175 1.418816E-006 4.101450E-002 5.389270E-005
   465    177    424 4.069292E-006 2.668540E-002 7.294890E-005
   466    178    484 6.182580E-006 3.723408E-002 2.278184E-004
   467    179    329 2.808119E-006 2.207570E-002 1.013980E-004
   468    179    293 3.053988E-006 2.524475E-002 6.414011E-005
   469    180    394 4.460099E-006 2.578549E-002 1.844782E-004
   470    181    373 4.207934E-006 3.987829E-002 1.275961E-004
   471    182    217 5.475860E-006 2.256271E-002 5.291203E-005
   472    183    350 7.705742E-006 3.341225E-002 1.172359E-004
   473    184    262 7.907789E-006 2.770554E-002 5.843678E-005
   474    185    524 1.421066E-006 2.733767E-002 2.471949E-004
   475    186    514 4.053757E-006 2.110969E-002 2.750321E-004
   476    187    557 3.213123E-006 3.234295E-002 2.765178E-004
   477    187    400 6.935528E-006 2.312313E-002 1.367334E-004
   478    188    518 4.635596E-006 3.409931E-002 3.867765E-004
   479    189    554 2.982805E-006 3.187748E-002 2.710392E-004
   480    190    196 6.863731E-006 4.475558E-002 3.451593E-005
   481    191    215 6.689608E-006 3.373983E-002 5.277076E-005
   482    192    512 6.878416E-006 1.753037E-002 1.519626E-004
   483    193    206 3.287175E-006 3.282336E-002 5.467987E-005
   484    195    451 3.286357E-006 2.340655E-002 1.174270E-004
   485    195    194 3.680586E-006 2.802567E-002 3.088071E-005
   486    196    272 6.666020E-006 2.730138E-002 5.129724E-005
   487    196    364 6.495953E-006 1.825673E-002 1.772931E-004
   488    197    501 2.665139E-006 2.681667E-002 1.491309E-004
   489    198    264 6.560796E-006 3.081206E-002 9.383101E-005
   490    199    209 6.810922E-006 3.289141E-002 5.702508E-005
   491    200    546 5.821976E-006 3.275983E-002 2.593903E-004
   492    201    503 3.955644E-006 3.518615E-002 2.321626E-004
   493    203    510 5.249298E-006 2.332331E-002 3.535962E-004
   494    203    202 1.006620E-005 4.718505E-002 4.444536E-005
   495    204    521 3.854392E-006 3.072416E-002 1.964602E-004
   496    205    211 9.695773E-006 2.843526E-002 7.797953E-005
   497    206    443 6.089808E-006 3.337355E-002 2.491633E-004
   498    207    282 6.631355E-006 2.320048E-002 7.390483E-005
   499    468    463 2.281403E-006 2.863130E-002 4.562337E-004
   500    493    424 6.365652E-006 3.352236E-002 4.139217E-004
   501    474    377 8.687911E-006 2.566369E-002 3.478054E-004
   502    481    480 2.192484E-006 3.405066E-002 3.990582E-004
   503    540    303 8.342117E-007 3.888278E-002 3.450819E-004
   504    556    208 9.867861E-006 3.131115E-002 4.995194E-004
   505    448    209 6.360769E-006 3.246239E-002 2.177569E-004
   506    265    254 7.049667E-006 3.625188E-002 1.399111E-004
   507    484    308 8.094612E-007 2.873020E-002 2.771080E-004
   508    484    295 2.986077E-006 2.984408E-002 2.648951E-004
   509    545    552 4.223675E-006 2.876630E-002 6.855052E-004
   510    282    329 2.744709E-006 3.280753E-002 1.526533E-004
   511    304    288 1.201993E-006 2.844160E-002 1.447480E-004
   512    296    552 7.006406E-007 2.597744E-002 4.566179E-004
   513    241    235 3.118421E-006 2.641619E-002 1.578851E-004
   514    368    463 8.861183E-006 1.606157E-002 3.657119E-004
   515    545    530 1.119251E-005 2.771797E-002 6.086407E-004
   516    449    499 7.145459E-006 2.674076E-002 2.829726E-004
   517    483    295 4.589954E-006 3.434684E-002 2.124578E-004
   518    546    226 3.553295E-006 2.600906E-002 3.023357E-004
   519    541    291 6.994407E-006 3.611964E-002 2.190732E-004
   520    293    329 5.779388E-007 2.909055E-002 1.571248E-004
   521    467    293 3.150331E-006 1.988898E-002 1.421848E-004
   522    215    510 2.863001E-006 3.282385E-002 4.119931E-004
   523    512    382 3.614744E-006 3.672687E-002 1.977665E-004
   524    315    416 3.653534E-006 3.212454E-002 1.459231E-004
   525    430    244 9.159772E-006 3.568769E-002 1.349788E-004
   526    421    537 6.008501E-006 2.208075E-002 5.704837E-004
   527    480    399 9.864309E-006 3.821892E-002 2.164146E-004
   528    458    297 6.589497E-006 3.155297E-002 1.631949E-004
   529    320    383 3.990827E-006 2.763377E-002 1.626704E-004
   530    374    298 1.091163E-005 2.569953E-002 2.370764E-004
   531    441    210 8.283549E-006 4.033911E-002 2.187331E-004
   532    304    366 6.524371E-006 2.348458E-002 1.687609E-004
   533    358    507 9.933340E-006 2.764443E-002 3.133011E-004
   534    298    250 5.166989E-006 3.096823E-002 1.112321E-004
   535    544    320 6.172695E-006 2.829432E-002 2.845622E-004
   536    402    485 8.159409E-006 3.100195E-002 4.828781E-004
   537    211    496 3.873774E-006 2.834140E-002 2.150203E-004
   538    279    392 5.025032E-006 4.315721E-002 1.231337E-004
   539    276    464 7.463359E-006 1.954809E-002 1.448926E-004
   540    212    452 9.404485E-006 2.937905E-002 2.472283E-004
   541    379    418 6.154966E-006 2.902676E-002 1.382556E-004
   542    459    511 6.337424E-006 2.118477E-002 2.748330E-004
   543    237    375 5.207286E-006 2.955433E-002 1.444976E-004
   544    302    440 3.892643E-006 3.762529E-002 1.272568E-004
   545    213    371 9.497240E-006 2.923478E-002 1.255588E-004
   546    365    248 8.642718E-006 2.454406E-002 9.619936E-005
   547    528    224 1.365633E-006 3.640743E-002 1.523396E-004
   548    248    544 8.475330E-006 3.505842E-002 2.456614E-004
   549    366    554 1.957805E-006 2.670683E-002 2.794853E-004
   550    376    523 7.828048E-006 3.368894E-002 3.440647E-004
   551    391    363 6.642204E-006 3.636666E-002 1.934777E-004
   552    426    423 6.844866E-006 3.182532E-002 1.557769E-004
   553    324    298 4.573181E-006 4.066044E-002 2.071019E-004
   554    359    484 3.050715E-006 3.245554E-002 2.275688E-004
   555    325    338 6.058825E-006 4.337510E-002 1.319385E-004
   556    517    440 7.970222E-006 3.186776E-002 2.135652E-004
   557    260    283 2.668553E-006 3.204618E-002 9.660650E-005
   558    244    512 6.045390E-006 3.297060E-002 1.433909E-004
   559    274    277 1.708104E-006 2.267774E-002 4.921644E-005
   560    259    553 3.156109E-006 2.984364E-002 4.164127E-004
   561    270    515 5.668889E-006 2.983164E-002 3.464723E-004
   562    230    474 7.718003E-006 3.310357E-002 2.337497E-004
   563    215    214 9.480076E-006 2.994636E-002 9.068897E-005
   564    259    552 5.341880E-006 2.412403E-002 3.392456E-004
   565    222    510 5.615982E-006 2.908710E-002 3.501982E-004
   566    230    450 3.560799E-006 3.128580E-002 1.205319E-004
   567    248    415 6.384398E-006 3.621112E-002 1.571068E-004
   568    248    320 4.831937E-006 2.609184E-002 1.077358E-004
   569    255    417 7.941339E-006 3.246999E-002 1.241589E-004
   570    247    533 6.320242E-006 2.025346E-002 3.341938E-004
   571    320    508 5.124179E-006 3.969023E-002 2.303100E-004
   572    217    216 6.463223E-006 4.479068E-002 7.033070E-005
   573    218    527 3.282049E-006 4.508282E-002 2.952189E-004
   574    219    389 3.980667E-006 2.587240E-002 9.779853E-005
   575    219    481 5.139972E-006 2.605148E-002 1.926425E-004
   576    220    534 1.106977E-005 4.301793E-002 1.961821E-004
   577    221    355 1.928350E-006 3.156134E-002 9.633024E-005
   578    223    222 5.000046E-006 2.887793E-002 3.122784E-005
   579    223    510 4.374281E-006 1.780024E-002 3.223430E-004
   580    224    547 2.196791E-006 4.058541E-002 3.053407E-004
   581    225    518 1.149832E-006 2.693038E-002 1.386094E-004
   582    227    226 1.015535E-005 3.284178E-002 6.969330E-005
   583    227    536 8.510061E-006 2.648331E-002 3.474008E-004
   584    229    228 4.334062E-006 4.444316E-002 1.068247E-004
   585    230    377 4.572158E-006 3.661408E-002 7.514241E-005
   586    231    318 6.869698E-006 2.721487E-002 5.168987E-005
   587    231    467 2.227968E-006 3.122141E-002 1.471196E-004
   588    232    543 1.062901E-005 3.369419E-002 2.745768E-004
   589    233    390 5.865508E-006 3.487071E-002 1.128141E-004
   590    234    237 8.598314E-006 2.711726E-002 6.295030E-005
   591    234    375 7.070239E-006 3.477683E-002 6.479897E-005
   592    489    485 6.944133E-006 3.497143E-002 6.795062E-004
   593    402    510 4.208873E-006 2.994175E-002 5.168438E-004
   594    511    235 5.922456E-006 2.868914E-002 4.169432E-004
   595    503    236 3.642434E-006 2.198101E-002 2.537954E-004
   596    463    349 8.584500E-006 3.078514E-002 2.498558E-004
   597    482    535 1.024347E-005 3.270831E-002 5.134019E-004
   598    533    251 8.299922E-006 3.093304E-002 3.044726E-004
   599    294    291 5.726598E-006 4.166942E-002 1.174910E-004
   600    336    554 8.632419E-006 3.088780E-002 3.552616E-004
   601    517    533 1.052685E-005 3.426321E-002 4.899024E-004
   602    428    271 6.849953E-006 3.394896E-002 1.429993E-004
   603    365    554 6.635458E-006 2.640086E-002 3.888322E-004
   604    541    538 7.668799E-006 2.857410E-002 2.735807E-004
   605    382    257 4.442584E-006 3.637920E-002 1.096391E-004
   606    376    391 1.197083E-006 3.578938E-002 1.494345E-004
   607    469    348 4.719693E-006 2.578344E-002 2.880563E-004
   608    294    541 5.203504E-006 2.399575E-002 2.356928E-004
   609    437    322 1.056360E-005 2.955863E-002 1.188962E-004
   610    370    510 7.465727E-006 3.000681E-002 5.283274E-004
   611    426    444 1.007606E-005 2.652551E-002 1.805570E-004
   612    327    473 8.206859E-006 3.062301E-002 2.228528E-004
   613    237    363 3.929624E-006 3.262989E-002 8.740255E-005
   614    311    244 6.815461E-006 2.335946E-002 7.257220E-005
   615    238    551 4.819868E-006 2.568367E-002 1.844084E-004
   616    239    515 6.398551E-006 3.303862E-002 2.817575E-004
   617    240    389 1.040245E-005 2.229135E-002 1.291114E-004
   618    240    442 9.462954E-006 2.945748E-002 1.951931E-004
   619    242    241 6.729711E-006 3.500058E-002 1.288703E-004
   620    243    387 9.704259E-006 3.823986E-002 8.134080E-005
   621    244    382 8.095468E-006 1.013290E-002 7.734227E-005
   622    245    328 8.448856E-006 3.510143E-002 6.876934E-005
   623    245    420 5.177660E-006 4.006756E-002 1.821456E-004
   624    246    533 6.827935E-006 2.598540E-002 2.769312E-004
   625    247    433 4.767569E-006 3.289789E-002 1.026740E-004
   626    248    336 7.469054E-006 2.362505E-002 7.516608E-005
   627    249    502 1.812165E-006 3.090559E-002 1.726072E-004
   628    250    510 8.536033E-006 1.816324E-002 3.852959E-004
   629    251    386 1.639730E-006 2.733297E-002 5.345962E-005
   630    252    529 6.042504E-006 3.594507E-002 3.696087E-004
   631    253    525 4.829931E-006 3.423681E-002 2.408348E-004
   632    254    475 3.296993E-006 2.528976E-002 1.371091E-004
   633    255    298 6.127595E-006 1.691033E-002 4.830789E-005
   634    256    329 6.702199E-006 4.099915E-002 9.972977E-005
   635    257    440 5.779319E-006 3.450029E-002 1.592204E-004
   636    258    510 1.032619E-005 2.228951E-002 2.646546E-004
   637    521    524 8.165725E-006 1.962526E-002 6.686329E-004
   638    452    321 1.029310E-005 2.937472E-002 2.781603E-004
   639    499    400 5.453607E-006 3.127725E-002 2.427287E-004
   640    510    354 5.191384E-006 3.119995E-002 3.118098E-004
   641    489    271 4.445692E-006 2.847484E-002 2.224796E-004
   642    466    259 6.789736E-006 3.686198E-002 2.188804E-004
   643    546    500 9.121583E-006 3.249940E-002 4.061487E-004
   644    544    555 5.129435E-006 2.551762E-002 7.005387E-004
   645    474    461 6.834754E-006 2.993982E-002 3.638081E-004
   646    431    411 9.106076E-006 3.929433E-002 2.687227E-004
   647    424    395 6.941256E-006 3.798116E-002 2.048707E-004
   648    462    555 6.331479E-006 2.855865E-002 5.827721E-004
   649    428    306 1.335155E-006 3.293924E-002 1.842518E-004
   650    541    519 7.428428E-006 3.053201E-002 4.340347E-004
   651    321    542 2.290198E-006 2.290062E-002 2.613600E-004
   652    350    510 5.265678E-006 3.270809E-002 4.921779E-004
   653    470    335 5.524406E-006 2.607012E-002 1.614266E-004
   654    309    541 6.168945E-006 3.937462E-002 3.117381E-004
   655    501    281 1.050819E-005 2.164347E-002 1.736304E-004
   656    306    395 5.012186E-006 2.640582E-002 1.184478E-004
   657    306    427 1.880894E-006 4.184511E-002 2.044830E-004
   658    260    535 1.059342E-005 3.533373E-002 4.872622E-004
   659    395    370 9.528770E-006 3.255185E-002 1.445214E-004
   660    405    271 5.844701E-006 2.712663E-002 1.114167E-004
   661    453    261 4.019023E-006 3.463272E-002 1.546511E-004
   662    304    320 6.903051E-006 2.456900E-002 1.079279E-004
   663    262    529 1.214470E-006 4.028074E-002 3.759461E-004
   664    263    528 8.115860E-006 2.539137E-002 2.309536E-004
   665    287    485 6.795122E-006 3.005294E-002 1.708300E-004
   666    264    328 8.866512E-006 3.230642E-002 7.637026E-005
   667    265    479 9.657763E-006 2.905235E-002 3.797320E-004
   668    306    493 8.696832E-006 3.830298E-002 3.532502E-004
   669    266    358 5.769122E-006 3.824073E-002 7.253284E-005
   670    268    267 7.118501E-006 2.269997E-002 6.259226E-005
   671    269    552 6.083098E-006 3.730354E-002 2.194138E-004
   672    270    485 1.102683E-005 2.930160E-002 2.469149E-004
   673    271    427 7.290711E-006 2.955651E-002 1.579306E-004
   674    271    510 1.137163E-005 4.394683E-002 3.774874E-004
   675    271    395 8.787483E-006 3.263353E-002 7.187047E-005
   676    272    519 5.470921E-006 3.646235E-002 2.811951E-004
   677    273    330 5.382809E-006 3.751268E-002 1.069298E-004
   678    274    510 7.112655E-006 2.047161E-002 5.071278E-004
   679    275    487 5.359145E-006 3.712122E-002 2.190501E-004
   680    276    425 5.565057E-006 2.717899E-002 1.042551E-004
   681    276    424 8.638190E-006 2.730448E-002 1.291779E-004
   682    277    405 5.396084E-006 2.899032E-002 1.187270E-004
   683    277    510 3.584797E-006 2.510537E-002 5.117095E-004
   684    278    534 9.518356E-006 2.761781E-002 2.326030E-004
   685    279    525 7.289771E-006 2.593941E-002 2.180772E-004
   686    280    483 1.056437E-005 1.923501E-002 2.058010E-004
   687    280    479 3.781612E-006 3.810836E-002 2.786775E-004
   688    281    365 7.089990E-006 2.304823E-002 1.008876E-004
   689    282    522 8.850201E-006 1.879171E-002 1.356207E-004
   690    282    535 5.134773E-007 3.157547E-002 4.882521E-004
   691    283    535 8.837675E-006 2.723154E-002 3.485558E-004
   692    284    328 1.063921E-005 2.707787E-002 1.232215E-004
   693    284    420 5.250254E-006 2.670834E-002 1.618446E-004
   694    284    289 5.826838E-006 3.399619E-002 4.942112E-005
   695    520    285 1.061416E-005 2.959147E-002 6.350749E-004
   696    525    496 7.960722E-006 3.816650E-002 5.815137E-004
   697    360    479 9.427554E-006 2.764240E-002 4.743758E-004
   698    535    467 7.238767E-006 3.262911E-002 5.453394E-004
   699    520    531 8.979100E-006 2.296744E-002 6.195534E-004
   700    402    290 3.208208E-006 3.032140E-002 1.664461E-004
   701    514    547 8.919268E-006 2.772040E-002 4.326566E-004
   702    298    510 7.568711E-006 2.576613E-002 4.898154E-004
   703    460    427 7.527963E-006 2.619511E-002 2.450560E-004
   704    420    390 6.878041E-006 2.266227E-002 2.662710E-004
   705    523    315 7.946272E-006 3.068105E-002 2.715835E-004
   706    364    354 2.140590E-006 2.204647E-002 1.586956E-004
   707    285    527 1.401335E-005 3.219516E-002 2.515738E-004
   708    530    286 6.324062E-006 3.046470E-002 2.515358E-004
   709    428    405 7.375362E-006 2.992089E-002 1.854932E-004
   710    465    474 3.531057E-006 3.905457E-002 2.679642E-004
   711    361    505 5.709482E-006 2.165362E-002 2.992244E-004
   712    444    401 1.040430E-005 2.934735E-002 2.489607E-004
   713    501    545 1.128755E-005 3.314563E-002 5.500827E-004
   714    480    297 2.223866E-006 2.952193E-002 1.720402E-004
   715    477    492 1.092952E-005 3.236720E-002 3.140520E-004
   716    456    454 6.189950E-006 2.780434E-002 2.211363E-004
   717    439    414 9.352716E-006 3.207840E-002 2.100796E-004
   718    328    289 1.039603E-005 2.477618E-002 1.084486E-004
   719    378    342 1.055706E-005 3.537227E-002 1.347329E-004
   720    453    339 9.072939E-006 2.876014E-002 1.486668E-004
   721    315    376 8.755926E-006 2.121442E-002 1.026080E-004
   722    307    466 7.219336E-006 3.513331E-002 1.568308E-004
   723    287    515 1.046337E-005 3.906893E-002 4.400108E-004
   724    440    491 1.089662E-005 3.540681E-002 2.906225E-004
   725    311    379 5.338522E-006 2.848246E-002 1.412953E-004
   726    395    369 4.337566E-006 2.457468E-002 1.429983E-004
   727    540    309 6.344744E-006 2.875083E-002 1.907016E-004
   728    322    481 6.832195E-006 4.313309E-002 2.750466E-004
   729    288    555 7.871528E-006 3.493426E-002 3.013111E-004
   730    289    420 7.903657E-006 3.938185E-002 1.814253E-004
   731    339    518 7.846019E-006 2.961734E-002 3.679803E-004
   732    350    529 1.085124E-005 3.315973E-002 2.893720E-004
   733    302    311 1.328854E-005 3.221550E-002 1.235583E-004
   734    391    414 1.609661E-006 3.875306E-002 1.314268E-004
   735    290    306 9.089911E-006 2.907447E-002 5.150500E-005
   736    290    493 6.816368E-006 2.471235E-002 3.199691E-004
   737    291    519 1.305438E-005 3.219039E-002 1.725203E-004
   738    292    553 9.498210E-006 2.257505E-002 3.933482E-004
   739    292    501 7.184234E-006 4.029602E-002 3.515994E-004
   740    293    535 9.245099E-006 2.696130E-002 4.628196E-004
   741    294    519 7.569865E-006 3.474947E-002 3.267556E-004
   742    295    308 1.083346E-005 3.108302E-002 5.903512E-005
   743    295    299 7.891344E-006 3.024426E-002 7.823876E-005
   744    296    501 6.448804E-006 2.952494E-002 1.954814E-004
   745    297    511 5.119431E-006 3.091036E-002 3.036791E-004
   746    297    399 1.027560E-005 2.971574E-002 9.439694E-005
   747    510    425 1.066944E-005 3.102475E-002 4.585776E-004
   748    394    510 7.561015E-006 2.634310E-002 4.766450E-004
   749    555    311 5.369727E-006 4.447478E-002 3.885275E-004
   750    481    496 1.359288E-005 3.196319E-002 5.132621E-004
   751    511    389 6.505965E-006 2.673121E-002 3.371276E-004
   752    555    366 5.453992E-006 4.236115E-002 2.480731E-004
   753    442    437 1.458848E-005 2.654246E-002 2.115263E-004
   754    417    298 1.152089E-005 3.364123E-002 1.457583E-004
   755    439    371 7.585256E-006 2.538319E-002 1.916896E-004
   756    322    511 1.305160E-005 2.841269E-002 3.099760E-004
   757    394    432 6.525555E-006 3.500346E-002 2.153215E-004
   758    379    456 1.042568E-005 3.594657E-002 1.989933E-004
   759    393    304 5.909757E-006 3.265677E-002 1.336912E-004
   760    368    488 7.292828E-006 3.613830E-002 1.311367E-004
   761    299    308 1.125331E-005 3.199655E-002 9.759283E-005
   762    387    534 1.154065E-005 2.947275E-002 3.221235E-004
   763    300    534 1.456248E-006 3.360532E-002 3.742734E-004
   764    301    343 8.022782E-006 3.696684E-002 6.670622E-005
   765    302    312 1.013333E-005 3.312811E-002 6.162209E-005
   766    303    534 1.181580E-005 2.480956E-002 4.412090E-004
   767    304    544 3.733915E-006 2.069323E-002 2.118735E-004
   768    305    535 7.658537E-006 3.689897E-002 5.606720E-004
   769    306    489 1.238519E-005 3.424128E-002 2.138651E-004
   770    306    510 6.561473E-006 2.792332E-002 4.046666E-004
   771    522    404 1.331237E-005 3.432064E-002 4.441218E-004
   772    348    362 1.120175E-005 6.250000E-002 3.356810E-004
   773    485    515 1.102534E-005 4.248486E-002 6.740441E-004
   774    533    350 7.270126E-006 2.561618E-002 3.362387E-004
   775    510    357 7.217067E-006 3.763362E-002 3.316740E-004
   776    307    504 1.327172E-005 4.188658E-002 2.576010E-004
   777    502    367 1.042546E-005 3.000199E-002 2.432117E-004
   778    496    537 9.440405E-006 2.231207E-002 6.366690E-004
   779    412    368 1.268567E-005 2.884396E-002 1.739967E-004
   780    412    372 9.445446E-006 3.383925E-002 1.829501E-004
   781    453    503 6.763654E-006 4.353993E-002 3.226473E-004
   782    467    326 4.287723E-006 3.350457E-002 1.323408E-004
   783    368    340 1.018242E-005 3.989154E-002 1.036636E-004
   784    320    415 8.130623E-006 2.790112E-002 1.624179E-004
   785    490    331 1.314088E-005 2.779633E-002 1.685765E-004
   786    363    386 1.098897E-005 4.065522E-002 1.161328E-004
   787    333    553 7.568569E-006 2.609295E-002 4.308543E-004
   788    308    483 5.083525E-006 3.500974E-002 1.916571E-004
   789    309    503 1.052698E-005 3.291519E-002 2.585302E-004
   790    310    398 1.360748E-005 3.062672E-002 1.070398E-004
   791    461    413 8.214362E-006 3.122551E-002 2.859772E-004
   792    355    510 9.438582E-006 3.381190E-002 4.681981E-004
   793    332    499 8.803836E-006 4.232122E-002 1.273901E-004
   794    437    536 1.360853E-005 3.090112E-002 3.073633E-004
   795    312    311 1.403157E-005 3.798417E-002 1.041590E-004
   796    312    440 3.858830E-006 1.987671E-002 9.508222E-005
   797    312    456 1.188880E-005 3.058266E-002 1.625861E-004
   798    313    555 1.127813E-005 3.115224E-002 3.322612E-004
   799    313    418 8.664537E-006 4.168470E-002 7.558847E-005
   800    314    371 1.171812E-005 2.902825E-002 1.097676E-004
   801    315    346 1.053282E-005 4.010506E-002 6.413512E-005
   802    316    552 9.073117E-006 4.337837E-002 3.863516E-004
   803    317    518 6.329738E-006 1.889586E-002 2.313533E-004
   804    318    467 5.577312E-006 3.381324E-002 1.116277E-004
   805    420    453 3.744026E-006 3.762640E-002 2.635521E-004
   806    511    480 1.038299E-005 3.751911E-002 3.806290E-004
   807    481    399 9.879087E-006 2.554709E-002 3.173080E-004
   808    554    545 6.489035E-006 2.105122E-002 4.990810E-004
   809    547    495 1.312320E-005 3.359064E-002 5.562491E-004
   810    361    481 9.531983E-006 2.708495E-002 3.367251E-004
   811    438    331 1.380021E-005 2.229878E-002 1.904576E-004
   812    442    389 1.429502E-005 2.096867E-002 2.439452E-004
   813    461    323 7.439009E-006 2.805453E-002 1.394216E-004
   814    394    474 1.150030E-005 2.814040E-002 2.084877E-004
   815    425    489 1.204201E-005 3.608863E-002 2.887803E-004
   816    365    544 8.525397E-006 3.784928E-002 2.658984E-004
   817    319    527 1.015096E-005 2.506472E-002 2.861967E-004
   818    389    480 1.098928E-005 2.882812E-002 2.002560E-004
   819    320    393 1.248975E-005 3.871839E-002 1.304064E-004
   820    399    458 1.363044E-005 3.036544E-002 1.630011E-004
   821    338    547 1.027136E-005 2.765163E-002 4.781788E-004
   822    379    455 6.285776E-006 3.302163E-002 1.537258E-004
   823    345    348 8.721879E-006 2.545884E-002 2.396405E-004
   824    321    518 1.179663E-005 4.044787E-002 4.094664E-004
   825    389    322 7.792937E-006 3.914089E-002 1.229318E-004
   826    323    327 8.357943E-006 3.221110E-002 5.346934E-005
   827    324    373 6.889777E-006 2.468552E-002 7.516274E-005
   828    324    374 8.510373E-006 3.421625E-002 5.283038E-005
   829    325    547 1.517874E-005 3.468830E-002 4.462933E-004
   830    326    557 1.014484E-005 3.019229E-002 2.813352E-004
   831    327    432 1.058842E-005 1.684404E-002 1.033411E-004
   832    328    420 1.159777E-005 3.171845E-002 1.888939E-004
   833    329    535 6.857299E-006 2.821396E-002 5.526843E-004
   834    330    540 6.248358E-006 3.737054E-002 2.698337E-004
   835    330    549 8.961042E-006 4.182212E-002 3.007903E-004
   836    331    421 1.302885E-005 4.095199E-002 1.041039E-004
   837    332    498 1.191903E-005 3.119377E-002 1.398528E-004
   838    333    552 1.152265E-005 3.692484E-002 2.815429E-004
   839    334    515 1.509376E-005 3.177274E-002 4.665152E-004
   840    334    449 1.260835E-005 2.652181E-002 1.728805E-004
   841    335    495 1.143076E-005 3.799854E-002 1.834259E-004
   842    336    415 9.431017E-006 2.073518E-002 1.256381E-004
   843    336    365 1.075214E-005 2.244649E-002 9.633115E-005
   844    337    451 6.464601E-006 2.489476E-002 1.525429E-004
   845    337    417 1.824234E-006 2.965914E-002 1.625111E-004
   846    338    342 5.523444E-006 3.097956E-002 1.046909E-004
   847    338    543 1.224820E-005 2.553895E-002 4.200591E-004
   848    339    420 7.114166E-006 2.506769E-002 1.879823E-004
   849    339    419 6.208149E-006 3.092887E-002 1.185828E-004
   850    340    506 9.431210E-006 2.978701E-002 2.382732E-004
   851    519    373 1.307907E-005 3.697882E-002 3.676729E-004
   852    510    373 1.223743E-005 3.990377E-002 3.598983E-004
   853    414    375 9.853607E-006 3.757965E-002 2.612443E-004
   854    552    353 9.765351E-006 2.801809E-002 4.177933E-004
   855    438    421 1.337659E-005 3.016480E-002 2.303590E-004
   856    533    397 1.167865E-005 4.124290E-002 3.635999E-004
   857    554    431 9.041353E-006 2.014642E-002 4.604158E-004
   858    457    555 8.630563E-006 3.519906E-002 3.486772E-004
   859    427    405 4.760100E-006 2.380867E-002 1.573527E-004
   860    460    493 7.170600E-006 3.227735E-002 1.966655E-004
   861    441    341 1.072552E-005 3.803505E-002 1.620598E-004
   862    365    342 1.297210E-005 3.414327E-002 1.926151E-004
   863    393    383 1.241798E-005 2.811023E-002 1.127803E-004
   864    454    444 2.403928E-006 3.065997E-002 2.096948E-004
   865    398    482 1.003587E-005 3.018002E-002 2.720351E-004
   866    369    424 1.684849E-005 3.200616E-002 1.694318E-004
   867    343    441 6.684315E-006 3.618941E-002 2.885340E-004
   868    344    487 7.657458E-006 3.638703E-002 2.465662E-004
   869    345    443 4.333006E-006 2.605863E-002 1.074926E-004
   870    346    414 1.852332E-005 2.602668E-002 1.612254E-004
   871    346    375 1.151790E-005 2.469155E-002 1.047408E-004
   872    523    391 6.895933E-006 3.099009E-002 2.315273E-004
   873    440    382 1.218486E-005 2.283046E-002 1.518987E-004
   874    400    449 1.518184E-005 3.485306E-002 1.912829E-004
   875    375    363 1.096138E-005 2.672920E-002 1.063004E-004
   876    432    451 1.744192E-005 3.525621E-002 1.754907E-004
   877    363    533 1.111291E-005 2.809772E-002 3.415335E-004
   878    386    391 9.186686E-006 3.696882E-002 1.134820E-004
   879    347    471 1.035592E-005 3.162752E-002 1.099333E-004
   880    347    550 1.045980E-005 1.948163E-002 2.905431E-004
   881    349    348 7.944495E-006 2.515761E-002 1.977604E-004
   882    349    488 1.393069E-005 2.495229E-002 1.130399E-004
   883    350    534 1.281386E-005 3.603602E-002 3.580021E-004
   884    351    510 1.006331E-005 3.759918E-002 4.126567E-004
   885    351    355 1.692848E-005 2.253735E-002 5.346491E-005
   886    352    489 7.867873E-006 3.365570E-002 3.394858E-004
   887    352    402 6.355317E-006 3.119227E-002 8.284041E-005
   888    352    493 1.139397E-005 2.726399E-002 3.131064E-004
   889    353    545 1.568095E-005 3.020841E-002 3.159221E-004
   890    353    509 1.430515E-005 1.284947E-002 2.161656E-004
   891    354    519 1.247147E-005 2.918227E-002 2.911984E-004
   892    356    355 1.919393E-005 4.003058E-002 7.728600E-005
   893    357    373 1.688748E-005 2.210758E-002 7.151101E-005
   894    357    374 1.377281E-005 2.806892E-002 7.453751E-005
   895    358    473 5.229092E-006 4.220915E-002 2.109776E-004
   896    359    535 1.530198E-005 3.167674E-002 3.678470E-004
   897    496    511 5.164642E-006 3.809346E-002 5.662866E-004
   898    555    508 1.189537E-005 2.451751E-002 5.072465E-004
   899    463    488 7.657673E-006 4.534638E-002 3.122669E-004
   900    506    473 9.880097E-006 2.929024E-002 3.916668E-004
   901    550    469 1.396958E-005 3.060644E-002 3.479253E-004
   902    544    445 1.475569E-005 2.886413E-002 3.569784E-004
   903    509    552 1.577919E-005 2.375929E-002 5.425428E-004
   904    519    364 1.769615E-005 3.211757E-002 2.587267E-004
   905    462    557 1.128197E-005 3.053442E-002 5.853769E-004
   906    531    507 1.041419E-005 3.159232E-002 5.154552E-004
   907    478    557 1.217722E-005 3.800707E-002 4.276279E-004
   908    524    516 2.248275E-006 3.285196E-002 3.017387E-004
   909    478    360 1.537697E-005 3.319859E-002 2.411057E-004
   910    458    361 1.025696E-005 3.280614E-002 1.925793E-004
   911    450    538 1.125831E-005 2.701581E-002 2.936515E-004
   912    446    500 1.411949E-005 2.983946E-002 2.708717E-004
   913    475    461 7.626549E-006 1.558619E-002 2.025940E-004
   914    432    555 1.063909E-005 2.864704E-002 4.168413E-004
   915    429    474 1.337731E-005 2.533880E-002 2.382958E-004
   916    517    491 1.181437E-005 3.650066E-002 3.144593E-004
   917    418    455 1.231029E-005 2.036209E-002 1.700989E-004
   918    369    493 1.037511E-005 3.256012E-002 1.972998E-004
   919    380    478 1.241100E-005 3.654851E-002 2.093845E-004
   920    391    416 1.422752E-005 3.721164E-002 9.378515E-005
   921    423    417 1.379070E-005 3.866649E-002 1.231104E-004
   922    402    425 1.287625E-005 3.355888E-002 1.303730E-004
   923    362    471 1.164903E-005 2.381475E-002 1.042455E-004
   924    363    376 1.018465E-005 3.137961E-002 8.020567E-005
   925    364    510 7.916264E-006 1.987817E-002 2.993741E-004
   926    366    365 8.185311E-006 2.587416E-002 1.266564E-004
   927    367    506 1.376973E-005 3.164466E-002 2.367642E-004
   928    367    465 1.145817E-005 2.584131E-002 1.060403E-004
   929    368    372 1.484440E-005 3.634625E-002 7.598135E-005
   930    370    424 1.098508E-005 3.085829E-002 1.212517E-004
   931    370    369 9.303443E-006 2.545809E-002 5.915631E-005
   932    371    414 1.363590E-005 3.115631E-002 5.749919E-005
   933    372    550 1.304799E-005 6.250000E-002 2.255402E-004
   934    374    373 1.088065E-005 3.627396E-002 7.331136E-005
   935    374    510 9.376736E-006 3.302660E-002 2.818912E-004
   936    376    375 9.574008E-006 3.561934E-002 7.258031E-005
   937    493    425 1.328815E-005 3.075307E-002 3.410796E-004
   938    473    555 1.563681E-005 3.236071E-002 3.283334E-004
   939    538    429 1.042545E-005 3.639133E-002 2.248985E-004
   940    454    555 1.130711E-005 2.613914E-002 4.170883E-004
   941    395    405 8.381798E-006 2.205542E-002 9.685812E-005
   942    377    450 1.592229E-005 4.375829E-002 1.113058E-004
   943    432    423 1.628707E-005 3.741008E-002 1.382896E-004
   944    421    490 1.421548E-005 2.837822E-002 1.691309E-004
   945    378    501 9.704081E-006 3.945779E-002 2.803957E-004
   946    379    547 1.586077E-005 2.728435E-002 3.503932E-004
   947    380    556 1.082881E-005 2.187952E-002 2.971212E-004
   948    380    557 9.352562E-006 3.316643E-002 2.646460E-004
   949    381    460 1.316652E-005 2.708566E-002 1.254944E-004
   950    381    493 9.745763E-006 2.608817E-002 1.117896E-004
   951    521    528 1.041636E-005 2.975714E-002 5.339304E-004
   952    491    433 1.107990E-005 3.535342E-002 2.436690E-004
   953    450    452 8.715915E-006 2.279423E-002 1.869753E-004
   954    400    557 1.448919E-005 3.251232E-002 3.473782E-004
   955    456    547 1.863083E-005 3.419692E-002 3.129246E-004
   956    382    430 1.147998E-005 2.786121E-002 9.700919E-005
   957    383    544 1.101663E-005 2.815461E-002 2.253423E-004
   958    384    411 6.269791E-006 2.535962E-002 1.553258E-004
   959    385    537 1.172365E-005 3.829676E-002 3.248054E-004
   960    385    486 9.189572E-006 1.901548E-002 1.020716E-004
   961    386    397 1.853092E-005 3.215769E-002 6.511644E-005
   962    386    533 1.155181E-005 3.734884E-002 3.061452E-004
   963    388    534 8.533339E-006 3.155500E-002 2.471170E-004
   964    388    387 1.558708E-005 3.144488E-002 1.024997E-004
   965    473    502 1.627167E-005 3.937899E-002 3.252572E-004
   966    544    477 1.629086E-005 3.421096E-002 3.964194E-004
   967    481    389 1.088461E-005 1.945912E-002 2.098004E-004
   968    538    519 1.804694E-005 2.874173E-002 3.825215E-004
   969    485    493 1.587406E-005 2.866938E-002 2.785796E-004
   970    396    499 1.026458E-005 2.991502E-002 1.369462E-004
   971    390    419 6.784979E-006 3.628738E-002 8.576538E-005
   972    391    397 1.689544E-005 4.101869E-002 9.131475E-005
   973    454    426 1.609571E-005 3.354169E-002 1.439442E-004
   974    406    520 1.719524E-005 3.824436E-002 4.560261E-004
   975    392    525 7.874228E-006 3.901945E-002 2.095463E-004
   976    393    544 9.459005E-006 3.199803E-002 1.943766E-004
   977    510    489 1.167910E-005 3.754556E-002 5.217579E-004
   978    507    451 1.127293E-005 2.464025E-002 4.747507E-004
   979    545    403 1.007176E-005 3.909058E-002 2.508860E-004
   980    511    421 1.480002E-005 3.460475E-002 3.726246E-004
   981    455    444 1.658793E-005 2.884201E-002 3.128042E-004
   982    455    401 1.768495E-005 2.560663E-002 2.092469E-004
   983    427    493 2.039382E-005 3.045907E-002 2.728613E-004
   984    461    394 1.669001E-005 3.213999E-002 1.783890E-004
   985    408    549 2.001747E-005 4.088291E-002 3.726376E-004
   986    395    427 1.183951E-005 3.253558E-002 1.548580E-004
   987    395    428 9.951529E-006 3.455882E-002 1.428708E-004
   988    395    510 1.269270E-005 2.632526E-002 4.801010E-004
   989    396    449 1.459668E-005 3.008829E-002 1.294458E-004
   990    397    523 1.519814E-005 2.230271E-002 2.271511E-004
   991    398    535 9.492374E-006 2.705377E-002 3.029880E-004
   992    511    490 1.335167E-005 1.541734E-002 4.150424E-004
   993    502    484 1.245044E-005 3.610119E-002 2.939155E-004
   994    512    490 2.074920E-005 3.299569E-002 3.011692E-004
   995    503    518 1.497249E-005 4.455961E-002 3.844260E-004
   996    399    511 1.091342E-005 2.504666E-002 2.169777E-004
   997    400    556 1.667047E-005 3.352902E-002 2.637607E-004
   998    409    477 1.763269E-005 2.852968E-002 1.939061E-004
   999    401    547 9.253831E-006 2.681798E-002 3.540868E-004
  1000    402    489 1.555469E-005 2.520795E-002 1.963235E-004
  1001    402    493 1.403122E-005 1.861590E-002 2.679241E-004
  1002    403    530 1.696218E-005 3.442098E-002 3.792394E-004
  1003    404    411 6.729265E-006 3.137302E-002 1.006108E-004
  1004    510    405 1.436494E-005 2.850014E-002 4.987735E-004
  1005    546    459 1.597562E-005 2.441339E-002 3.759372E-004
  1006    557    515 1.204343E-005 3.283178E-002 7.247042E-004
  1007    524    543 2.060044E-005 3.372219E-002 9.158455E-004
  1008    441    481 2.068924E-005 3.506525E-002 2.419728E-004
  1009    406    434 1.581707E-005 3.067373E-002 2.737168E-004
  1010    475    484 1.745755E-005 3.212590E-002 2.495090E-004
  1011    458    505 1.928841E-005 3.594761E-002 2.564408E-004
  1012    407    534 1.304909E-005 2.571017E-002 4.552543E-004
  1013    408    511 1.371058E-005 3.012428E-002 3.655659E-004
  1014    408    540 1.608522E-005 2.879388E-002 3.484783E-004
  1015    409    535 1.657881E-005 3.387408E-002 5.868686E-004
  1016    409    492 1.409480E-005 3.140840E-002 1.226064E-004
  1017    410    520 1.352210E-005 3.356161E-002 3.947823E-004
  1018    535    411 1.405729E-005 3.316193E-002 6.371399E-004
  1019    535    468 1.321857E-005 3.174753E-002 8.006890E-004
  1020    510    424 1.431728E-005 3.160857E-002 5.004522E-004
  1021    518    419 1.341450E-005 2.360794E-002 3.615555E-004
  1022    527    504 2.269052E-005 3.248761E-002 3.937560E-004
  1023    557    436 7.941191E-006 4.089364E-002 3.135226E-004
  1024    521    501 1.924465E-005 3.454732E-002 5.803765E-004
  1025    507    502 1.402174E-005 4.068238E-002 4.095470E-004
  1026    457    554 8.562594E-006 2.637657E-002 2.828106E-004
  1027    536    496 1.854189E-005 3.608964E-002 4.738122E-004
  1028    412    550 8.305193E-006 3.031351E-002 2.972205E-004
  1029    413    555 1.797665E-005 3.915668E-002 4.438813E-004
  1030    416    414 1.571149E-005 2.990406E-002 1.356831E-004
  1031    415    554 8.794986E-006 2.518850E-002 2.294444E-004
  1032    416    523 1.143194E-005 3.010044E-002 2.148051E-004
  1033    417    555 9.655759E-006 2.591393E-002 3.206354E-004
  1034    418    555 1.669731E-005 2.372523E-002 3.099326E-004
  1035    418    547 1.764254E-005 3.381130E-002 3.984615E-004
  1036    534    503 1.983619E-005 2.439174E-002 6.371130E-004
  1037    546    520 1.611966E-005 3.772849E-002 7.251313E-004
  1038    538    506 1.082423E-005 2.679616E-002 4.419571E-004
  1039    472    436 1.067788E-005 3.631064E-002 1.464286E-004
  1040    443    530 1.459156E-005 3.585619E-002 3.574248E-004
  1041    420    419 2.373765E-005 2.428330E-002 1.760786E-004
  1042    450    429 1.490886E-005 2.914166E-002 1.525822E-004
  1043    496    421 2.329060E-005 3.107532E-002 3.002150E-004
  1044    540    534 1.892012E-005 4.490664E-002 4.270743E-004
  1045    444    544 1.515490E-005 2.950020E-002 3.255976E-004
  1046    430    511 1.600440E-005 3.140840E-002 3.860934E-004
  1047    442    527 1.312051E-005 2.763747E-002 2.213266E-004
  1048    422    506 1.213022E-005 2.817893E-002 2.455334E-004
  1049    422    465 1.596461E-005 3.040422E-002 9.613131E-005
  1050    422    538 2.042585E-005 2.796118E-002 1.955268E-004
  1051    423    555 1.064936E-005 3.769885E-002 3.549600E-004
  1052    489    427 2.084585E-005 2.914209E-002 2.848678E-004
  1053    449    515 1.564251E-005 3.956035E-002 5.028386E-004
  1054    425    424 1.738353E-005 2.385069E-002 7.002032E-005
  1055    426    555 2.195095E-005 4.007307E-002 2.974113E-004
  1056    428    489 1.173709E-005 2.870107E-002 2.164904E-004
  1057    428    427 1.065357E-005 2.642313E-002 7.890979E-005
  1058    428    493 1.064781E-005 1.729623E-002 1.789609E-004
  1059    429    551 2.036358E-005 2.634969E-002 1.864671E-004
  1060    430    512 1.646644E-005 2.704789E-002 1.218676E-004
  1061    430    490 1.611707E-005 3.290344E-002 1.885324E-004
  1062    555    444 1.792927E-005 2.093969E-002 5.126871E-004
  1063    552    431 1.891726E-005 3.274750E-002 6.041959E-004
  1064    481    458 1.676947E-005 2.919608E-002 2.762351E-004
  1065    507    457 1.434009E-005 2.469637E-002 3.860792E-004
  1066    537    486 1.149894E-005 4.051426E-002 3.847961E-004
  1067    535    436 1.673725E-005 2.900459E-002 6.108306E-004
  1068    528    536 1.142711E-005 3.622060E-002 5.453207E-004
  1069    554    501 1.964311E-005 2.663400E-002 5.451236E-004
  1070    451    473 1.570922E-005 3.605666E-002 2.208031E-004
  1071    467    436 2.059624E-005 3.353409E-002 1.548458E-004
  1072    475    479 1.397458E-005 3.118371E-002 2.638929E-004
  1073    528    547 2.079130E-005 3.429309E-002 4.336450E-004
  1074    432    473 2.520902E-005 2.985317E-002 1.808984E-004
  1075    433    533 1.453025E-005 3.905560E-002 3.262361E-004
  1076    433    534 2.476980E-005 2.967872E-002 3.524218E-004
  1077    520    434 1.167994E-005 2.541673E-002 4.952803E-004
  1078    494    460 1.126571E-005 3.221132E-002 1.547370E-004
  1079    435    497 1.424741E-005 2.946168E-002 1.302118E-004
  1080    435    536 2.004963E-005 2.985662E-002 1.997593E-004
  1081    435    496 9.440223E-006 3.896736E-002 2.728851E-004
  1082    537    490 2.087139E-005 2.479974E-002 3.977515E-004
  1083    451    506 1.847876E-005 3.343320E-002 2.873141E-004
  1084    476    436 7.699524E-006 3.456851E-002 1.509889E-004
  1085    437    459 1.652999E-005 2.936013E-002 1.015441E-004
  1086    462    445 2.213640E-005 3.691583E-002 2.219089E-004
  1087    462    510 1.897176E-005 2.327224E-002 4.273488E-004
  1088    439    438 2.518551E-005 3.054588E-002 9.459178E-005
  1089    440    456 2.269591E-005 3.764386E-002 1.574781E-004
  1090    531    511 1.938479E-005 2.960763E-002 6.390467E-004
  1091    442    441 2.028854E-005 4.021564E-002 4.505569E-004
  1092    513    448 2.577360E-005 2.226505E-002 2.254657E-004
  1093    547    455 1.706256E-005 3.447566E-002 3.730444E-004
  1094    465    506 1.481045E-005 2.178670E-002 3.396452E-004
  1095    507    443 2.454849E-005 2.325578E-002 2.725305E-004
  1096    470    517 1.869339E-005 3.232376E-002 2.393541E-004
  1097    445    555 2.124707E-005 2.652852E-002 4.240901E-004
  1098    445    444 1.581490E-005 2.086463E-002 1.161541E-004
  1099    446    528 1.710681E-005 2.980371E-002 1.699649E-004
  1100    447    506 1.334773E-005 3.406032E-002 2.076875E-004
  1101    447    502 1.626794E-005 3.557700E-002 1.557528E-004
  1102    448    463 1.081266E-005 3.724105E-002 1.836124E-004
  1103    499    556 1.623007E-005 3.352425E-002 3.356152E-004
  1104    449    557 1.832404E-005 3.528898E-002 3.190161E-004
  1105    450    474 1.892441E-005 3.341915E-002 1.639126E-004
  1106    493    489 2.242026E-005 4.107507E-002 2.491176E-004
  1107    547    470 1.694527E-005 2.300424E-002 4.024500E-004
  1108    494    498 2.535982E-005 4.296995E-002 2.482558E-004
  1109    451    465 1.302623E-005 2.264141E-002 9.710954E-005
  1110    452    479 1.016126E-005 2.051161E-002 2.023865E-004
  1111    519    474 2.669626E-005 3.478365E-002 2.822665E-004
  1112    550    506 2.160374E-005 4.023950E-002 3.594447E-004
  1113    453    518 1.861285E-005 2.273786E-002 3.203927E-004
  1114    505    480 2.252546E-005 3.746848E-002 2.052142E-004
  1115    454    455 2.034817E-005 3.908136E-002 9.946397E-005
  1116    456    455 1.636631E-005 3.213667E-002 9.162906E-005
  1117    457    473 2.000313E-005 2.079195E-002 9.956748E-005
  1118    476    477 2.146635E-005 3.324992E-002 2.139681E-004
  1119    458    480 1.876051E-005 3.612112E-002 1.243345E-004
  1120    459    536 1.961530E-005 2.889478E-002 1.990931E-004
  1121    556    460 1.461432E-005 2.801001E-002 4.931811E-004
  1122    511    536 2.443347E-005 2.784868E-002 4.410834E-004
  1123    462    461 2.563466E-005 2.709778E-002 2.789830E-004
  1124    513    463 1.597667E-005 3.259693E-002 2.582931E-004
  1125    464    529 2.917441E-005 2.743213E-002 3.353080E-004
  1126    506    471 2.090284E-005 3.944371E-002 1.708100E-004
  1127    465    538 1.794018E-005 3.226686E-002 2.207891E-004
  1128    530    507 2.418017E-005 3.030650E-002 3.913012E-004
  1129    466    509 2.218746E-005 3.026987E-002 1.594106E-004
  1130    497    481 1.085993E-005 1.917417E-002 5.376085E-004
  1131    521    543 1.702134E-005 1.598132E-002 6.175077E-004
  1132    543    515 1.917498E-005 3.932463E-002 3.682713E-004
  1133    467    557 1.732230E-005 3.357372E-002 2.132267E-004
  1134    468    484 2.006016E-005 2.904045E-002 1.149045E-004
  1135    468    483 2.474226E-005 3.303809E-002 1.693593E-004
  1136    546    531 1.596776E-005 2.178254E-002 2.411403E-004
  1137    488    469 2.673605E-005 3.376864E-002 2.609914E-004
  1138    470    533 1.646976E-005 3.402119E-002 3.136045E-004
  1139    470    495 2.988842E-005 3.838032E-002 9.593449E-005
  1140    471    507 2.310359E-005 2.896605E-002 2.433902E-004
  1141    471    550 2.558095E-005 3.195999E-002 3.081421E-004
  1142    472    477 2.064484E-005 2.585218E-002 1.353269E-004
  1143    472    476 1.751426E-005 2.794184E-002 9.843987E-005
  1144    507    473 2.570358E-005 2.246863E-002 3.609757E-004
  1145    547    543 2.838581E-005 3.299480E-002 7.535684E-004
  1146    474    538 2.151518E-005 2.951261E-002 2.260791E-004
  1147    475    483 2.714770E-005 4.012837E-002 2.031385E-004
  1148    538    550 1.538006E-005 2.821275E-002 3.978976E-004
  1149    476    557 2.634290E-005 3.247426E-002 2.677225E-004
  1150    485    498 2.007828E-005 3.589336E-002 2.724601E-004
  1151    525    486 2.473742E-005 3.860624E-002 3.604806E-004
  1152    477    543 2.003097E-005 3.129569E-002 2.965655E-004
  1153    478    535 3.348701E-005 3.726618E-002 3.844061E-004
  1154    533    491 2.946697E-005 3.338047E-002 4.004170E-004
  1155    554    530 2.867398E-005 3.340095E-002 5.566948E-004
  1156    511    549 2.468223E-005 3.928231E-002 5.365055E-004
  1157    541    518 1.794617E-005 3.996034E-002 3.427443E-004
  1158    483    479 2.921922E-005 2.915472E-002 2.256938E-004
  1159    480    520 3.432274E-005 3.023353E-002 4.409241E-004
  1160    511    481 2.529114E-005 3.264004E-002 2.955282E-004
  1161    554    482 3.020337E-005 3.623325E-002 3.295621E-004
  1162    484    483 2.007176E-005 2.358501E-002 1.290052E-004
  1163    494    485 1.793099E-005 2.098052E-002 2.300809E-004
  1164    553    521 2.493621E-005 2.964661E-002 6.734528E-004
  1165    531    555 1.867928E-005 3.108672E-002 4.258673E-004
  1166    486    514 2.165910E-005 2.910043E-002 2.602315E-004
  1167    488    487 3.075662E-005 1.757919E-002 2.317757E-004
  1168    489    557 2.399848E-005 3.526771E-002 5.710487E-004
  1169    491    490 2.151666E-005 4.141052E-002 2.422618E-004
  1170    492    535 3.065203E-005 3.484229E-002 5.455320E-004
  1171    494    493 1.833426E-005 3.969836E-002 1.245069E-004
  1172    510    529 2.351488E-005 3.025317E-002 4.063435E-004
  1173    495    533 2.011366E-005 2.950767E-002 3.140956E-004
  1174    497    536 2.459586E-005 3.049619E-002 1.923669E-004
  1175    497    496 2.902972E-005 3.456605E-002 3.114761E-004
  1176    552    501 2.449926E-005 2.739377E-002 4.812293E-004
  1177    544    557 2.705608E-005 2.720316E-002 6.549435E-004
  1178    499    498 2.685759E-005 2.968302E-002 1.660895E-004
  1179    537    511 3.094725E-005 3.766173E-002 4.605843E-004
  1180    500    545 3.154004E-005 3.858232E-002 2.978630E-004
  1181    543    501 3.025263E-005 4.297890E-002 4.124068E-004
  1182    506    502 2.939325E-005 2.875732E-002 2.755071E-004
  1183    537    547 3.247620E-005 2.213958E-002 4.013393E-004
  1184    541    503 2.471412E-005 2.875560E-002 3.647325E-004
  1185    504    545 2.179835E-005 3.306130E-002 2.373795E-004
  1186    505    520 3.683427E-005 2.781205E-002 2.171166E-004
  1187    506    507 2.110048E-005 2.599177E-002 2.777942E-004
  1188    507    532 2.385209E-005 3.105052E-002 2.741904E-004
  1189    508    535 3.267254E-005 3.249953E-002 4.969264E-004
  1190    545    509 3.187612E-005 3.614898E-002 2.780230E-004
  1191    547    539 2.410886E-005 3.536401E-002 4.454753E-004
  1192    510    519 3.322795E-005 2.648297E-002 2.437096E-004
  1193    531    554 3.376006E-005 4.315099E-002 3.729251E-004
  1194    512    511 2.073074E-005 2.846704E-002 2.873207E-004
  1195    512    537 2.703292E-005 3.528383E-002 2.327801E-004
  1196    535    513 3.474310E-005 2.886609E-002 9.417176E-004
  1197    529    534 2.789548E-005 3.143269E-002 4.880866E-004
  1198    514    537 2.595006E-005 3.408605E-002 2.210387E-004
  1199    524    539 2.982106E-005 3.151639E-002 4.335484E-004
  1200    516    515 3.702074E-005 3.718931E-002 5.009053E-004
  1201    517    547 3.330628E-005 3.733503E-002 3.046882E-004
  1202    519    518 3.182169E-005 3.004356E-002 2.659582E-004
  1203    527    545 3.256096E-005 3.699043E-002 3.033211E-004
  1204    520    527 3.059460E-005 3.655231E-002 4.715003E-004
  1205    523    525 3.110890E-005 2.931341E-002 2.911539E-004
  1206    521    548 4.576181E-005 2.828738E-002 2.998178E-004
  1207    522    535 2.865571E-005 3.673727E-002 4.784246E-004
  1208    523    526 3.164229E-005 3.541378E-002 1.799356E-004
  1209    524    547 3.559115E-005 2.625405E-002 7.983974E-004
  1210    526    525 4.689227E-005 2.537077E-002 2.208143E-004
  1211    546    527 3.694993E-005 2.946927E-002 2.409716E-004
  1212    531    530 3.498890E-005 3.632541E-002 3.151036E-004
  1213    528    548 3.596733E-005 1.836064E-002 2.006747E-004
  1214    529    533 4.116673E-005 3.479367E-002 2.995683E-004
  1215    532    530 3.763570E-005 2.684081E-002 1.973197E-004
  1216    532    554 4.068422E-005 3.604524E-002 3.210632E-004
  1217    532    531 2.270674E-005 2.931748E-002 1.543015E-004
  1218    534    533 1.943122E-005 3.471715E-002 4.363889E-004
  1219    535    557 3.542992E-005 2.895706E-002 5.797636E-004
  1220    549    540 3.410888E-005 3.600992E-002 2.901384E-004
  1221    537    536 4.298792E-005 2.676192E-002 2.234145E-004
  1222    538    551 3.316127E-005 3.301664E-002 2.535569E-004
  1223    539    543 3.220197E-005 3.340328E-002 4.280363E-004
  1224    541    551 4.267624E-005 2.963129E-002 2.638415E-004
  1225    541    540 2.992238E-005 3.022780E-002 2.433180E-004
  1226    542    551 3.301968E-005 2.410179E-002 2.083241E-004
  1227    544    543 2.717527E-005 2.446896E-002 2.982014E-004
  1228    546    545 3.626717E-005 2.854060E-002 2.719014E-004
  1229    548    547 4.590075E-005 3.276583E-002 4.011361E-004
  1230    549    550 3.087661E-005 4.662949E-002 2.588090E-004
  1231    551    550 5.504158E-005 1.919525E-002 2.414635E-004
  1232    553    552 3.770834E-005 4.153490E-002 3.131519E-004
  1233    555    554 5.484762E-005 3.431553E-002 2.403888E-004
  1234    557    556 5.711475E-005 3.883977E-002 3.348199E-004
