   597  1.530000E-003  1.530000E-003  1.530000E-003
     1 9.282000E-004 9.894000E-004 1.305600E-003   1	  170	    0	    0	   98
     2 8.313000E-004 1.020000E-003 4.539000E-004   1	  535	    0	    0	  105
     3 1.152600E-003 6.987000E-004 6.528000E-004   1	  457	    0	    0	  109
     4 5.100000E-006 4.692000E-004 1.198500E-003   2	  495	   -1	    1	    0	  115	   82
     5 1.494300E-003 1.224000E-003 6.324000E-004   2	  431	  411	    0	    0	  123	  117
     6 7.956000E-004 1.239300E-003 6.885000E-004   1	  383	    0	    0	  130
     7 7.140000E-004 1.055700E-003 1.785000E-004   2	  557	  265	    0	    0	  118	  132
     8 1.020000E-005 8.925000E-004 1.305600E-003   2	  495	   -1	    1	    0	  135	   81
     9 1.040400E-003 8.313000E-004 3.978000E-004   2	  165	  502	    0	    0	  138	  128
    10 1.020000E-005 1.259700E-003 1.142400E-003   2	   -1	  516	    1	    0	   80	  149
    11 4.437000E-004 2.703000E-004 7.701000E-004   1	  540	    0	    0	  152
    12 8.364000E-004 1.173000E-003 9.792000E-004   1	  281	    0	    0	  153
    13 4.131000E-004 3.060000E-004 8.619000E-004   1	  101	    0	    0	  156
    14 9.588000E-004 9.996000E-004 1.509600E-003   2	   92	  500	    0	    0	  157	  147
    15 3.978000E-004 4.590000E-004 7.548000E-004   1	  241	    0	    0	  161
    16 1.142400E-003 9.588000E-004 1.519800E-003   2	   39	   59	    0	    0	  160	  162
    17 5.100000E-005 3.774000E-004 3.264000E-004   2	   94	  175	    0	    0	  134	  167
    18 7.293000E-004 1.091400E-003 7.242000E-004   1	  393	    0	    0	  168
    19 9.996000E-004 1.004700E-003 3.519000E-004   2	  535	  398	    0	    0	  169	   88
    20 3.264000E-004 4.335000E-004 8.109000E-004   1	  183	    0	    0	  170
    21 1.632000E-004 1.632000E-004 9.639000E-004   1	  314	    0	    0	  175
    22 6.732000E-004 2.550000E-005 1.468800E-003   2	  205	  211	    0	    0	  177	  151
    23 5.967000E-004 6.171000E-004 1.091400E-003   1	  512	    0	    0	  179
    24 8.721000E-004 1.167900E-003 6.936000E-004   1	  508	    0	    0	  180
    25 1.377000E-004 8.925000E-004 1.341300E-003   1	  547	    0	    0	  181
    26 6.120000E-005 2.703000E-004 2.040000E-004   1	  160	    0	    0	  182
    27 6.681000E-004 5.712000E-004 6.885000E-004   3	   41	  298	   28	    0	    0	  155	  114	  183
    28 6.630000E-004 5.457000E-004 6.681000E-004   1	   27	    0	    0	  183
    29 2.601000E-004 1.377000E-004 1.060800E-003   1	  371	    0	    0	  184
    30 4.539000E-004 9.435000E-004 4.539000E-004   1	  489	    0	    0	  188
    31 8.670000E-004 1.229100E-003 1.030200E-003   1	  543	    0	    0	  190
    32 5.661000E-004 1.519800E-003 2.091000E-004   1	  556	    0	    0	  191
    33 1.224000E-004 5.100000E-006 9.690000E-004   1	  174	    0	    0	  192
    34 1.193400E-003 1.071000E-004 1.443300E-003   1	  441	    0	    0	  195
    35 1.530000E-005 1.009800E-003 1.484100E-003   2	  547	   -1	    1	    0	  197	   79
    36 8.976000E-004 1.504500E-003 3.978000E-004   2	  282	  115	    0	    0	  198	  189
    37 1.249500E-003 1.142400E-003 9.486000E-004   1	   38	    0	    0	  200
    38 1.239300E-003 1.122000E-003 8.976000E-004   1	   37	    0	    0	  200
    39 1.101600E-003 9.639000E-004 1.519800E-003   2	   16	  500	    0	    0	  160	  201
    40 9.537000E-004 1.489200E-003 3.978000E-004   1	  282	    0	    0	  202
    41 7.038000E-004 5.967000E-004 7.038000E-004   3	   27	  417	  298	    0	    0	  155	  102	  203
    42 1.530000E-005 3.060000E-005 9.180000E-005   4	  289	   63	  420	   -1	    1	    0	  148	  204	  187	   78
    43 1.336200E-003 4.131000E-004 5.712000E-004   1	  348	    0	    0	  205
    44 3.621000E-004 4.794000E-004 1.285200E-003   1	  537	    0	    0	  206
    45 8.619000E-004 1.167900E-003 7.242000E-004   1	  320	    0	    0	  207
    46 5.100000E-006 7.599000E-004 6.630000E-004   2	   -1	  464	    1	    0	   77	  208
    47 1.836000E-004 5.610000E-005 1.785000E-004   1	  503	    0	    0	  209
    48 8.313000E-004 1.157700E-003 7.956000E-004   3	  393	  320	  248	    0	    0	  212	  211	  210
    49 4.284000E-004 2.907000E-004 7.344000E-004   1	  540	    0	    0	  213
    50 4.080000E-004 4.131000E-004 6.375000E-004   2	  136	  294	    0	    0	  214	  196
    51 1.494300E-003 4.131000E-004 1.514700E-003   1	  520	    0	    0	  215
    52 9.690000E-004 1.489200E-003 3.060000E-004   1	  535	    0	    0	  216
    53 6.120000E-005 1.448400E-003 2.244000E-004   1	  498	    0	    0	  217
    54 6.477000E-004 6.630000E-004 8.721000E-004   1	  555	    0	    0	  218
    55 5.916000E-004 1.504500E-003 2.193000E-004   1	   56	    0	    0	  220
    56 5.814000E-004 1.494300E-003 2.244000E-004   3	  557	  556	   55	    0	    0	  221	  219	  220
    57 1.361700E-003 6.426000E-004 1.091400E-003   1	  546	    0	    0	  222
    58 9.282000E-004 1.734000E-004 1.167900E-003   1	  481	    0	    0	  223
    59 1.188300E-003 9.384000E-004 1.519800E-003   2	  504	   16	    0	    0	  224	  162
    60 1.417800E-003 5.814000E-004 1.387200E-003   2	  218	   70	    0	    0	  225	  185
    61 2.550000E-004 5.253000E-004 1.259700E-003   1	  517	    0	    0	  226
    62 1.014900E-003 1.734000E-004 1.499400E-003   1	  441	    0	    0	  227
    63 5.100000E-006 3.060000E-005 1.122000E-004   3	  289	   42	   -1	    1	    0	  228	  204	   76
    64 4.641000E-004 5.100000E-006 1.244400E-003   2	  438	  496	    0	    0	  230	  229
    65 1.009800E-003 2.805000E-004 1.111800E-003   2	   66	  511	    0	    0	  232	  186
    66 1.025100E-003 2.754000E-004 1.106700E-003   2	  480	   65	    0	    0	  231	  232
    67 1.116900E-003 8.415000E-004 9.180000E-005   1	  484	    0	    0	  233
    68 1.249500E-003 5.100000E-006 1.453500E-003   1	  210	    0	    0	  234
    69 6.630000E-005 1.402500E-003 1.290300E-003   2	  516	  524	    0	    0	  235	  164
    70 1.407600E-003 5.559000E-004 1.387200E-003   3	  527	   60	  285	    0	    0	  236	  185	  173
    71 1.071000E-004 3.723000E-004 3.723000E-004   1	  175	    0	    0	  237
    72 9.792000E-004 2.703000E-004 1.152600E-003   1	  389	    0	    0	  238
    73 1.275000E-004 5.406000E-004 3.417000E-004   1	  129	    0	    0	  239
    74 2.703000E-004 8.160000E-004 1.519800E-003   1	  125	    0	    0	  240
    75 4.080000E-005 8.976000E-004 2.142000E-004   2	  493	  369	    0	    0	  241	  199
    76 8.109000E-004 7.446000E-004 1.417800E-003   1	  536	    0	    0	  242
    77 1.494300E-003 5.559000E-004 1.458600E-003   1	   78	    0	    0	  243
    78 1.479000E-003 5.712000E-004 1.448400E-003   1	   77	    0	    0	  243
    79 1.035300E-003 8.007000E-004 3.162000E-004   1	  484	    0	    0	  257
    80 4.590000E-005 2.754000E-004 1.244400E-003   1	  397	    0	    0	  260
    81 7.548000E-004 5.457000E-004 1.060800E-003   3	  313	  511	  555	    0	    0	  253	   97	  265
    82 1.167900E-003 6.681000E-004 2.142000E-004   1	  502	    0	    0	  267
    83 1.147500E-003 6.834000E-004 1.683000E-004   1	  468	    0	    0	  270
    84 9.384000E-004 8.670000E-004 3.621000E-004   1	   85	    0	    0	  276
    85 8.976000E-004 9.231000E-004 3.417000E-004   1	   84	    0	    0	  276
    86 3.570000E-004 5.100000E-004 8.262000E-004   1	   99	    0	    0	  278
    87 1.530000E-005 1.025100E-003 5.100000E-006   3	   93	   -1	  182	    1	    0	  137	   75	  283
    88 1.111800E-003 3.060000E-005 9.690000E-005   1	  344	    0	    0	  284
    89 6.018000E-004 6.987000E-004 8.364000E-004   3	  555	  102	  454	    0	    0	  165	  142	  285
    90 3.570000E-004 4.029000E-004 8.619000E-004   2	  433	  242	    0	    0	  255	  288
    91 5.100000E-006 2.856000E-004 3.315000E-004   2	   -1	  184	    1	    0	   74	  290
    92 9.792000E-004 1.096500E-003 1.519800E-003   2	  268	   14	    0	    0	  292	  157
    93 5.610000E-005 9.741000E-004 3.060000E-005   2	  217	   87	    0	    0	  295	  137
    94 5.100000E-006 3.825000E-004 3.162000E-004   3	  262	   17	   -1	    1	    0	  299	  134	   73
    95 1.336200E-003 1.132200E-003 6.477000E-004   1	   96	    0	    0	  301
    96 1.341300E-003 1.091400E-003 6.783000E-004   2	   95	  120	    0	    0	  301	  111
    97 1.071000E-004 4.590000E-005 9.639000E-004   3	  174	  387	  213	    0	    0	  302	  251	  136
    98 1.020000E-005 1.060800E-003 1.519800E-003   3	  547	  524	   -1	    1	    0	  106	  303	   72
    99 3.621000E-004 4.488000E-004 8.058000E-004   2	   86	  241	    0	    0	  278	  309
   100 1.152600E-003 4.080000E-005 2.244000E-004   1	  469	    0	    0	  310
   101 4.488000E-004 3.315000E-004 8.619000E-004   2	   13	  241	    0	    0	  156	  311
   102 6.120000E-004 6.426000E-004 8.976000E-004   3	  311	   89	  555	    0	    0	  312	  142	  143
   103 2.499000E-004 5.100000E-006 8.517000E-004   1	  278	    0	    0	  314
   104 7.548000E-004 5.100000E-006 1.509600E-003   2	  211	  106	    0	    0	  287	  319
   105 7.803000E-004 5.100000E-006 1.443300E-003   2	  205	  106	    0	    0	  116	  321
   106 7.599000E-004 5.100000E-006 1.473900E-003   4	  211	  205	  105	  104	    0	    0	  124	  158	  321	  319
   107 1.397400E-003 6.477000E-004 1.422900E-003   1	  218	    0	    0	  323
   108 8.517000E-004 3.519000E-004 6.120000E-005   1	  452	    0	    0	  324
   109 6.273000E-004 7.038000E-004 8.058000E-004   1	  555	    0	    0	  325
   110 5.814000E-004 6.987000E-004 5.304000E-004   1	  510	    0	    0	  328
   111 6.630000E-004 3.009000E-004 1.836000E-004   2	  518	  112	    0	    0	  327	  329
   112 6.834000E-004 2.856000E-004 1.785000E-004   2	  551	  111	    0	    0	  108	  329
   113 1.218900E-003 1.045500E-003 4.233000E-004   1	  482	    0	    0	  330
   114 1.142400E-003 1.320900E-003 5.151000E-004   1	  535	    0	    0	  332
   115 8.823000E-004 1.519800E-003 3.825000E-004   2	   36	  329	    0	    0	  189	  333
   116 4.590000E-005 2.091000E-004 1.683000E-004   2	  264	  161	    0	    0	  326	  334
   117 1.519800E-003 1.173000E-003 6.885000E-004   2	    0	  431	    0	    1	   71	  335
   118 6.069000E-004 1.249500E-003 1.530000E-005   3	  478	  380	  556	    0	    0	  336	  286	  193
   119 3.060000E-004 9.690000E-005 4.947000E-004   2	  534	  201	    0	    0	  337	  308
   120 1.300500E-003 1.030200E-003 7.038000E-004   3	  137	  189	   96	    0	    0	  338	  178	  111
   121 9.996000E-004 1.050600E-003 1.183200E-003   4	  171	  170	  154	  197	    0	    0	  339	  340	  320	  331
   122 8.619000E-004 1.122000E-003 1.096500E-003   1	  501	    0	    0	  341
   123 3.162000E-004 4.539000E-004 5.508000E-004   2	  510	  364	    0	    0	  342	  316
   124 1.632000E-004 1.086300E-003 5.661000E-004   2	  485	  489	    0	    0	  344	  343
   125 2.754000E-004 8.466000E-004 1.504500E-003   2	   74	  547	    0	    0	  240	  345
   126 1.275000E-004 1.173000E-004 9.435000E-004   1	  388	    0	    0	  346
   127 1.632000E-004 2.040000E-004 1.377000E-003   1	  525	    0	    0	  347
   128 8.874000E-004 8.466000E-004 4.284000E-004   1	  473	    0	    0	  348
   129 8.670000E-005 5.457000E-004 3.315000E-004   2	  356	   73	    0	    0	  349	  239
   130 6.426000E-004 6.987000E-004 7.497000E-004   2	  555	  191	    0	    0	  350	  113
   131 1.020000E-003 1.065900E-003 1.453500E-003   1	  268	    0	    0	  351
   132 5.100000E-006 2.040000E-004 1.581000E-004   3	   -1	  264	  328	    1	    0	   70	  163	  352
   133 8.160000E-004 3.468000E-004 1.224000E-004   2	  212	  452	    0	    0	  269	  357
   134 1.147500E-003 1.116900E-003 1.336200E-003   1	  267	    0	    0	  361
   135 2.397000E-004 1.030200E-003 2.754000E-004   2	  381	  489	    0	    0	  322	  367
   136 4.080000E-004 4.386000E-004 6.477000E-004   6	  241	   50	  181	  202	  357	  203	    0	    0	  368	  214	  294	  291	  289	  176
   137 1.244400E-003 1.009800E-003 6.783000E-004   3	  120	  189	  482	    0	    0	  338	  313	  382
   138 5.151000E-004 5.610000E-004 7.242000E-004   2	  298	  374	    0	    0	  166	  384
   139 1.249500E-003 1.157700E-003 1.014900E-003   1	  316	    0	    0	  387
   140 3.570000E-005 3.672000E-004 3.519000E-004   1	  262	    0	    0	  389
   141 9.282000E-004 2.754000E-004 1.305600E-003   2	  322	  219	    0	    0	  390	  388
   142 6.732000E-004 2.193000E-004 1.244400E-003   1	  496	    0	    0	  391
   143 1.530000E-005 8.211000E-004 5.610000E-005   2	   -1	  216	    1	    0	   69	  392
   144 6.018000E-004 6.120000E-004 7.905000E-004   2	  255	  298	    0	    0	  393	  394
   145 4.947000E-004 5.967000E-004 7.446000E-004   2	  228	  510	    0	    0	  396	  395
   146 1.224000E-004 2.550000E-004 1.938000E-004   2	  261	  453	    0	    0	  194	  397
   147 7.140000E-004 1.030200E-003 1.346400E-003   2	  156	  528	    0	    0	  372	  398
   148 1.519800E-003 1.428000E-004 4.692000E-004   2	  348	    0	    0	    1	  399	   68
   149 1.178100E-003 8.211000E-004 1.173000E-004   3	  484	  468	  305	    0	    0	  159	  252	  400
   150 5.661000E-004 6.477000E-004 4.029000E-004   2	  155	  474	    0	    0	  401	  263
   151 8.721000E-004 1.076100E-003 8.160000E-004   4	  320	  415	  336	  304	    0	    0	  381	  403	  402	  364
   152 4.947000E-004 1.009800E-003 4.692000E-004   3	  489	  557	  462	    0	    0	   90	  317	  404
   153 2.040000E-005 1.836000E-004 1.122000E-004   3	  264	  328	   -1	    1	    0	  405	  406	   67
   154 1.035300E-003 1.060800E-003 1.152600E-003   5	  197	  501	  121	  545	  171	    0	    0	  386	  174	  320	  380	  407
   155 5.610000E-004 6.681000E-004 4.080000E-004   5	  510	  394	  150	  519	  474	    0	    0	  408	  385	  401	  131	   91
   156 6.681000E-004 1.004700E-003 1.336200E-003   3	  224	  528	  147	    0	    0	  409	  279	  372
   157 2.550000E-005 1.519800E-003 1.484100E-003   1	  524	    0	    0	  410
   158 9.741000E-004 1.519800E-003 3.825000E-004   2	  535	  282	    0	    0	  411	  154
   159 1.504500E-003 1.152600E-003 1.519800E-003   2	    0	  307	    0	    1	   66	  412
   160 3.570000E-005 2.550000E-004 1.683000E-004   4	  161	  198	   26	  264	    0	    0	  413	  110	  182	  374
   161 5.100000E-005 2.244000E-004 1.836000E-004   2	  160	  116	    0	    0	  413	  334
   162 9.180000E-004 9.588000E-004 5.100000E-006   2	  483	  535	    0	    0	  414	  171
   163 2.040000E-005 1.045500E-003 1.448400E-003   2	  547	   -1	    1	    0	  415	   65
   164 4.182000E-004 3.315000E-004 7.242000E-004   3	  303	  241	  540	    0	    0	  150	  422	  133
   165 1.020000E-003 7.854000E-004 3.774000E-004   2	  502	    9	    0	    0	  430	  138
   166 1.310700E-003 1.122000E-004 1.514700E-003   1	  301	    0	    0	  437
   167 1.020000E-005 1.377000E-004 2.091000E-004   2	  407	   -1	    1	    0	  441	   64
   168 6.069000E-004 7.599000E-004 6.426000E-004   1	  222	    0	    0	  443
   169 8.415000E-004 6.120000E-005 1.514700E-003   1	  481	    0	    0	  446
   170 9.894000E-004 1.025100E-003 1.224000E-003   3	  171	  121	    1	    0	    0	  451	  340	   98
   171 1.025100E-003 1.045500E-003 1.183200E-003   5	  170	  545	  121	  197	  154	    0	    0	  451	  259	  339	  315	  407
   172 7.803000E-004 1.208700E-003 9.435000E-004   3	  543	  544	  365	    0	    0	  272	  457	  100
   173 1.020000E-005 1.632000E-004 5.100000E-004   3	   -1	  534	  300	    1	    0	   63	  378	  458
   174 9.690000E-005 1.530000E-005 9.945000E-004   4	  213	   97	  414	   33	    0	    0	  305	  302	  461	  192
   175 9.690000E-005 4.029000E-004 3.570000E-004   6	  262	  272	  176	  190	   17	   71	    0	    0	  248	  141	  464	  433	  167	  237
   176 1.377000E-004 3.978000E-004 3.315000E-004   2	  175	  272	    0	    0	  464	  463
   177 1.020000E-005 7.446000E-004 3.927000E-004   2	  424	   -1	    1	    0	  465	   62
   178 1.055700E-003 8.415000E-004 1.071000E-004   1	  484	    0	    0	  466
   179 8.007000E-004 1.463700E-003 3.825000E-004   4	  256	  293	  467	  329	    0	    0	  439	  468	  101	  467
   180 6.120000E-004 8.109000E-004 4.386000E-004   3	  394	  510	  462	    0	    0	  469	  427	  456
   181 4.488000E-004 4.488000E-004 6.222000E-004   4	  136	  357	  294	  373	    0	    0	  294	  371	  383	  470
   182 1.020000E-005 9.486000E-004 1.530000E-005   3	  217	   -1	   87	    1	    0	  471	   61	  283
   183 2.907000E-004 4.488000E-004 8.007000E-004   4	  529	  510	   20	  350	    0	    0	  448	  353	  170	  472
   184 1.020000E-005 3.213000E-004 3.621000E-004   3	   91	  262	   -1	    1	    0	  290	  473	   60
   185 3.060000E-005 1.473900E-003 1.489200E-003   1	  524	    0	    0	  474
   186 2.805000E-004 7.293000E-004 1.514700E-003   1	  514	    0	    0	  475
   187 5.406000E-004 1.494300E-003 2.856000E-004   4	  326	  400	  556	  557	    0	    0	  440	  477	  432	  476
   188 6.426000E-004 3.162000E-004 2.346000E-004   1	  518	    0	    0	  478
   189 1.275000E-003 1.009800E-003 7.242000E-004   3	  137	  120	  554	    0	    0	  313	  178	  479
   190 1.326000E-004 4.131000E-004 4.080000E-004   3	  196	  364	  175	    0	    0	  480	  452	  433
   191 5.814000E-004 7.242000E-004 7.446000E-004   2	  215	  130	    0	    0	  481	  113
   192 6.069000E-004 6.426000E-004 1.122000E-003   2	  512	  379	    0	    0	  482	  424
   193 1.473900E-003 5.304000E-004 3.621000E-004   3	  206	  443	  463	    0	    0	  483	  300	  454
   194 7.599000E-004 6.579000E-004 5.253000E-004   4	  195	  465	  432	  451	    0	    0	  485	  359	  268	  366
   195 7.752000E-004 6.630000E-004 5.508000E-004   3	  194	  432	  451	    0	    0	  485	  445	  484
   196 1.632000E-004 4.131000E-004 3.927000E-004   4	  364	  190	  519	  272	    0	    0	  487	  480	  417	  486
   197 9.945000E-004 1.076100E-003 1.162800E-003   4	  501	  154	  171	  121	    0	    0	  488	  386	  315	  331
   198 1.020000E-004 2.244000E-004 1.479000E-004   2	  160	  264	    0	    0	  110	  489
   199 1.096500E-003 6.171000E-004 1.020000E-005   3	  468	  483	  209	    0	    0	  120	  429	  490
   200 1.076100E-003 5.661000E-004 1.234200E-003   2	  527	  546	    0	    0	  146	  491
   201 3.570000E-004 9.180000E-005 4.794000E-004   2	  119	  503	    0	    0	  308	  492
   202 3.774000E-004 4.845000E-004 6.477000E-004   3	  136	  203	  357	    0	    0	  291	  494	  318
   203 3.468000E-004 4.539000E-004 6.477000E-004   3	  202	  510	  136	    0	    0	  494	  493	  176
   204 6.069000E-004 1.514700E-003 1.494300E-003   1	  521	    0	    0	  495
   205 7.089000E-004 1.020000E-005 1.448400E-003   4	  211	   22	  106	  105	    0	    0	  496	  177	  158	  116
   206 1.458600E-003 5.355000E-004 4.080000E-004   2	  193	  443	    0	    0	  483	  497
   207 9.792000E-004 1.484100E-003 4.233000E-004   3	  535	  522	  282	    0	    0	  442	  453	  498
   208 1.173000E-004 1.147500E-003 1.530000E-005   2	  460	  556	    0	    0	  256	  504
   209 1.122000E-003 5.814000E-004 2.040000E-005   3	  199	  448	  468	    0	    0	  490	  505	   92
   210 1.178100E-003 1.020000E-005 1.397400E-003   2	  441	   68	    0	    0	  531	  234
   211 6.783000E-004 1.020000E-005 1.514700E-003   5	  205	  106	  496	  104	   22	    0	    0	  496	  124	  537	  287	  151
   212 7.701000E-004 2.907000E-004 1.020000E-004   3	  321	  133	  452	    0	    0	  307	  269	  540
   213 1.326000E-004 6.120000E-005 1.025100E-003   6	  371	  314	  174	  234	   97	  414	    0	    0	  545	  370	  305	  447	  136	  434
   214 4.896000E-004 7.344000E-004 7.242000E-004   3	  215	  510	  250	    0	    0	  563	  145	  423
   215 5.508000E-004 6.987000E-004 7.191000E-004   7	  298	  454	  444	  214	  191	  250	  510	    0	    0	  125	   86	   87	  563	  481	  306	  522
   216 4.080000E-005 8.772000E-004 7.140000E-005   3	  217	   -1	  143	    1	    0	  572	   59	  392
   217 3.570000E-005 9.282000E-004 3.060000E-005   4	  182	   93	  216	   -1	    1	    0	  471	  295	  572	   58
   218 1.412700E-003 6.273000E-004 1.392300E-003   4	  527	   60	  107	  319	    0	    0	  573	  225	  323	  379
   219 9.435000E-004 2.397000E-004 1.285200E-003   4	  322	  141	  389	  481	    0	    0	  296	  388	  574	  575
   220 3.366000E-004 2.244000E-004 6.885000E-004   3	  540	  303	  534	    0	    0	  144	  455	  576
   221 1.530000E-005 6.375000E-004 1.836000E-004   3	  355	   -1	  274	    1	    0	  577	   57	  373
   222 5.253000E-004 7.344000E-004 6.426000E-004   3	  223	  510	  168	    0	    0	  578	  565	  443
   223 4.947000E-004 7.344000E-004 6.375000E-004   2	  510	  222	    0	    0	  579	  578
   224 6.273000E-004 9.792000E-004 1.346400E-003   3	  528	  156	  547	    0	    0	  547	  409	  580
   225 4.233000E-004 4.182000E-004 1.989000E-004   1	  518	    0	    0	  581
   226 9.129000E-004 7.140000E-004 1.346400E-003   3	  536	  227	  546	    0	    0	  360	  582	  518
   227 8.670000E-004 6.681000E-004 1.356600E-003   2	  226	  536	    0	    0	  582	  583
   228 4.182000E-004 5.661000E-004 7.905000E-004   4	  510	  145	  250	  229	    0	    0	  354	  396	  112	  584
   229 5.049000E-004 5.508000E-004 7.599000E-004   1	  228	    0	    0	  584
   230 6.273000E-004 4.998000E-004 1.734000E-004   3	  450	  474	  377	    0	    0	  566	  562	  585
   231 7.038000E-004 1.514700E-003 3.621000E-004   2	  467	  318	    0	    0	  587	  586
   232 8.211000E-004 1.468800E-003 1.020000E-003   1	  543	    0	    0	  588
   233 3.723000E-004 1.530000E-005 1.020000E-005   2	  542	  390	    0	    0	   83	  589
   234 6.120000E-005 9.690000E-005 9.945000E-004   3	  375	  237	  213	    0	    0	  591	  590	  447
   235 4.947000E-004 3.672000E-004 9.333000E-004   2	  511	  241	    0	    0	  594	  513
   236 3.264000E-004 8.160000E-005 1.530000E-004   2	  503	  390	    0	    0	  595	  376
   237 8.160000E-005 1.428000E-004 9.843000E-004   4	  375	  234	  363	  533	    0	    0	  543	  590	  613	  104
   238 6.783000E-004 3.009000E-004 2.805000E-004   2	  429	  551	    0	    0	  129	  615
   239 2.295000E-004 1.244400E-003 1.014900E-003   1	  515	    0	    0	  616
   240 1.030200E-003 3.315000E-004 1.285200E-003   4	  389	  322	  437	  442	    0	    0	  617	  377	  122	  618
   241 4.335000E-004 4.131000E-004 8.211000E-004  11	  136	  294	  357	  235	  101	   99	  433	   15	  164	  242	  303	    0	    0	  368	  254	   95	  513	  311	  309	  250	  161	  422	  619	  273
   242 3.672000E-004 3.723000E-004 8.160000E-004   3	  433	   90	  241	    0	    0	  271	  288	  619
   243 6.630000E-005 1.020000E-005 9.333000E-004   1	  387	    0	    0	  620
   244 5.865000E-004 5.610000E-004 9.945000E-004   4	  512	  430	  382	  311	    0	    0	  558	  525	  621	  614
   245 2.040000E-005 1.632000E-004 1.020000E-005   3	   -1	  328	  420	    1	    0	   56	  622	  623
   246 2.499000E-004 4.131000E-004 8.619000E-004   3	  247	  529	  533	    0	    0	  449	  293	  624
   247 2.295000E-004 3.774000E-004 8.415000E-004   5	  533	  529	  534	  246	  433	    0	    0	  570	  460	  304	  449	  625
   248 8.517000E-004 1.142400E-003 8.313000E-004   7	  336	  544	  320	  415	   48	  393	  365	    0	    0	  626	  548	  568	  567	  210	  264	  546
   249 1.147500E-003 6.834000E-004 2.754000E-004   1	  502	    0	    0	  627
   250 5.253000E-004 6.324000E-004 7.395000E-004   5	  214	  228	  298	  215	  510	    0	    0	  423	  112	  534	  306	  628
   251 1.224000E-004 2.091000E-004 1.040400E-003   2	  533	  386	    0	    0	  598	  629
   252 4.590000E-005 3.672000E-004 4.182000E-004   2	  529	  262	    0	    0	  630	  249
   253 3.060000E-005 3.774000E-004 1.290300E-003   1	  525	    0	    0	  631
   254 7.803000E-004 8.415000E-004 2.244000E-004   2	  475	  265	    0	    0	  632	  506
   255 6.375000E-004 6.222000E-004 7.905000E-004   3	  298	  144	  417	    0	    0	  633	  393	  569
   256 8.160000E-004 1.514700E-003 3.468000E-004   4	  179	  293	  329	  467	    0	    0	  439	  438	  634	  358
   257 5.304000E-004 5.406000E-004 9.078000E-004   2	  382	  440	    0	    0	  605	  635
   258 9.690000E-005 7.191000E-004 4.947000E-004   2	  464	  510	    0	    0	  369	  636
   259 1.468800E-003 1.229100E-003 1.315800E-003   3	  466	  552	  553	    0	    0	  642	  564	  560
   260 8.568000E-004 1.504500E-003 2.601000E-004   3	  467	  283	  535	    0	    0	  121	  557	  658
   261 1.173000E-004 2.805000E-004 2.244000E-004   2	  146	  453	    0	    0	  194	  661
   262 1.020000E-005 3.672000E-004 3.774000E-004   7	   94	  175	  140	  252	   -1	  184	  529	    1	    0	  299	  248	  389	  249	   55	  473	  663
   263 7.905000E-004 1.081200E-003 1.331100E-003   1	  528	    0	    0	  664
   264 3.060000E-005 2.244000E-004 1.173000E-004   7	  116	   -1	  132	  153	  328	  160	  198	    1	    0	  326	   54	  163	  405	  666	  374	  489
   265 7.446000E-004 9.282000E-004 1.632000E-004   4	    7	  475	  479	  254	    0	    0	  132	  280	  667	  506
   266 9.894000E-004 6.324000E-004 7.650000E-004   1	  358	    0	    0	  669
   267 1.086300E-003 1.132200E-003 1.402500E-003   2	  134	  268	    0	    0	  361	  670
   268 1.045500E-003 1.111800E-003 1.433100E-003   3	   92	  267	  131	    0	    0	  292	  670	  351
   269 1.366800E-003 1.412700E-003 1.014900E-003   1	  552	    0	    0	  671
   270 1.122000E-004 1.269900E-003 6.630000E-004   2	  485	  515	    0	    0	  672	  561
   271 1.632000E-004 8.211000E-004 2.703000E-004   6	  489	  395	  427	  405	  428	  510	    0	    0	  641	  675	  673	  660	  602	  674
   272 1.887000E-004 3.978000E-004 3.519000E-004   5	  175	  519	  176	  518	  196	    0	    0	  141	  676	  463	  416	  486
   273 5.916000E-004 1.020000E-005 9.384000E-004   2	  330	  438	    0	    0	  677	  418
   274 6.120000E-005 6.987000E-004 1.836000E-004   3	  510	  277	  221	    0	    0	  678	  559	  373
   275 8.874000E-004 3.468000E-004 1.530000E-005   2	  487	  452	    0	    0	  679	  297
   276 1.020000E-005 7.905000E-004 4.692000E-004   4	   -1	  424	  425	  464	    1	    0	   53	  681	  680	  539
   277 8.670000E-005 7.344000E-004 1.683000E-004   3	  405	  274	  510	    0	    0	  682	  559	  683
   278 2.244000E-004 1.020000E-005 8.007000E-004   2	  534	  103	    0	    0	  684	  314
   279 1.275000E-004 3.723000E-004 1.275000E-003   2	  525	  392	    0	    0	  685	  538
   280 8.313000E-004 8.670000E-004 1.020000E-005   3	  483	  479	  360	    0	    0	  686	  687	  245
   281 8.721000E-004 1.127100E-003 9.894000E-004   3	  501	   12	  365	    0	    0	  655	  153	  688
   282 9.384000E-004 1.514700E-003 4.590000E-004   7	   36	  158	  522	  329	   40	  207	  535	    0	    0	  198	  154	  689	  510	  202	  498	  690
   283 9.384000E-004 1.514700E-003 2.142000E-004   2	  535	  260	    0	    0	  691	  557
   284 5.100000E-005 1.275000E-004 1.275000E-004   3	  289	  420	  328	    0	    0	  694	  693	  692
   285 1.458600E-003 4.947000E-004 1.412700E-003   3	  520	   70	  527	    0	    0	  695	  173	  707
   286 1.392300E-003 5.355000E-004 1.050600E-003   2	  520	  530	    0	    0	  459	  708
   287 1.785000E-004 1.290300E-003 5.202000E-004   2	  485	  515	    0	    0	  665	  723
   288 8.007000E-004 9.945000E-004 8.058000E-004   3	  555	  304	  366	    0	    0	  729	  511	  426
   289 1.530000E-005 9.690000E-005 1.173000E-004   6	  420	  328	   63	   42	   -1	  284	    1	    0	  730	  718	  228	  148	   52	  694
   290 1.071000E-004 8.976000E-004 3.570000E-004   5	  306	  493	  402	  425	  489	    0	    0	  735	  736	  700	  298	  103
   291 4.641000E-004 3.876000E-004 4.998000E-004   3	  294	  541	  519	    0	    0	  599	  519	  737
   292 9.231000E-004 1.285200E-003 1.407600E-003   3	  521	  553	  501	    0	    0	  444	  738	  739
   293 8.211000E-004 1.433100E-003 3.417000E-004   5	  256	  179	  467	  329	  535	    0	    0	  438	  468	  521	  520	  740
   294 4.641000E-004 3.927000E-004 5.865000E-004   7	  291	  373	  241	  519	   50	  541	  181	    0	    0	  599	  450	  254	  741	  196	  608	  383
   295 1.009800E-003 8.772000E-004 8.160000E-005   4	  299	  484	  483	  308	    0	    0	  743	  508	  517	  742
   296 1.025100E-003 1.326000E-003 1.086300E-003   2	  501	  552	    0	    0	  744	  512
   297 9.792000E-004 2.397000E-004 1.045500E-003   4	  480	  511	  458	  399	    0	    0	  714	  745	  528	  746
   298 6.120000E-004 6.222000E-004 7.497000E-004  11	  255	  324	  374	  215	  510	  144	   27	  250	   41	  138	  417	    0	    0	  633	  553	  530	  125	  702	  394	  114	  534	  203	  166	  754
   299 9.996000E-004 8.976000E-004 2.040000E-005   2	  295	  308	    0	    0	  743	  761
   300 1.530000E-005 1.122000E-004 4.386000E-004   3	   -1	  173	  534	    1	    0	   51	  458	  763
   301 1.224000E-003 1.530000E-004 1.509600E-003   2	  166	  343	    0	    0	  437	  764
   302 5.304000E-004 6.477000E-004 9.282000E-004   4	  440	  456	  312	  311	    0	    0	  544	  172	  765	  733
   303 3.468000E-004 2.856000E-004 7.446000E-004   5	  540	  164	  220	  534	  241	    0	    0	  503	  150	  455	  766	  273
   304 7.803000E-004 1.111800E-003 8.109000E-004   6	  544	  393	  320	  366	  288	  151	    0	    0	  767	  759	  662	  532	  511	  364
   305 1.198500E-003 8.517000E-004 1.071000E-004   2	  535	  149	    0	    0	  768	  400
   306 1.326000E-004 8.772000E-004 3.366000E-004   7	  428	  510	  290	  489	  395	  493	  427	    0	    0	  649	  770	  735	  769	  656	  668	  657
   307 1.504500E-003 1.030200E-003 1.504500E-003   4	    0	  159	  466	  504	    0	    1	   50	  412	  722	  776
   308 1.025100E-003 8.415000E-004 4.590000E-005   5	  468	  483	  484	  299	  295	    0	    0	   84	  788	  507	  761	  742
   309 5.202000E-004 1.530000E-005 5.253000E-004   3	  503	  540	  541	    0	    0	  789	  727	  654
   310 1.081200E-003 9.078000E-004 3.621000E-004   1	  398	    0	    0	  790
   311 6.069000E-004 6.222000E-004 9.792000E-004   7	  379	  102	  312	  555	  302	  382	  244	    0	    0	  725	  312	  795	  749	  733	  281	  614
   312 5.202000E-004 6.732000E-004 9.792000E-004   5	  311	  440	  456	  302	  379	    0	    0	  795	  796	  797	  765	  140
   313 7.089000E-004 6.885000E-004 1.045500E-003   3	  555	   81	  418	    0	    0	  798	  253	  799
   314 1.938000E-004 9.690000E-005 9.843000E-004   3	  213	   21	  371	    0	    0	  370	  175	  800
   315 2.550000E-005 3.570000E-005 1.116900E-003   6	  414	   -1	  523	  346	  416	  376	    1	    0	  435	   49	  705	  801	  524	  721
   316 1.280100E-003 1.193400E-003 1.060800E-003   2	  552	  139	    0	    0	  802	  387
   317 4.335000E-004 2.652000E-004 1.530000E-005   1	  518	    0	    0	  803
   318 7.038000E-004 1.509600E-003 3.213000E-004   3	  467	  326	  231	    0	    0	  804	  139	  586
   319 1.402500E-003 6.120000E-004 1.504500E-003   3	  527	  504	  218	    0	    0	  817	  247	  379
   320 8.211000E-004 1.142400E-003 7.599000E-004  10	  393	  304	  248	  383	   48	   45	  544	  151	  415	  508	    0	    0	  819	  662	  568	  529	  211	  207	  535	  381	  784	  571
   321 6.987000E-004 2.550000E-004 8.670000E-005   4	  518	  542	  212	  452	    0	    0	  824	  651	  307	  638
   322 9.384000E-004 3.264000E-004 1.280100E-003   7	  389	  437	  219	  141	  240	  511	  481	    0	    0	  825	  609	  296	  390	  377	  756	  728
   323 7.956000E-004 8.058000E-004 4.794000E-004   2	  461	  327	    0	    0	  813	  826
   324 5.151000E-004 5.406000E-004 6.375000E-004   4	  374	  373	  298	  510	    0	    0	  828	  827	  553	  266
   325 6.732000E-004 9.639000E-004 1.081200E-003   4	  378	  547	  338	  342	    0	    0	  107	  829	  555	  365
   326 6.273000E-004 1.509600E-003 2.754000E-004   4	  187	  557	  467	  318	    0	    0	  440	  830	  782	  139
   327 8.109000E-004 7.956000E-004 5.202000E-004   3	  432	  473	  323	    0	    0	  831	  612	  826
   328 1.530000E-005 1.836000E-004 6.630000E-005   8	  289	  420	  284	   -1	  153	  264	  245	  132	    1	    0	  718	  832	  692	   48	  406	  666	  622	  352
   329 8.466000E-004 1.509600E-003 4.233000E-004   6	  282	  256	  535	  293	  179	  115	    0	    0	  510	  634	  833	  520	  467	  333
   330 6.222000E-004 2.550000E-005 8.466000E-004   3	  540	  273	  549	    0	    0	  834	  677	  835
   331 4.437000E-004 1.938000E-004 1.122000E-003   3	  438	  490	  421	    0	    0	  811	  785	  836
   332 2.091000E-004 1.356600E-003 2.805000E-004   2	  499	  498	    0	    0	  793	  837
   333 1.162800E-003 1.285200E-003 1.310700E-003   2	  553	  552	    0	    0	  787	  838
   334 4.029000E-004 1.499400E-003 5.814000E-004   2	  449	  515	    0	    0	  840	  839
   335 1.479000E-004 5.253000E-004 1.244400E-003   2	  470	  495	    0	    0	  653	  841
   336 8.976000E-004 1.101600E-003 8.466000E-004   6	  248	  366	  554	  365	  151	  415	    0	    0	  626	  363	  600	  843	  402	  842
   337 8.517000E-004 6.069000E-004 6.783000E-004   2	  451	  417	    0	    0	  844	  845
   338 6.528000E-004 1.065900E-003 1.035300E-003   5	  547	  342	  543	  325	  378	    0	    0	  821	  846	  847	  555	  428
   339 2.142000E-004 1.428000E-004 7.650000E-005   4	  419	  518	  453	  420	    0	    0	  849	  731	  720	  848
   340 1.137300E-003 4.029000E-004 3.417000E-004   2	  368	  506	    0	    0	  783	  850
   341 9.792000E-004 5.610000E-005 1.473900E-003   2	  481	  441	    0	    0	  356	  861
   342 7.446000E-004 1.045500E-003 1.030200E-003   4	  378	  338	  325	  365	    0	    0	  719	  846	  365	  862
   343 1.178100E-003 1.989000E-004 1.509600E-003   2	  301	  441	    0	    0	  764	  867
   344 1.116900E-003 8.670000E-005 1.530000E-005   2	  487	   88	    0	    0	  868	  284
   345 1.509600E-003 4.080000E-004 5.559000E-004   3	  443	  348	    0	    0	    1	  869	  823	   47
   346 4.080000E-005 1.530000E-005 1.071000E-003   5	  414	  315	  375	  376	   -1	    1	    0	  870	  801	  871	  282	   46
   347 1.004700E-003 3.570000E-004 6.885000E-004   2	  471	  550	    0	    0	  879	  880
   348 1.392300E-003 2.856000E-004 4.335000E-004   8	  345	   43	  362	  148	  550	  469	    0	  349	    0	    1	  823	  205	  772	  399	   96	  607	   45	  881
   349 1.275000E-003 3.315000E-004 2.856000E-004   3	  463	  348	  488	    0	    0	  596	  881	  882
   350 2.295000E-004 3.672000E-004 7.752000E-004   5	  510	  529	  534	  183	  533	    0	    0	  652	  732	  883	  472	  774
   351 6.120000E-005 6.477000E-004 2.652000E-004   2	  355	  510	    0	    0	  885	  884
   352 1.275000E-004 1.020000E-003 4.692000E-004   4	  402	  489	  493	  485	    0	    0	  887	  886	  888	  462
   353 1.331100E-003 1.086300E-003 1.259700E-003   3	  509	  545	  552	    0	    0	  890	  889	  854
   354 2.244000E-004 4.743000E-004 3.825000E-004   3	  510	  519	  364	    0	    0	  640	  891	  706
   355 2.040000E-005 6.222000E-004 2.652000E-004   5	  351	  510	  221	  356	   -1	    1	    0	  885	  792	  577	  892	   44
   356 2.550000E-005 5.763000E-004 3.213000E-004   3	  129	  355	   -1	    1	    0	  349	  892	   43
   357 4.284000E-004 5.049000E-004 6.426000E-004   7	  373	  241	  374	  510	  181	  136	  202	    0	    0	  893	   95	  894	  775	  371	  289	  318
   358 9.894000E-004 6.171000E-004 6.987000E-004   3	  473	  507	  266	    0	    0	  895	  533	  669
   359 1.106700E-003 9.231000E-004 1.785000E-004   2	  535	  484	    0	    0	  896	  554
   360 6.885000E-004 1.040400E-003 2.040000E-005   3	  478	  479	  280	    0	    0	  909	  697	  245
   361 9.843000E-004 2.040000E-005 1.040400E-003   3	  481	  505	  458	    0	    0	  810	  711	  910
   362 1.137300E-003 3.417000E-004 5.610000E-004   2	  471	  348	    0	    0	  923	  772
   363 2.040000E-005 1.581000E-004 1.030200E-003   8	  397	  391	   -1	  386	  375	  237	  376	  533	    1	    0	  275	  551	   42	  786	  875	  613	  924	  877
   364 2.499000E-004 4.692000E-004 4.947000E-004   6	  196	  190	  510	  354	  123	  519	    0	    0	  487	  452	  925	  706	  316	  904
   365 8.313000E-004 1.096500E-003 9.078000E-004   8	  554	  336	  281	  366	  544	  342	  172	  248	    0	    0	  603	  843	  688	  926	  816	  862	  100	  546
   366 8.670000E-004 1.020000E-003 8.925000E-004   6	  554	  304	  336	  365	  555	  288	    0	    0	  549	  532	  363	  926	  752	  426
   367 8.925000E-004 6.069000E-004 4.539000E-004   3	  502	  465	  506	    0	    0	  777	  928	  927
   368 1.086300E-003 3.366000E-004 3.264000E-004   5	  372	  340	  412	  463	  488	    0	    0	  929	  783	  779	  514	  760
   369 2.040000E-005 9.180000E-004 2.754000E-004   6	  395	  370	  424	  493	   75	   -1	    1	    0	  726	  931	  866	  918	  199	   41
   370 2.040000E-005 8.823000E-004 3.111000E-004   6	  369	  424	  395	  510	  493	   -1	    1	    0	  931	  930	  659	  610	  244	   40
   371 2.346000E-004 5.610000E-005 1.050600E-003   5	  213	   29	  439	  414	  314	    0	    0	  545	  184	  755	  932	  800
   372 1.050600E-003 3.009000E-004 3.825000E-004   3	  368	  412	  550	    0	    0	  929	  780	  933
   373 4.794000E-004 5.100000E-004 5.967000E-004   8	  357	  324	  294	  519	  374	  510	  181	  538	    0	    0	  893	  827	  450	  851	  934	  852	  470	  261
   374 4.692000E-004 5.559000E-004 6.324000E-004   6	  324	  298	  357	  373	  510	  138	    0	    0	  828	  530	  894	  934	  935	  384
   375 2.040000E-005 6.120000E-005 1.009800E-003   7	  376	  237	   -1	  234	  414	  346	  363	    1	    0	  936	  543	   39	  591	  853	  871	  875
   376 2.040000E-005 9.690000E-005 1.060800E-003   9	  397	  414	  375	  391	  523	   -1	  315	  346	  363	    1	    0	  274	   94	  936	  606	  550	   38	  721	  282	  924
   377 6.375000E-004 4.692000E-004 1.377000E-004   5	  474	  518	  450	  452	  230	    0	    0	  501	  277	  942	  375	  585
   378 7.599000E-004 1.106700E-003 1.137300E-003   4	  342	  325	  501	  338	    0	    0	  719	  107	  945	  428
   379 6.018000E-004 7.293000E-004 1.035300E-003   7	  311	  418	  456	  192	  312	  455	  547	    0	    0	  725	  541	  758	  424	  140	  822	  946
   380 5.916000E-004 1.229100E-003 1.122000E-004   4	  478	  557	  556	  118	    0	    0	  919	  948	  947	  286
   381 2.040000E-004 1.081200E-003 2.448000E-004   4	  493	  460	  427	  135	    0	    0	  950	  949	   99	  322
   382 5.355000E-004 5.100000E-004 9.741000E-004   8	  430	  491	  490	  257	  512	  244	  311	  440	    0	    0	  956	  127	  126	  605	  523	  621	  281	  873
   383 7.140000E-004 1.234200E-003 7.752000E-004   4	  544	  393	  320	    6	    0	    0	  957	  863	  529	  130
   384 1.438200E-003 1.417800E-003 5.814000E-004   1	  411	    0	    0	  958
   385 3.774000E-004 3.825000E-004 1.331100E-003   2	  537	  486	    0	    0	  959	  960
   386 9.690000E-005 1.887000E-004 1.081200E-003   5	  533	  397	  363	  251	  391	    0	    0	  962	  961	  786	  629	  878
   387 1.275000E-004 2.550000E-005 8.874000E-004   4	  388	  243	   97	  534	    0	    0	  964	  620	  251	  762
   388 1.479000E-004 1.122000E-004 8.670000E-004   3	  387	  126	  534	    0	    0	  964	  346	  963
   389 1.009800E-003 2.448000E-004 1.244400E-003   9	  322	  458	  480	  442	  240	   72	  481	  219	  511	    0	    0	  825	  119	  818	  812	  617	  238	  967	  574	  751
   390 3.213000E-004 6.120000E-005 4.080000E-005   5	  420	  503	  236	  233	  419	    0	    0	  704	  419	  376	  589	  971
   391 1.224000E-004 9.690000E-005 1.116900E-003   7	  416	  397	  414	  376	  363	  523	  386	    0	    0	  920	  972	  734	  606	  551	  872	  878
   392 1.836000E-004 3.978000E-004 1.331100E-003   2	  525	  279	    0	    0	  975	  538
   393 7.038000E-004 1.142400E-003 7.650000E-004   7	  544	  383	  320	  304	   48	   18	  248	    0	    0	  976	  863	  819	  759	  212	  168	  264
   394 7.140000E-004 7.191000E-004 4.182000E-004   6	  180	  155	  432	  474	  510	  461	    0	    0	  469	  385	  757	  814	  748	  984
   395 1.071000E-004 8.415000E-004 2.550000E-004   9	  405	  427	  369	  510	  370	  306	  424	  271	  428	    0	    0	  941	  986	  726	  988	  659	  656	  647	  675	  987
   396 3.162000E-004 1.504500E-003 3.876000E-004   2	  449	  499	    0	    0	  989	  970
   397 7.140000E-005 1.683000E-004 1.137300E-003   7	  523	  363	  376	  391	   80	  386	  533	    0	    0	  990	  275	  274	  972	  260	  961	  856
   398 1.122000E-003 9.945000E-004 3.366000E-004   4	  535	  310	  482	   19	    0	    0	  991	  790	  865	   88
   399 9.384000E-004 1.683000E-004 1.035300E-003   5	  458	  481	  480	  511	  297	    0	    0	  820	  807	  527	  996	  746
   400 4.335000E-004 1.504500E-003 3.162000E-004   5	  556	  557	  187	  499	  449	    0	    0	  997	  954	  477	  639	  874
   401 5.406000E-004 9.333000E-004 9.486000E-004   4	  547	  543	  455	  444	    0	    0	  999	  431	  982	  712
   402 1.224000E-004 9.537000E-004 4.641000E-004   7	  352	  489	  493	  425	  290	  485	  510	    0	    0	  887	 1000	 1001	  922	  700	  536	  593
   403 1.412700E-003 8.466000E-004 1.101600E-003   2	  530	  545	    0	    0	 1002	  979
   404 1.341300E-003 1.366800E-003 6.681000E-004   2	  411	  522	    0	    0	 1003	  771
   405 1.173000E-004 8.262000E-004 1.836000E-004   6	  395	  427	  277	  428	  510	  271	    0	    0	  941	  859	  682	  709	 1004	  660
   406 1.422900E-003 3.060000E-005 1.494300E-003   3	  520	  434	    0	    0	    1	  974	 1009	   37
   407 3.060000E-005 1.275000E-004 3.009000E-004   3	  167	   -1	  534	    1	    0	  441	   36	 1012
   408 6.477000E-004 1.938000E-004 9.078000E-004   3	  549	  540	  511	    0	    0	  985	 1014	 1013
   409 8.262000E-004 1.422900E-003 6.273000E-004   3	  477	  535	  492	    0	    0	  998	 1015	 1016
   410 1.402500E-003 2.040000E-005 8.364000E-004   1	  520	    0	    0	 1017
   411 1.387200E-003 1.315800E-003 6.171000E-004   6	  404	  431	    5	  535	    0	  384	    0	    1	 1003	  646	  117	 1018	   35	  958
   412 9.486000E-004 2.958000E-004 2.907000E-004   4	  550	  368	  372	  551	    0	    0	 1028	  779	  780	  436
   413 7.446000E-004 9.282000E-004 5.355000E-004   2	  461	  555	    0	    0	  791	 1029
   414 1.938000E-004 2.550000E-005 1.076100E-003  10	  315	  376	  416	  391	  174	  346	  375	  439	  371	  213	    0	    0	  435	   94	 1030	  734	  461	  870	  853	  717	  932	  434
   415 9.486000E-004 1.060800E-003 7.956000E-004   5	  320	  151	  248	  336	  554	    0	    0	  784	  403	  567	  842	 1031
   416 1.377000E-004 2.550000E-005 1.162800E-003   4	  391	  523	  414	  315	    0	    0	  920	 1032	 1030	  524
   417 7.395000E-004 6.681000E-004 7.497000E-004   6	   41	  555	  337	  423	  298	  255	    0	    0	  102	 1033	  845	  921	  754	  569
   418 6.885000E-004 7.497000E-004 1.030200E-003   5	  455	  379	  555	  313	  547	    0	    0	  917	  541	 1034	  799	 1035
   419 2.754000E-004 1.224000E-004 2.550000E-005   4	  339	  518	  390	  420	    0	    0	  849	 1021	  971	 1041
   420 1.173000E-004 6.120000E-005 4.080000E-005  10	  453	  289	  328	  390	  284	   42	   -1	  245	  339	  419	    1	    0	  805	  730	  832	  704	  693	  187	   34	  623	  848	 1041
   421 5.202000E-004 2.091000E-004 1.157700E-003   6	  511	  490	  537	  438	  496	  331	    0	    0	  980	  944	  526	  855	 1043	  836
   422 8.823000E-004 4.794000E-004 5.355000E-004   3	  538	  465	  506	    0	    0	 1050	 1049	 1048
   423 7.497000E-004 7.752000E-004 7.242000E-004   4	  432	  555	  417	  426	    0	    0	  943	 1051	  921	  552
   424 3.570000E-005 8.058000E-004 3.825000E-004   9	  425	  177	  370	  369	  276	  395	  493	  510	   -1	    1	    0	 1054	  465	  930	  866	  681	  647	  500	 1020	   33
   425 6.120000E-005 8.568000E-004 4.182000E-004   7	  424	  493	  402	  276	  510	  290	  489	    0	    0	 1054	  937	  922	  680	  747	  298	  815
   426 6.834000E-004 8.160000E-004 8.160000E-004   4	  454	  555	  444	  423	    0	    0	  973	 1055	  611	  552
   427 1.326000E-004 9.537000E-004 2.091000E-004   9	  428	  493	  489	  395	  405	  381	  460	  271	  306	    0	    0	 1057	  983	 1052	  986	  859	   99	  703	  673	  657
   428 1.734000E-004 9.486000E-004 2.652000E-004   7	  427	  489	  306	  493	  405	  395	  271	    0	    0	 1057	 1056	  649	 1058	  709	  987	  602
   429 7.395000E-004 3.621000E-004 2.856000E-004   5	  474	  551	  538	  238	  450	    0	    0	  915	 1059	  939	  129	 1042
   430 5.610000E-004 4.488000E-004 1.030200E-003   5	  382	  512	  244	  490	  511	    0	    0	  956	 1060	  525	 1061	 1046
   431 1.422900E-003 1.173000E-003 7.905000E-004   6	  411	    0	    5	  554	  552	  117	    0	    1	  646	   32	  123	  857	 1063	  335
   432 8.058000E-004 7.446000E-004 6.069000E-004   8	  555	  423	  194	  327	  195	  451	  394	  473	    0	    0	  914	  943	  268	  831	  445	  876	  757	 1074
   433 2.397000E-004 2.907000E-004 8.466000E-004   7	  242	   90	  241	  533	  491	  534	  247	    0	    0	  271	  255	  250	 1075	  952	 1076	  625
   434 1.494300E-003 2.805000E-004 1.494300E-003   3	  520	  406	    0	    0	    1	 1077	 1009	   31
   435 6.375000E-004 3.417000E-004 1.494300E-003   3	  497	  536	  496	    0	    0	 1079	 1080	 1081
   436 6.987000E-004 1.463700E-003 4.488000E-004   5	  467	  535	  557	  472	  476	    0	    0	 1071	 1067	 1023	 1039	 1084
   437 9.384000E-004 4.029000E-004 1.336200E-003   6	  322	  511	  240	  536	  442	  459	    0	    0	  609	  421	  122	  794	  753	 1085
   438 4.641000E-004 3.570000E-005 1.127100E-003   5	  439	   64	  331	  421	  273	    0	    0	 1088	  230	  811	  855	  418
   439 3.825000E-004 3.060000E-005 1.106700E-003   3	  438	  371	  414	    0	    0	 1088	  755	  717
   440 4.488000E-004 6.171000E-004 9.843000E-004   7	  302	  312	  517	  491	  257	  382	  456	    0	    0	  544	  796	  556	  724	  635	  873	 1089
   441 1.060800E-003 1.377000E-004 1.377000E-003   7	  210	  442	   62	  481	  341	   34	  343	    0	    0	  531	 1091	  227	 1008	  861	  195	  867
   442 1.132200E-003 4.080000E-004 1.351500E-003   5	  527	  441	  389	  240	  437	    0	    0	 1047	 1091	  812	  618	  753
   443 1.479000E-003 5.049000E-004 5.712000E-004   7	  345	  507	  530	  463	    0	  193	  206	    0	    1	  869	 1095	 1040	  258	   30	  300	  497
   444 5.967000E-004 9.384000E-004 7.905000E-004   8	  455	  215	  401	  426	  445	  544	  454	  555	    0	    0	  981	   87	  712	  611	 1098	 1045	  864	 1062
   445 6.069000E-004 9.384000E-004 6.987000E-004   4	  544	  444	  462	  555	    0	    0	  902	 1098	 1086	 1097
   446 8.364000E-004 9.078000E-004 1.499400E-003   2	  528	  500	    0	    0	 1099	  912
   447 1.116900E-003 5.763000E-004 3.978000E-004   2	  506	  502	    0	    0	 1100	 1101
   448 1.264800E-003 5.610000E-004 5.610000E-005   3	  209	  513	  463	    0	    0	  505	 1092	 1102
   449 4.029000E-004 1.489200E-003 4.488000E-004   6	  515	  396	  499	  334	  400	  557	    0	    0	 1053	  989	  516	  840	  874	 1104
   450 7.089000E-004 4.692000E-004 2.193000E-004   7	  452	  230	  377	  538	  518	  429	  474	    0	    0	  953	  566	  942	  911	  355	 1042	 1105
   451 8.517000E-004 5.916000E-004 5.712000E-004   8	  507	  194	  337	  432	  195	  473	  506	  465	    0	    0	  978	  366	  844	  876	  484	 1070	 1083	 1109
   452 7.446000E-004 4.794000E-004 4.590000E-005   9	  479	  450	  133	  377	  275	  518	  321	  108	  212	    0	    0	 1110	  953	  357	  375	  297	  246	  638	  324	  540
   453 1.734000E-004 1.581000E-004 1.836000E-004   6	  518	  420	  261	  146	  503	  339	    0	    0	 1113	  805	  661	  397	  781	  720
   454 5.712000E-004 7.701000E-004 8.517000E-004   7	  426	  215	   89	  444	  456	  555	  455	    0	    0	  973	   86	  285	  864	  716	  940	 1115
   455 5.559000E-004 7.650000E-004 9.384000E-004   7	  444	  418	  547	  401	  379	  454	  456	    0	    0	  981	  917	 1093	  982	  822	 1115	 1116
   456 4.692000E-004 7.701000E-004 9.639000E-004   7	  302	  312	  379	  547	  454	  440	  455	    0	    0	  172	  797	  758	  955	  716	 1089	 1116
   457 1.035300E-003 7.599000E-004 6.222000E-004   5	    3	  554	  507	  555	  473	    0	    0	  109	 1026	 1065	  858	 1117
   458 1.065900E-003 1.326000E-004 1.091400E-003   7	  505	  399	  389	  480	  297	  361	  481	    0	    0	 1011	  820	  119	 1119	  528	  910	 1064
   459 8.823000E-004 4.743000E-004 1.300500E-003   4	  511	  536	  546	  437	    0	    0	  542	 1120	 1005	 1085
   460 1.887000E-004 1.178100E-003 1.938000E-004   6	  208	  381	  493	  494	  427	  556	    0	    0	  256	  949	  860	 1078	  703	 1121
   461 7.854000E-004 8.517000E-004 3.519000E-004   7	  413	  475	  323	  557	  474	  394	  462	    0	    0	  791	  913	  813	  425	  645	  984	 1123
   462 5.916000E-004 9.333000E-004 4.845000E-004   7	  510	  555	  180	  152	  557	  445	  461	    0	    0	 1087	  648	  456	  404	  905	 1086	 1123
   463 1.326000E-003 5.253000E-004 2.091000E-004   9	  368	  443	  349	  193	    0	  468	  513	  448	  488	    0	    1	  514	  258	  596	  454	   29	  499	 1124	 1102	  899
   464 3.570000E-005 7.038000E-004 5.610000E-004   5	  529	   -1	  258	  276	   46	    1	    0	 1125	   28	  369	  539	  208
   465 8.364000E-004 5.559000E-004 5.100000E-004   7	  538	  506	  367	  474	  194	  422	  451	    0	    0	 1127	 1094	  928	  710	  359	 1049	 1109
   466 1.494300E-003 1.025100E-003 1.361700E-003   4	  259	  509	    0	  307	    0	    1	  642	 1129	   27	  722
   467 7.038000E-004 1.422900E-003 3.060000E-004  10	  318	  436	  326	  293	  179	  260	  535	  256	  231	  557	    0	    0	  804	 1071	  782	  521	  101	  121	  698	  358	  587	 1133
   468 1.071000E-003 7.446000E-004 6.630000E-005   9	   83	  199	  308	  483	  149	  484	  209	  463	  535	    0	    0	  270	  120	   84	 1135	  252	 1134	   92	  499	 1019
   469 1.218900E-003 8.160000E-005 4.029000E-004   4	  550	  488	  100	  348	    0	    0	  901	 1137	  310	  607
   470 1.275000E-004 6.375000E-004 1.157700E-003   5	  533	  335	  495	  517	  547	    0	    0	 1138	  653	 1139	 1096	 1107
   471 1.086300E-003 3.774000E-004 6.324000E-004   5	  362	  347	  550	  506	  507	    0	    0	  923	  879	 1141	 1126	 1140
   472 6.528000E-004 1.479000E-003 5.763000E-004   3	  436	  477	  476	    0	    0	 1039	 1142	 1143
   473 9.639000E-004 7.242000E-004 5.814000E-004  11	  358	  555	  502	  128	  506	  554	  451	  327	  432	  457	  507	    0	    0	  895	  938	  965	  348	  900	   89	 1070	  612	 1074	 1117	 1144
   474 6.783000E-004 5.406000E-004 3.468000E-004  12	  538	  429	  465	  377	  475	  150	  230	  155	  461	  394	  450	  519	    0	    0	 1146	  915	  710	  501	  262	  263	  562	   91	  645	  814	 1105	 1111
   475 8.313000E-004 7.242000E-004 2.295000E-004   7	  483	  484	  254	  461	  474	  479	  265	    0	    0	 1147	 1010	  632	  913	  262	 1072	  280
   476 6.120000E-004 1.438200E-003 5.100000E-004   4	  436	  477	  472	  557	    0	    0	 1084	 1118	 1143	 1149
   477 6.681000E-004 1.463700E-003 6.834000E-004   6	  543	  409	  492	  544	  476	  472	    0	    0	 1152	  998	  715	  966	 1118	 1142
   478 7.599000E-004 1.183200E-003 3.570000E-005   5	  380	  360	  118	  557	  535	    0	    0	  919	  909	  336	  907	 1153
   479 7.854000E-004 6.630000E-004 3.570000E-005   6	  452	  280	  475	  360	  483	  265	    0	    0	 1110	  687	 1072	  697	 1158	  667
   480 1.127100E-003 2.142000E-004 1.101600E-003   9	  297	  511	  399	  458	  389	   66	  520	  481	  505	    0	    0	  714	  806	  527	 1119	  818	  231	 1159	  502	 1114
   481 8.925000E-004 9.690000E-005 1.234200E-003  14	  399	  169	  497	  361	  341	  441	   58	  389	  496	  219	  511	  480	  322	  458	    0	    0	  807	  446	 1130	  810	  356	 1008	  223	  967	  750	  575	 1160	  502	  728	 1064
   482 1.162800E-003 1.014900E-003 5.661000E-004   5	  137	  113	  554	  398	  535	    0	    0	  382	  330	 1161	  865	  597
   483 9.129000E-004 7.293000E-004 6.630000E-005   9	  475	  280	  162	  468	  308	  199	  295	  479	  484	    0	    0	 1147	  686	  414	 1135	  788	  429	  517	 1158	 1162
   484 1.009800E-003 7.395000E-004 1.428000E-004  11	  475	   79	  149	  295	  308	  359	  502	  468	  483	  178	   67	    0	    0	 1010	  257	  159	  508	  507	  554	  993	 1134	 1162	  466	  233
   485 5.610000E-005 1.244400E-003 4.743000E-004  12	  270	  493	  124	  515	  352	  494	  499	  402	  287	  489	   -1	  498	    1	    0	  672	  969	  344	  773	  462	 1163	   93	  536	  665	  592	   26	 1150
   486 3.468000E-004 4.233000E-004 1.402500E-003   5	  496	  537	  525	  514	  385	    0	    0	   85	 1066	 1151	 1166	  960
   487 1.096500E-003 3.111000E-004 4.590000E-005   3	  344	  275	  488	    0	    0	  868	  679	 1167
   488 1.178100E-003 2.907000E-004 2.550000E-004   5	  469	  487	  368	  349	  463	    0	    0	 1137	 1167	  760	  882	  899
   489 2.499000E-004 9.690000E-004 3.876000E-004  16	  428	  510	  427	  352	  271	  152	  402	  306	  135	  425	  124	   30	  485	  290	  493	  557	    0	    0	 1056	  977	 1052	  886	  641	   90	 1000	  769	  367	  815	  343	  188	  592	  103	 1106	 1168
   490 4.590000E-004 3.468000E-004 1.106700E-003   8	  511	  421	  512	  382	  331	  430	  491	  537	    0	    0	  992	  944	  994	  126	  785	 1061	 1169	 1082
   491 3.672000E-004 3.672000E-004 9.996000E-004   6	  533	  517	  382	  433	  440	  490	    0	    0	 1154	  916	  127	  952	  724	 1169
   492 8.568000E-004 1.326000E-003 6.069000E-004   3	  477	  409	  535	    0	    0	  715	 1016	 1170
   493 1.020000E-004 1.076100E-003 2.856000E-004  17	  427	  381	  428	  402	  485	  425	  290	  424	  460	  306	  494	  352	   75	   -1	  369	  370	  489	    1	    0	  983	  950	 1058	 1001	  969	  937	  736	  500	  860	  668	 1171	  888	  241	   25	  918	  244	 1106
   494 9.690000E-005 1.198500E-003 2.805000E-004   5	  460	   -1	  493	  485	  498	    1	    0	 1078	   24	 1171	 1163	 1108
   495 3.570000E-005 6.222000E-004 1.167900E-003   7	    8	    4	  547	   -1	  470	  335	  533	    1	    0	  135	  115	  809	   23	 1139	  841	 1173
   496 5.406000E-004 1.122000E-004 1.428000E-003  12	  537	  486	  536	  511	  211	  142	  525	  421	  435	  481	  497	   64	    0	    0	  778	   85	 1027	  897	  537	  391	  696	 1043	 1081	  750	 1175	  229
   497 7.548000E-004 3.162000E-004 1.473900E-003   4	  435	  481	  536	  496	    0	    0	 1079	 1130	 1174	 1175
   498 9.180000E-005 1.371900E-003 3.060000E-004   6	   -1	   53	  332	  499	  494	  485	    1	    0	   22	  217	  837	 1178	 1108	 1150
   499 2.193000E-004 1.468800E-003 3.009000E-004   7	  449	  332	  485	  400	  498	  396	  556	    0	    0	  516	  793	   93	  639	 1178	  970	 1103
   500 1.055700E-003 9.078000E-004 1.371900E-003   5	  446	  546	   14	   39	  545	    0	    0	  912	  643	  147	  201	 1180
   501 9.384000E-004 1.193400E-003 1.127100E-003  12	  545	  197	  296	  281	  154	  552	  122	  378	  554	  292	  521	  543	    0	    0	  713	  488	  744	  655	  174	 1176	  341	  945	 1069	  739	 1024	 1181
   502 1.060800E-003 6.630000E-004 3.927000E-004  10	  367	  249	  165	  507	  473	  484	    9	   82	  447	  506	    0	    0	  777	  627	  430	 1025	  965	  993	  128	  267	 1101	 1182
   503 3.570000E-004 5.100000E-005 3.366000E-004   9	  541	  309	  236	  201	  518	  390	   47	  453	  534	    0	    0	 1184	  789	  595	  492	  995	  419	  209	  781	 1036
   504 1.351500E-003 8.721000E-004 1.443300E-003   5	  319	   59	  545	  307	  527	    0	    0	  247	  224	 1185	  776	 1022
   505 1.239300E-003 7.650000E-005 1.035300E-003   4	  458	  361	  480	  520	    0	    0	 1011	  711	 1114	 1186
   506 1.055700E-003 4.692000E-004 5.151000E-004  12	  465	  367	  473	  340	  538	  550	  422	  451	  447	  471	  507	  502	    0	    0	 1094	  927	  900	  850	 1038	 1112	 1048	 1083	 1100	 1126	 1187	 1182
   507 1.224000E-003 5.406000E-004 6.324000E-004  11	  451	  502	  443	  457	  358	  530	  531	  471	  473	  532	  506	    0	    0	  978	 1025	 1095	 1065	  533	 1128	  906	 1140	 1144	 1188	 1187
   508 9.078000E-004 1.076100E-003 6.120000E-004   5	  535	   24	  554	  320	  555	    0	    0	 1189	  180	  362	  571	  898
   509 1.433100E-003 1.004700E-003 1.234200E-003   5	  552	    0	  466	  353	  545	    0	    1	  903	   21	 1129	  890	 1190
   510 3.213000E-004 6.273000E-004 4.743000E-004  39	  489	  351	  355	  274	  350	  354	  223	  180	  155	  228	  183	  462	  395	  364	  306	  298	  357	  222	  123	  110	  324	  277	  425	  214	  203	  405	  145	  370	  374	  424	  215	  258	  373	  250	  394	  402	  271	  529	  519	    0	    0	  977	  884	  792	  678	  652	  640	  579	  427	  408	  354	  353	 1087	  988	  925	  770	  702	  775	  565	  342	  328	  266	  683	  747	  145	  493	 1004	  395	  610	  935	 1020	  522	  636	  852	  628	  748	  593	  674	 1172	 1192
   511 8.211000E-004 3.264000E-004 1.081200E-003  21	  549	  490	  421	  480	  297	  235	  459	  496	  399	  437	   81	  408	  531	  389	  322	  481	   65	  430	  536	  537	  512	    0	    0	 1156	  992	  980	  806	  745	  594	  542	  897	  996	  421	   97	 1013	 1090	  751	  756	 1160	  186	 1046	 1122	 1179	 1194
   512 6.324000E-004 4.998000E-004 1.111800E-003   8	  537	  244	  192	   23	  430	  490	  382	  511	    0	    0	 1195	  558	  482	  179	 1060	  994	  523	 1194
   513 1.453500E-003 6.324000E-004 7.140000E-005   4	  535	    0	  463	  448	    0	    1	 1196	   20	 1124	 1092
   514 3.927000E-004 5.508000E-004 1.407600E-003   4	  186	  547	  537	  486	    0	    0	  475	  701	 1198	 1166
   515 2.958000E-004 1.371900E-003 8.415000E-004   9	  449	  239	  270	  334	  485	  557	  287	  516	  543	    0	    0	 1053	  616	  561	  839	  773	 1006	  723	 1200	 1132
   516 5.610000E-005 1.433100E-003 1.157700E-003   5	  524	   69	   -1	   10	  515	    1	    0	  908	  235	   19	  149	 1200
   517 3.315000E-004 6.171000E-004 1.137300E-003   7	  491	  547	  533	  537	   61	  440	  470	    0	    0	  916	 1201	  601	  420	  226	  556	 1096
   518 4.233000E-004 3.213000E-004 2.244000E-004  15	  453	  321	  519	  317	  272	  377	  111	  225	  503	  419	  452	  339	  188	  450	  541	    0	    0	 1113	  824	 1202	  803	  416	  277	  327	  581	  995	 1021	  246	  731	  478	  355	 1157
   519 4.233000E-004 4.794000E-004 3.825000E-004  13	  518	  538	  354	  294	  272	  155	  541	  373	  196	  291	  364	  474	  510	    0	    0	 1202	  968	  891	  741	  676	  131	  650	  851	  417	  737	  904	 1111	 1192
   520 1.422900E-003 1.632000E-004 1.106700E-003  12	  434	  406	  285	  286	   51	    0	  527	  531	  410	  480	  546	  505	    0	    1	 1077	  974	  695	  459	  215	   18	 1204	  699	 1017	 1159	 1037	 1186
   521 6.375000E-004 1.356600E-003 1.463700E-003   8	  543	  292	  548	  204	  524	  528	  501	  553	    0	    0	 1131	  444	 1206	  495	  637	  951	 1024	 1164
   522 1.030200E-003 1.473900E-003 5.304000E-004   4	  282	  207	  535	  404	    0	    0	  689	  453	 1207	  771
   523 5.100000E-005 5.100000E-005 1.295400E-003   8	  397	   -1	  416	  376	  315	  391	  525	  526	    1	    0	  990	   17	 1032	  550	  705	  872	 1205	 1208
   524 1.122000E-004 1.315800E-003 1.387200E-003  10	  516	  547	   -1	  185	   98	  157	  521	   69	  543	  539	    1	    0	  908	 1209	   16	  474	  303	  410	  637	  164	 1007	 1199
   525 1.020000E-004 2.601000E-004 1.422900E-003   9	  392	  279	  253	   -1	  486	  496	  127	  526	  523	    1	    0	  975	  685	  631	   15	 1151	  696	  347	 1210	 1205
   526 5.100000E-005 6.120000E-005 1.463700E-003   3	   -1	  525	  523	    1	    0	   14	 1210	 1208
   527 1.280100E-003 5.457000E-004 1.285200E-003  10	  545	  442	  319	  218	   70	  200	  285	  520	  504	  546	    0	    0	 1203	 1047	  817	  573	  236	  146	  707	 1204	 1022	 1211
   528 7.038000E-004 9.792000E-004 1.468800E-003   9	  446	  224	  156	  536	  263	  548	  547	  147	  521	    0	    0	 1099	  547	  279	 1068	  664	 1213	 1073	  398	  951
   529 7.140000E-005 4.590000E-004 6.732000E-004  11	  533	  534	  464	  183	  350	  252	  247	  262	   -1	  246	  510	    1	    0	 1214	 1197	 1125	  448	  732	  630	  460	  663	   13	  293	 1172
   530 1.448400E-003 6.579000E-004 8.721000E-004   9	  532	  403	  545	  443	    0	  286	  507	  554	  531	    0	    1	 1215	 1002	  515	 1040	   12	  708	 1128	 1155	 1212
   531 1.193400E-003 6.426000E-004 9.690000E-004   8	  532	  520	  546	  511	  555	  507	  554	  530	    0	    0	 1217	  699	 1136	 1090	 1165	  906	 1193	 1212
   532 1.259700E-003 6.630000E-004 8.670000E-004   4	  530	  531	  554	  507	    0	    0	 1215	 1217	 1216	 1188
   533 7.650000E-005 4.233000E-004 9.435000E-004  16	  529	  491	   -1	  534	  470	  386	  247	  517	  433	  251	  397	  246	  350	  495	  237	  363	    1	    0	 1214	 1154	   11	 1218	 1138	  962	  570	  601	 1075	  598	  856	  624	  774	 1173	  104	  877
   534 1.683000E-004 1.377000E-004 6.426000E-004  17	  529	  540	  119	  533	  278	  247	  407	  350	  173	   -1	  388	  300	  220	  433	  387	  303	  503	    1	    0	 1197	 1044	  337	 1218	  684	  304	 1012	  883	  378	   10	  963	  763	  576	 1076	  762	  766	 1036
   535 1.086300E-003 1.244400E-003 1.989000E-004  28	  557	  513	  158	  162	  508	  398	  359	  305	  283	  409	  207	  329	  522	   52	  467	  411	   19	    0	  282	  293	  468	  436	    2	  114	  482	  260	  478	  492	    0	    1	 1219	 1196	  411	  171	 1189	  991	  896	  768	  691	 1015	  442	  833	 1207	  216	  698	 1018	  169	    9	  690	  740	 1019	 1067	  105	  332	  597	  658	 1153	 1170
   536 7.344000E-004 4.794000E-004 1.428000E-003  11	  496	  226	  528	  459	  435	  497	  437	  227	   76	  511	  537	    0	    0	 1027	  360	 1068	 1120	 1080	 1174	  794	  583	  242	 1122	 1221
   537 5.763000E-004 5.508000E-004 1.295400E-003  12	  512	  496	  486	  421	   44	  517	  514	  547	  385	  490	  511	  536	    0	    0	 1195	  778	 1066	  526	  206	  420	 1198	 1183	  959	 1082	 1179	 1221
   538 7.242000E-004 4.182000E-004 4.998000E-004  11	  465	  474	  422	  519	  429	  541	  450	  506	  551	  373	  550	    0	    0	 1127	 1146	 1050	  968	  939	  604	  911	 1038	 1222	  261	 1148
   539 4.743000E-004 1.259700E-003 1.208700E-003   3	  543	  524	  547	    0	    0	 1223	 1199	 1191
   540 5.610000E-004 1.071000E-004 6.477000E-004  11	  534	  408	  330	  309	  303	  220	  164	   11	  541	   49	  549	    0	    0	 1044	 1014	  834	  727	  503	  144	  133	  152	 1225	  213	 1220
   541 5.712000E-004 2.346000E-004 4.947000E-004   9	  503	  309	  519	  291	  294	  538	  551	  540	  518	    0	    0	 1184	  654	  650	  519	  608	  604	 1224	 1225	 1157
   542 7.803000E-004 1.122000E-004 2.244000E-004   3	  321	  233	  551	    0	    0	  651	   83	 1226
   543 6.375000E-004 1.382100E-003 9.537000E-004  13	  477	  547	  172	  521	  401	   31	  544	  232	  338	  524	  539	  515	  501	    0	    0	 1152	 1145	  272	 1131	  431	  190	 1227	  588	  847	 1007	 1223	 1132	 1181
   544 6.273000E-004 1.193400E-003 8.670000E-004  13	  393	  383	  304	  248	  555	  557	  543	  172	  320	  445	  365	  444	  477	    0	    0	  976	  957	  767	  548	  644	 1177	 1227	  457	  535	  902	  816	 1045	  966
   545 1.259700E-003 8.313000E-004 1.254600E-003  13	  527	  403	  501	  530	  171	  552	  554	  504	  546	  154	  353	  500	  509	    0	    0	 1203	  979	  713	  515	  259	  509	  808	 1185	 1228	  380	  889	 1180	 1190
   546 1.142400E-003 7.038000E-004 1.188300E-003   9	  500	  226	  545	   57	  531	  459	  520	  200	  527	    0	    0	  643	  518	 1228	  222	 1136	 1005	 1037	  491	 1211
   547 4.182000E-004 8.466000E-004 1.208700E-003  23	  543	  401	  338	  163	  455	  524	  517	  495	  514	   25	   35	   98	  325	  224	  537	  456	  125	  548	  528	  379	  418	  470	  539	    0	    0	 1145	  999	  821	  415	 1093	 1209	 1201	  809	  701	  181	  197	  106	  829	  580	 1183	  955	  345	 1229	 1073	  946	 1035	 1107	 1191
   548 5.508000E-004 1.081200E-003 1.438200E-003   3	  521	  528	  547	    0	    0	 1206	 1213	 1229
   549 8.313000E-004 7.140000E-005 6.936000E-004   5	  511	  408	  550	  330	  540	    0	    0	 1156	  985	 1230	  835	 1220
   550 9.588000E-004 1.683000E-004 5.202000E-004  10	  551	  469	  412	  348	  372	  506	  549	  347	  471	  538	    0	    0	 1231	  901	 1028	   96	  933	 1112	 1230	  880	 1141	 1148
   551 7.803000E-004 2.193000E-004 3.723000E-004   8	  550	  429	  112	  238	  412	  542	  538	  541	    0	    0	 1231	 1059	  108	  615	  436	 1226	 1222	 1224
   552 1.320900E-003 1.438200E-003 1.203600E-003  12	  553	  509	  259	  316	  269	  545	  501	  333	    0	  296	  353	  431	    0	    1	 1232	  903	  564	  802	  671	  509	 1176	  838	    8	  512	  854	 1063
   553 1.249500E-003 1.428000E-003 1.453500E-003   6	  552	  333	  259	    0	  292	  521	    0	    1	 1232	  787	  560	    7	  738	 1164
   554 1.091400E-003 9.129000E-004 8.313000E-004  16	  365	  366	  555	  457	  189	  545	  532	  336	  431	  473	  482	  508	  501	  415	  530	  531	    0	    0	  603	  549	 1233	 1026	  479	  808	 1216	  600	  857	   89	 1161	  362	 1069	 1031	 1155	 1193
   555 8.976000E-004 7.905000E-004 8.517000E-004  26	  432	  313	  554	  413	  426	  418	  417	  473	  311	  288	  109	   54	   89	  544	  423	  462	  130	  102	  457	  366	  531	   81	  508	  454	  444	  445	    0	    0	  914	  798	 1233	 1029	 1055	 1034	 1033	  938	  749	  729	  325	  218	  165	  644	 1051	  648	  350	  143	  858	  752	 1165	  265	  898	  940	 1062	 1097
   556 4.284000E-004 1.433100E-003 9.180000E-005  11	  400	  380	  187	   32	  557	   -1	  208	  118	   56	  499	  460	    1	    0	  997	  947	  432	  191	 1234	    6	  504	  193	  219	 1103	 1121
   557 5.712000E-004 1.280100E-003 3.315000E-004  19	  535	    7	  380	  400	  326	   56	  544	  461	  556	  152	  462	  478	  515	  187	  436	  449	  467	  476	  489	    0	    0	 1219	  118	  948	  954	  830	  221	 1177	  425	 1234	  317	  905	  907	 1006	  476	 1023	 1104	 1133	 1149	 1168
   558 1.147500E-003 8.466000E-004 5.610000E-005   0	    0	    0
   559 9.537000E-004 2.805000E-004 2.193000E-004   0	    0	    0
   560 5.100000E-006 3.468000E-004 2.346000E-004   1	   -1	    1	    0	    5
   561 5.100000E-006 4.182000E-004 2.754000E-004   1	   -1	    1	    0	    4
   562 4.080000E-005 4.437000E-004 3.162000E-004   0	    0	    0
   563 1.392300E-003 6.375000E-004 3.315000E-004   0	    0	    0
   564 7.905000E-004 9.945000E-004 3.876000E-004   0	    0	    0
   565 2.448000E-004 5.151000E-004 4.692000E-004   0	    0	    0
   566 1.371900E-003 1.519800E-003 4.845000E-004   0	    0	    0
   567 1.463700E-003 8.517000E-004 5.457000E-004   0	    0	    0
   568 1.300500E-003 1.137300E-003 6.120000E-004   0	    0	    0
   569 7.038000E-004 8.007000E-004 6.732000E-004   0	    0	    0
   570 1.152600E-003 7.803000E-004 7.191000E-004   0	    0	    0
   571 4.794000E-004 2.295000E-004 7.497000E-004   0	    0	    0
   572 1.530000E-004 5.100000E-006 7.752000E-004   0	    0	    0
   573 5.916000E-004 2.142000E-004 7.956000E-004   0	    0	    0
   574 6.834000E-004 5.661000E-004 8.211000E-004   0	    0	    0
   575 4.590000E-004 5.610000E-005 8.466000E-004   0	    0	    0
   576 4.233000E-004 1.173000E-004 8.466000E-004   0	    0	    0
   577 5.355000E-004 5.049000E-004 8.466000E-004   0	    0	    0
   578 4.080000E-004 6.630000E-005 8.517000E-004   0	    0	    0
   579 4.743000E-004 1.224000E-004 8.517000E-004   0	    0	    0
   580 4.539000E-004 1.989000E-004 8.517000E-004   0	    0	    0
   581 3.672000E-004 4.335000E-004 8.874000E-004   0	    0	    0
   582 5.049000E-004 5.814000E-004 8.874000E-004   0	    0	    0
   583 3.774000E-004 3.876000E-004 8.925000E-004   0	    0	    0
   584 9.843000E-004 4.029000E-004 9.282000E-004   0	    0	    0
   585 1.300500E-003 8.772000E-004 9.894000E-004   0	    0	    0
   586 1.060800E-003 4.080000E-004 1.035300E-003   0	    0	    0
   587 3.417000E-004 1.280100E-003 1.040400E-003   0	    0	    0
   588 2.040000E-005 4.233000E-004 1.239300E-003   1	   -1	    1	    0	    3
   589 1.530000E-005 4.488000E-004 1.269900E-003   1	   -1	    1	    0	    2
   590 1.428000E-004 8.568000E-004 1.280100E-003   0	    0	    0
   591 1.208700E-003 1.198500E-003 1.285200E-003   0	    0	    0
   592 7.854000E-004 3.417000E-004 1.331100E-003   0	    0	    0
   593 1.989000E-004 1.530000E-004 1.371900E-003   0	    0	    0
   594 2.091000E-004 1.989000E-004 1.377000E-003   0	    0	    0
   595 1.519800E-003 1.234200E-003 1.382100E-003   1	    0	    0	    1	    1
   596 4.692000E-004 1.484100E-003 1.407600E-003   0	    0	    0
   597 6.630000E-005 1.422900E-003 1.489200E-003   0	    0	    0
