     1 1.353040E-014 5.899790E-007 3.096502E-002 0.000000E+000
     2 2.082621E-014 7.166429E-006 2.957863E-002 0.000000E+000
     3 4.510134E-015 6.519269E-006 3.926979E-002 0.000000E+000
     4 8.489664E-015 2.157855E-006 3.684371E-002 0.000000E+000
     5 8.622315E-015 2.557176E-006 3.232311E-002 0.000000E+000
     6 9.020268E-015 8.125294E-007 3.075757E-002 0.000000E+000
     7 5.571342E-015 4.594454E-006 2.940537E-002 0.000000E+000
     8 2.918322E-014 5.989213E-006 1.992824E-002 0.000000E+000
     9 6.499899E-015 3.244629E-006 4.506794E-002 0.000000E+000
    10 2.533634E-014 1.118578E-005 3.030647E-002 0.000000E+000
    11 5.306040E-015 1.899917E-006 3.116749E-002 0.000000E+000
    12 3.448926E-015 1.783119E-006 3.245995E-002 0.000000E+000
    13 3.581577E-015 4.254083E-006 3.555511E-002 0.000000E+000
    14 9.404956E-014 9.346131E-006 2.857242E-002 0.000000E+000
    15 6.765201E-015 1.242289E-006 3.125422E-002 0.000000E+000
    16 1.207124E-014 9.821682E-006 3.211147E-002 0.000000E+000
    17 5.969295E-015 6.168057E-006 3.358616E-002 0.000000E+000
    18 5.969295E-015 5.091715E-006 3.727474E-002 0.000000E+000
    19 3.674433E-014 9.975811E-006 3.492992E-002 0.000000E+000
    20 6.234597E-015 6.221035E-006 3.117627E-002 0.000000E+000
    21 2.759141E-014 6.840141E-006 3.696789E-002 0.000000E+000
    22 3.846879E-015 7.021644E-006 3.487431E-002 0.000000E+000
    23 2.918322E-015 5.981507E-006 2.803786E-002 0.000000E+000
    24 5.703993E-015 6.517224E-006 3.092873E-002 0.000000E+000
    25 4.244832E-015 2.323336E-006 2.498590E-002 0.000000E+000
    26 3.448926E-015 5.698206E-006 2.848795E-002 0.000000E+000
    27 4.775436E-015 2.084421E-006 3.736459E-002 0.000000E+000
    28 2.122416E-014 6.066937E-006 3.489445E-002 0.000000E+000
    29 6.632550E-015 1.231652E-006 3.332836E-002 0.000000E+000
    30 3.183624E-015 5.778798E-006 3.248939E-002 0.000000E+000
    31 3.581577E-015 3.175900E-006 2.644305E-002 0.000000E+000
    32 4.112181E-015 3.887325E-006 4.939675E-002 0.000000E+000
    33 1.313245E-014 7.339424E-006 3.990818E-002 0.000000E+000
    34 5.438691E-015 9.892606E-007 3.902023E-002 0.000000E+000
    35 6.234597E-015 5.891509E-006 3.528965E-002 0.000000E+000
    36 3.979530E-015 1.486522E-006 3.507804E-002 0.000000E+000
    37 3.050973E-014 9.770371E-006 1.891121E-002 0.000000E+000
    38 1.989765E-015 6.069668E-006 2.005029E-002 0.000000E+000
    39 3.581577E-015 6.183194E-006 3.897560E-002 0.000000E+000
    40 2.520369E-015 3.113308E-006 2.913943E-002 0.000000E+000
    41 7.826409E-015 2.562454E-006 4.956942E-002 0.000000E+000
    42 7.428456E-015 2.029193E-006 2.136970E-002 0.000000E+000
    43 4.510134E-015 5.259241E-006 4.634372E-002 0.000000E+000
    44 3.316275E-015 2.527272E-006 2.362548E-002 0.000000E+000
    45 2.387718E-015 1.330041E-006 3.024061E-002 0.000000E+000
    46 9.418221E-015 6.282299E-007 3.577078E-002 0.000000E+000
    47 3.979530E-015 5.525156E-006 3.445247E-002 0.000000E+000
    48 3.846879E-015 4.106602E-006 3.556516E-002 0.000000E+000
    49 2.918322E-015 3.838642E-006 3.038349E-002 0.000000E+000
    50 4.112181E-015 4.472542E-006 3.727944E-002 0.000000E+000
    51 2.520369E-015 2.833892E-006 3.854580E-002 0.000000E+000
    52 1.286715E-014 6.723410E-006 2.844935E-002 0.000000E+000
    53 2.387718E-015 1.104627E-006 2.494153E-002 0.000000E+000
    54 1.989765E-015 6.361561E-006 2.455649E-002 0.000000E+000
    55 6.499899E-015 3.622228E-006 3.996907E-002 0.000000E+000
    56 3.846879E-015 3.979168E-006 2.670065E-002 0.000000E+000
    57 2.122416E-015 4.927666E-006 2.862167E-002 0.000000E+000
    58 2.653020E-015 6.776389E-006 3.760140E-002 0.000000E+000
    59 2.785671E-015 2.535454E-006 3.531330E-002 0.000000E+000
    60 3.183624E-015 4.373949E-006 2.250000E-002 0.000000E+000
    61 2.520369E-015 4.744798E-006 2.968132E-002 0.000000E+000
    62 3.581577E-015 3.033329E-006 3.659561E-002 0.000000E+000
    63 1.047943E-014 1.038353E-006 2.483634E-002 0.000000E+000
    64 7.693758E-015 3.274493E-006 3.725663E-002 0.000000E+000
    65 2.122416E-015 4.053624E-006 2.646234E-002 0.000000E+000
    66 4.642785E-015 1.184401E-006 3.563178E-002 0.000000E+000
    67 5.836644E-015 3.468611E-006 4.761156E-002 0.000000E+000
    68 1.180594E-014 1.167628E-006 3.157219E-002 0.000000E+000
    69 4.244832E-015 5.161876E-006 3.326525E-002 0.000000E+000
    70 4.510134E-015 4.764026E-006 3.358025E-002 0.000000E+000
    71 5.040738E-015 5.206672E-006 2.733237E-002 0.000000E+000
    72 5.836644E-015 6.244150E-006 3.915984E-002 0.000000E+000
    73 8.091711E-015 3.194514E-006 3.362923E-002 0.000000E+000
    74 8.091711E-015 2.481862E-006 4.647390E-002 0.000000E+000
    75 6.101946E-015 1.740368E-006 3.810307E-002 0.000000E+000
    76 6.632550E-015 3.248924E-006 3.534899E-002 0.000000E+000
    77 8.754966E-015 5.357598E-006 3.292809E-002 0.000000E+000
    78 2.918322E-015 1.661003E-006 2.993821E-002 0.000000E+000
    79 1.021413E-014 3.808166E-006 2.690269E-002 0.000000E+000
    80 1.207124E-014 4.451810E-006 3.164062E-002 0.000000E+000
    81 1.282735E-013 9.092801E-006 2.261388E-002 0.000000E+000
    82 1.299980E-014 7.835169E-006 2.542723E-002 0.000000E+000
    83 7.030503E-015 5.049927E-006 3.995782E-002 0.000000E+000
    84 1.127533E-014 6.851774E-006 3.379040E-002 0.000000E+000
    85 2.905057E-014 7.554282E-006 3.463090E-002 0.000000E+000
    86 9.020268E-015 2.125616E-006 2.849551E-002 0.000000E+000
    87 4.125446E-014 7.415008E-006 2.138415E-002 0.000000E+000
    88 7.295805E-015 5.186739E-006 3.528655E-002 0.000000E+000
    89 1.578547E-014 4.128760E-006 3.222953E-002 0.000000E+000
    90 6.897852E-015 5.006853E-006 3.667189E-002 0.000000E+000
    91 1.114268E-014 9.086556E-006 2.755187E-002 0.000000E+000
    92 2.321392E-014 5.340276E-006 5.401288E-002 0.000000E+000
    93 7.030503E-015 4.517656E-006 2.467044E-002 0.000000E+000
    94 5.969295E-015 6.946410E-006 2.565424E-002 0.000000E+000
    95 1.299980E-014 8.145003E-006 2.711583E-002 0.000000E+000
    96 2.706080E-014 9.657457E-006 2.424722E-002 0.000000E+000
    97 1.896909E-014 6.330315E-006 2.822245E-002 0.000000E+000
    98 2.255067E-014 5.924825E-006 3.267449E-002 0.000000E+000
    99 2.440778E-014 5.238641E-006 3.026478E-002 0.000000E+000
   100 9.550872E-015 1.115500E-005 3.739698E-002 0.000000E+000
   101 2.069356E-014 9.429286E-006 2.901606E-002 0.000000E+000
   102 2.281597E-014 1.116770E-005 3.258057E-002 0.000000E+000
   103 1.671403E-014 4.309670E-006 4.239429E-002 0.000000E+000
   104 1.220389E-014 5.510589E-006 2.545568E-002 0.000000E+000
   105 1.366305E-014 5.365932E-006 3.329390E-002 0.000000E+000
   106 6.897852E-015 7.323615E-006 4.764410E-002 0.000000E+000
   107 9.550872E-015 8.597988E-006 3.265986E-002 0.000000E+000
   108 1.114268E-014 5.782338E-006 2.720734E-002 0.000000E+000
   109 1.326510E-014 7.999162E-006 5.752925E-002 0.000000E+000
   110 6.367248E-015 3.864573E-006 3.591991E-002 0.000000E+000
   111 5.173389E-015 4.836608E-006 3.480071E-002 0.000000E+000
   112 1.684668E-014 2.986890E-006 3.246957E-002 0.000000E+000
   113 8.357013E-015 6.932052E-006 2.893246E-002 0.000000E+000
   114 9.418221E-015 5.279244E-006 3.802041E-002 0.000000E+000
   115 5.040738E-015 3.117548E-006 4.359663E-002 0.000000E+000
   116 4.775436E-015 6.459880E-006 3.347251E-002 0.000000E+000
   117 5.040738E-015 5.343650E-006 4.089831E-002 0.000000E+000
   118 1.591812E-014 4.546167E-006 2.360195E-002 0.000000E+000
   119 1.220389E-014 3.367582E-006 3.772803E-002 0.000000E+000
   120 7.693758E-015 2.466926E-006 3.230118E-002 0.000000E+000
   121 6.234597E-015 6.271380E-006 3.512830E-002 0.000000E+000
   122 1.034678E-014 8.392259E-006 3.189865E-002 0.000000E+000
   123 7.030503E-015 8.806384E-006 3.825670E-002 0.000000E+000
   124 7.561107E-015 5.337496E-006 3.523352E-002 0.000000E+000
   125 8.224362E-015 2.709986E-006 4.214945E-002 0.000000E+000
   126 4.112181E-015 2.413391E-006 3.994259E-002 0.000000E+000
   127 1.273450E-014 6.965691E-006 3.293795E-002 0.000000E+000
   128 8.489664E-015 3.749299E-006 2.832434E-002 0.000000E+000
   129 7.959060E-015 4.746768E-006 3.156044E-002 0.000000E+000
   130 5.040738E-015 4.274596E-006 3.254952E-002 0.000000E+000
   131 5.969295E-015 5.951813E-006 3.653962E-002 0.000000E+000
   132 5.306040E-015 7.759277E-006 2.280377E-002 0.000000E+000
   133 3.820349E-014 6.749095E-006 3.527228E-002 0.000000E+000
   134 9.152919E-015 5.299228E-006 3.165465E-002 0.000000E+000
   135 1.379570E-014 7.802799E-006 2.815382E-002 0.000000E+000
   136 2.666285E-014 6.151381E-006 2.010645E-002 0.000000E+000
   137 3.661168E-014 5.462072E-006 2.749636E-002 0.000000E+000
   138 1.684668E-014 5.332382E-006 3.166567E-002 0.000000E+000
   139 5.359100E-014 9.888514E-006 3.155547E-002 0.000000E+000
   140 6.632550E-015 7.852334E-006 2.572016E-002 0.000000E+000
   141 6.897852E-015 9.120105E-006 3.886535E-002 0.000000E+000
   142 3.979530E-015 5.360011E-006 2.754821E-002 0.000000E+000
   143 2.095886E-014 5.924232E-006 2.157288E-002 0.000000E+000
   144 5.306040E-015 6.612981E-006 3.760346E-002 0.000000E+000
   145 6.367248E-015 7.111288E-006 2.701839E-002 0.000000E+000
   146 1.021413E-014 6.279658E-006 2.419442E-002 0.000000E+000
   147 1.472426E-014 6.659358E-006 3.251859E-002 0.000000E+000
   148 5.040738E-015 7.958113E-006 3.482758E-002 0.000000E+000
   149 1.034678E-014 9.174771E-006 2.941698E-002 0.000000E+000
   150 7.428456E-015 4.011721E-006 3.463352E-002 0.000000E+000
   151 2.228537E-014 9.468229E-006 2.320194E-002 0.000000E+000
   152 1.472426E-014 9.956471E-006 4.637671E-002 0.000000E+000
   153 1.154064E-014 5.433228E-006 3.298741E-002 0.000000E+000
   154 2.361188E-014 7.077738E-006 3.779108E-002 0.000000E+000
   155 2.334658E-014 9.873584E-006 2.786425E-002 0.000000E+000
   156 2.042825E-014 9.239107E-006 3.332894E-002 0.000000E+000
   157 6.234597E-015 6.463193E-006 3.528324E-002 0.000000E+000
   158 9.285570E-015 6.191246E-006 2.942929E-002 0.000000E+000
   159 2.294862E-014 5.470921E-006 5.193246E-002 0.000000E+000
   160 3.913204E-014 1.417537E-005 2.355088E-002 0.000000E+000
   161 5.969295E-015 5.652680E-006 3.189981E-002 0.000000E+000
   162 1.644872E-014 9.062874E-006 2.868969E-002 0.000000E+000
   163 2.825466E-014 8.861937E-006 2.630812E-002 0.000000E+000
   164 2.374453E-014 8.925809E-006 2.652041E-002 0.000000E+000
   165 3.674433E-014 6.487303E-006 2.369274E-002 0.000000E+000
   166 6.181537E-014 1.084372E-005 2.456652E-002 0.000000E+000
   167 8.582520E-014 1.447013E-005 2.286879E-002 0.000000E+000
   168 3.077503E-014 5.735070E-006 2.735314E-002 0.000000E+000
   169 8.927412E-014 1.301626E-005 2.797896E-002 0.000000E+000
   170 6.778466E-014 9.943512E-006 2.067525E-002 0.000000E+000
   171 2.507104E-014 9.955272E-006 3.159709E-002 0.000000E+000
   172 1.910174E-014 7.273781E-006 2.324310E-002 0.000000E+000
   173 3.926470E-014 6.011145E-006 2.831824E-002 0.000000E+000
   174 4.364218E-014 8.780156E-006 2.193558E-002 0.000000E+000
   175 1.292021E-013 9.748027E-006 1.737172E-002 0.000000E+000
   176 8.622315E-015 8.984102E-006 2.814554E-002 0.000000E+000
   177 2.016295E-014 1.061285E-005 2.402663E-002 0.000000E+000
   178 1.910174E-014 5.377230E-006 3.371206E-002 0.000000E+000
   179 1.432631E-014 1.024866E-005 2.361689E-002 0.000000E+000
   180 2.997913E-014 7.712809E-006 3.064975E-002 0.000000E+000
   181 1.432631E-014 1.012611E-005 3.351384E-002 0.000000E+000
   182 2.931587E-014 6.803780E-006 3.164760E-002 0.000000E+000
   183 2.944852E-014 9.013345E-006 3.068365E-002 0.000000E+000
   184 1.008148E-014 7.189131E-006 3.139842E-002 0.000000E+000
   185 1.618342E-014 6.119459E-006 3.761567E-002 0.000000E+000
   186 1.817319E-014 9.534137E-006 2.559200E-002 0.000000E+000
   187 5.412161E-014 6.786850E-006 1.971660E-002 0.000000E+000
   188 1.021413E-014 1.134623E-005 2.500413E-002 0.000000E+000
   189 1.286715E-014 1.124946E-005 3.060203E-002 0.000000E+000
   190 2.520369E-014 9.357910E-006 2.503154E-002 0.000000E+000
   191 1.286715E-014 1.060092E-005 2.560342E-002 0.000000E+000
   192 2.507104E-014 1.101263E-005 2.488621E-002 0.000000E+000
   193 2.838731E-014 1.106804E-005 3.810008E-002 0.000000E+000
   194 6.247862E-014 1.040777E-005 2.320560E-002 0.000000E+000
   195 2.387718E-014 9.183608E-006 2.626407E-002 0.000000E+000
   196 2.400983E-014 1.051454E-005 2.588130E-002 0.000000E+000
   197 1.538752E-014 1.016863E-005 3.182058E-002 0.000000E+000
   198 1.777523E-014 9.880434E-006 3.624906E-002 0.000000E+000
   199 6.048886E-014 9.748648E-006 3.377557E-002 0.000000E+000
   200 2.984647E-014 6.083098E-006 2.827645E-002 0.000000E+000
   201 2.493839E-014 6.850337E-006 3.001317E-002 0.000000E+000
   202 3.555047E-014 1.172921E-005 3.138336E-002 0.000000E+000
   203 4.231567E-014 5.885901E-006 2.425347E-002 0.000000E+000
   204 3.807084E-014 5.867240E-006 4.468015E-002 0.000000E+000
   205 5.093798E-014 9.097226E-006 2.455235E-002 0.000000E+000
   206 5.292775E-014 5.591934E-006 2.878403E-002 0.000000E+000
   207 3.555047E-014 9.699590E-006 2.447042E-002 0.000000E+000
   208 2.732611E-014 1.053201E-005 2.528960E-002 0.000000E+000
   209 1.265491E-013 1.569037E-005 1.970333E-002 0.000000E+000
   210 5.902969E-014 1.105002E-005 2.938242E-002 0.000000E+000
   211 6.778466E-014 9.390334E-006 3.136314E-002 0.000000E+000
   212 4.470339E-014 1.111559E-005 3.494886E-002 0.000000E+000
   213 1.894256E-013 1.445078E-005 2.082082E-002 0.000000E+000
   214 8.383543E-014 7.452492E-006 2.314386E-002 0.000000E+000
   215 1.071820E-013 1.095882E-005 2.730988E-002 0.000000E+000
   216 1.498956E-013 1.801565E-005 2.255133E-002 0.000000E+000
   217 4.576459E-014 1.073994E-005 2.855586E-002 0.000000E+000
   218 8.715171E-014 8.864353E-006 2.088618E-002 0.000000E+000
   219 2.095886E-014 7.794826E-006 3.055581E-002 0.000000E+000
   220 2.480574E-014 1.049178E-005 3.481291E-002 0.000000E+000
   221 3.435661E-014 8.422793E-006 2.537262E-002 0.000000E+000
   222 4.231567E-014 6.704335E-006 2.655742E-002 0.000000E+000
   223 1.605077E-014 8.361790E-006 2.219099E-002 0.000000E+000
   224 3.050973E-014 9.889686E-006 2.382092E-002 0.000000E+000
   225 3.820349E-014 9.050193E-006 3.229747E-002 0.000000E+000
   226 2.448737E-013 1.822238E-005 1.869903E-002 0.000000E+000
   227 2.215272E-014 1.086724E-005 2.558549E-002 0.000000E+000
   228 1.127533E-013 1.197655E-005 2.742293E-002 0.000000E+000
   229 2.493839E-014 6.585540E-006 2.750848E-002 0.000000E+000
   230 4.921352E-014 6.434828E-006 2.517391E-002 0.000000E+000
   231 1.910174E-014 6.800277E-006 2.828750E-002 0.000000E+000
   232 2.042825E-014 9.611681E-006 2.619593E-002 0.000000E+000
   233 3.329540E-014 6.502252E-006 4.144414E-002 0.000000E+000
   234 4.894822E-014 1.042700E-005 2.702011E-002 0.000000E+000
   235 4.748906E-014 1.276882E-005 2.678633E-002 0.000000E+000
   236 5.266245E-014 9.723228E-006 2.827542E-002 0.000000E+000
   237 1.270797E-013 1.131526E-005 2.084333E-002 0.000000E+000
   238 4.297892E-014 1.104916E-005 2.776583E-002 0.000000E+000
   239 3.276480E-014 1.071864E-005 3.595977E-002 0.000000E+000
   240 6.632550E-014 1.251654E-005 2.662654E-002 0.000000E+000
   241 7.982937E-013 2.224501E-005 1.463550E-002 0.000000E+000
   242 6.194802E-014 7.948703E-006 2.427871E-002 0.000000E+000
   243 1.949970E-014 1.285093E-005 4.384781E-002 0.000000E+000
   244 4.881557E-014 1.244615E-005 2.949650E-002 0.000000E+000
   245 3.501986E-014 1.256784E-005 2.824058E-002 0.000000E+000
   246 3.661168E-014 1.178425E-005 2.661841E-002 0.000000E+000
   247 3.953000E-014 1.066176E-005 3.289540E-002 0.000000E+000
   248 7.295805E-014 1.129684E-005 2.261403E-002 0.000000E+000
   249 3.926470E-014 1.173016E-005 3.090089E-002 0.000000E+000
   250 7.282540E-014 9.779874E-006 2.038446E-002 0.000000E+000
   251 3.422396E-014 8.762342E-006 2.475443E-002 0.000000E+000
   252 2.042825E-014 1.324970E-005 3.258910E-002 0.000000E+000
   253 1.525486E-014 1.216778E-005 3.009424E-002 0.000000E+000
   254 3.289745E-014 8.608671E-006 2.550909E-002 0.000000E+000
   255 4.656050E-014 7.487047E-006 2.916260E-002 0.000000E+000
   256 5.491751E-014 8.946918E-006 2.473632E-002 0.000000E+000
   257 3.528517E-014 1.072293E-005 3.106262E-002 0.000000E+000
   258 3.011178E-014 1.396654E-005 2.877716E-002 0.000000E+000
   259 4.045855E-014 1.517582E-005 2.750581E-002 0.000000E+000
   260 1.724463E-013 1.428332E-005 2.647935E-002 0.000000E+000
   261 1.223042E-013 1.518023E-005 2.147606E-002 0.000000E+000
   262 9.139654E-014 1.306057E-005 1.658345E-002 0.000000E+000
   263 7.866204E-014 9.694235E-006 2.519487E-002 0.000000E+000
   264 9.139654E-014 1.284522E-005 2.481685E-002 0.000000E+000
   265 1.215083E-013 1.330200E-005 3.877530E-002 0.000000E+000
   266 3.422396E-014 1.522834E-005 3.369995E-002 0.000000E+000
   267 9.683523E-014 1.413406E-005 2.944332E-002 0.000000E+000
   268 1.350387E-013 1.075532E-005 2.557846E-002 0.000000E+000
   269 4.709110E-014 9.686029E-006 3.406394E-002 0.000000E+000
   270 4.457074E-014 1.372651E-005 2.906133E-002 0.000000E+000
   271 4.762171E-014 1.483300E-005 2.287740E-002 0.000000E+000
   272 1.128860E-013 1.449694E-005 1.676605E-002 0.000000E+000
   273 5.425426E-014 1.157170E-005 2.682184E-002 0.000000E+000
   274 4.470339E-014 1.085689E-005 2.577555E-002 0.000000E+000
   275 7.096828E-014 1.096885E-005 3.303043E-002 0.000000E+000
   276 5.478486E-014 1.476353E-005 2.283753E-002 0.000000E+000
   277 6.009090E-014 1.096502E-005 2.531691E-002 0.000000E+000
   278 3.249949E-014 1.459322E-005 3.167414E-002 0.000000E+000
   279 4.815231E-014 9.380959E-006 2.761677E-002 0.000000E+000
   280 5.146859E-014 1.043220E-005 3.366540E-002 0.000000E+000
   281 8.675375E-014 1.244715E-005 3.820028E-002 0.000000E+000
   282 1.049269E-013 1.318694E-005 2.021576E-002 0.000000E+000
   283 3.329540E-014 1.256349E-005 3.330960E-002 0.000000E+000
   284 6.473369E-014 1.256495E-005 2.360403E-002 0.000000E+000
   285 2.297515E-013 1.172790E-005 1.683003E-002 0.000000E+000
   286 1.057228E-013 1.907396E-005 2.119027E-002 0.000000E+000
   287 1.494977E-013 1.590955E-005 2.057755E-002 0.000000E+000
   288 1.077126E-013 1.173227E-005 2.826443E-002 0.000000E+000
   289 1.277429E-013 1.405014E-005 1.455547E-002 0.000000E+000
   290 5.239714E-014 1.458615E-005 2.464633E-002 0.000000E+000
   291 4.974412E-014 1.500566E-005 2.517521E-002 0.000000E+000
   292 8.595785E-014 1.444414E-005 2.751622E-002 0.000000E+000
   293 7.813144E-014 1.585391E-005 2.531062E-002 0.000000E+000
   294 2.134355E-013 1.238204E-005 1.764732E-002 0.000000E+000
   295 8.449869E-014 1.074108E-005 2.324635E-002 0.000000E+000
   296 1.404774E-013 1.388298E-005 3.050081E-002 0.000000E+000
   297 1.317224E-013 1.367911E-005 2.173698E-002 0.000000E+000
   298 3.606781E-013 1.962922E-005 2.011616E-002 0.000000E+000
   299 1.490997E-013 1.260476E-005 2.737359E-002 0.000000E+000
   300 1.062535E-013 1.271919E-005 3.257553E-002 0.000000E+000
   301 8.171302E-014 1.203232E-005 2.923504E-002 0.000000E+000
   302 7.574372E-014 1.246622E-005 2.263618E-002 0.000000E+000
   303 1.481712E-013 1.434320E-005 1.826510E-002 0.000000E+000
   304 1.971194E-013 1.318632E-005 2.461680E-002 0.000000E+000
   305 5.849909E-014 1.191643E-005 1.887427E-002 0.000000E+000
   306 1.254878E-013 1.271452E-005 2.013179E-002 0.000000E+000
   307 2.378432E-013 1.880711E-005 2.407690E-002 0.000000E+000
   308 2.081294E-013 1.569818E-005 1.612360E-002 0.000000E+000
   309 1.370285E-013 1.567032E-005 3.698310E-002 0.000000E+000
   310 5.597872E-014 1.752975E-005 3.204429E-002 0.000000E+000
   311 3.406478E-013 1.839750E-005 2.247302E-002 0.000000E+000
   312 1.144778E-013 1.785924E-005 2.000561E-002 0.000000E+000
   313 1.104983E-013 1.261098E-005 2.571924E-002 0.000000E+000
   314 6.712141E-014 1.704804E-005 2.225982E-002 0.000000E+000
   315 2.025581E-013 1.409515E-005 1.912777E-002 0.000000E+000
   316 9.020268E-014 1.554397E-005 2.525424E-002 0.000000E+000
   317 7.428456E-014 1.502094E-005 3.967785E-002 0.000000E+000
   318 7.879469E-014 1.738702E-005 2.981524E-002 0.000000E+000
   319 4.075039E-013 2.183582E-005 2.786480E-002 0.000000E+000
   320 3.159747E-013 1.979755E-005 1.422362E-002 0.000000E+000
   321 5.558077E-013 2.172669E-005 2.003067E-002 0.000000E+000
   322 1.859767E-013 1.645902E-005 2.312942E-002 0.000000E+000
   323 6.990708E-014 1.718278E-005 3.805705E-002 0.000000E+000
   324 1.296000E-013 1.603004E-005 1.952089E-002 0.000000E+000
   325 1.367632E-013 1.397918E-005 2.144665E-002 0.000000E+000
   326 1.817319E-013 1.618777E-005 1.522816E-002 0.000000E+000
   327 8.237627E-014 1.534023E-005 2.452729E-002 0.000000E+000
   328 2.038846E-013 1.736651E-005 1.982428E-002 0.000000E+000
   329 1.780176E-013 1.521698E-005 2.090191E-002 0.000000E+000
   330 9.842704E-014 1.839636E-005 3.861433E-002 0.000000E+000
   331 1.483038E-013 1.506402E-005 2.015249E-002 0.000000E+000
   332 1.199165E-013 1.373604E-005 2.760937E-002 0.000000E+000
   333 9.179449E-014 1.813890E-005 2.348164E-002 0.000000E+000
   334 1.786809E-013 1.783740E-005 2.650901E-002 0.000000E+000
   335 1.065188E-013 1.818381E-005 2.673270E-002 0.000000E+000
   336 2.383738E-013 1.485006E-005 1.567383E-002 0.000000E+000
   337 8.781496E-014 1.478410E-005 3.162642E-002 0.000000E+000
   338 1.501609E-013 1.505412E-005 2.240251E-002 0.000000E+000
   339 1.607730E-013 1.865170E-005 2.331481E-002 0.000000E+000
   340 7.070298E-014 1.871235E-005 2.509442E-002 0.000000E+000
   341 2.296189E-013 1.643466E-005 1.881275E-002 0.000000E+000
   342 3.543108E-013 2.426322E-005 1.630834E-002 0.000000E+000
   343 8.900882E-014 1.472435E-005 3.502371E-002 0.000000E+000
   344 2.020275E-013 1.800079E-005 3.353544E-002 0.000000E+000
   345 7.746818E-014 1.480935E-005 2.709614E-002 0.000000E+000
   346 1.114268E-013 1.631155E-005 2.218643E-002 0.000000E+000
   347 2.126396E-013 1.875293E-005 2.661131E-002 0.000000E+000
   348 6.542082E-012 5.155961E-005 1.836817E-002 0.000000E+000
   349 8.330483E-014 1.734714E-005 2.375114E-002 0.000000E+000
   350 2.178129E-013 1.625793E-005 2.398180E-002 0.000000E+000
   351 2.008336E-013 1.711430E-005 1.605804E-002 0.000000E+000
   352 1.146105E-013 1.754607E-005 2.128650E-002 0.000000E+000
   353 2.017622E-013 2.025852E-005 3.269637E-002 0.000000E+000
   354 1.598445E-013 1.614413E-005 2.330416E-002 0.000000E+000
   355 2.724652E-013 1.916704E-005 1.611514E-002 0.000000E+000
   356 1.542731E-013 2.062316E-005 2.829388E-002 0.000000E+000
   357 1.952623E-013 1.737966E-005 2.068335E-002 0.000000E+000
   358 1.927419E-013 2.021062E-005 2.452510E-002 0.000000E+000
   359 2.403636E-013 1.756145E-005 3.059311E-002 0.000000E+000
   360 6.209393E-013 2.125831E-005 3.437755E-002 0.000000E+000
   361 4.227587E-013 2.396694E-005 2.002484E-002 0.000000E+000
   362 1.132840E-013 2.081344E-005 2.630351E-002 0.000000E+000
   363 2.065376E-013 1.741750E-005 2.417291E-002 0.000000E+000
   364 3.377294E-013 1.980314E-005 2.769096E-002 0.000000E+000
   365 1.259654E-012 2.952024E-005 1.330895E-002 0.000000E+000
   366 1.553343E-013 2.031735E-005 3.004039E-002 0.000000E+000
   367 2.499145E-013 1.938895E-005 2.091943E-002 0.000000E+000
   368 2.379759E-013 1.622180E-005 3.010504E-002 0.000000E+000
   369 2.442105E-013 2.097341E-005 1.845258E-002 0.000000E+000
   370 1.636913E-013 2.070802E-005 2.579130E-002 0.000000E+000
   371 3.289745E-013 1.713277E-005 1.764692E-002 0.000000E+000
   372 1.342428E-013 1.734100E-005 2.717084E-002 0.000000E+000
   373 3.488721E-013 2.350233E-005 1.919848E-002 0.000000E+000
   374 2.094559E-013 2.018022E-005 2.053503E-002 0.000000E+000
   375 2.625163E-013 1.937453E-005 2.314687E-002 0.000000E+000
   376 2.269659E-013 1.939331E-005 2.213184E-002 0.000000E+000
   377 2.268332E-013 2.278086E-005 2.217310E-002 0.000000E+000
   378 4.243505E-013 1.909679E-005 1.910061E-002 0.000000E+000
   379 3.844226E-013 1.955740E-005 1.689279E-002 0.000000E+000
   380 2.316086E-013 1.810807E-005 2.422079E-002 0.000000E+000
   381 1.597118E-013 1.862998E-005 2.285723E-002 0.000000E+000
   382 2.452717E-013 2.076211E-005 2.303178E-002 0.000000E+000
   383 2.653020E-013 1.812235E-005 1.939667E-002 0.000000E+000
   384 2.139661E-013 2.250658E-005 3.598516E-002 0.000000E+000
   385 2.146293E-013 1.940974E-005 2.676917E-002 0.000000E+000
   386 1.735075E-013 1.941165E-005 1.944255E-002 0.000000E+000
   387 4.354932E-013 2.801990E-005 2.328891E-002 0.000000E+000
   388 3.322908E-013 1.849055E-005 1.984798E-002 0.000000E+000
   389 5.341856E-013 2.190865E-005 1.349066E-002 0.000000E+000
   390 2.814854E-013 2.129022E-005 2.565798E-002 0.000000E+000
   391 2.729958E-013 1.953578E-005 1.860013E-002 0.000000E+000
   392 2.822813E-013 1.922416E-005 2.379396E-002 0.000000E+000
   393 3.605454E-013 2.154999E-005 2.281091E-002 0.000000E+000
   394 6.868669E-013 2.189315E-005 1.950433E-002 0.000000E+000
   395 3.885348E-013 1.879153E-005 1.444847E-002 0.000000E+000
   396 2.003030E-013 1.851305E-005 3.105357E-002 0.000000E+000
   397 2.771079E-013 2.345487E-005 2.003928E-002 0.000000E+000
   398 3.785860E-013 2.003353E-005 1.695348E-002 0.000000E+000
   399 4.528705E-013 2.407371E-005 1.667918E-002 0.000000E+000
   400 5.861848E-013 2.384202E-005 1.926103E-002 0.000000E+000
   401 2.740570E-013 2.014558E-005 2.567716E-002 0.000000E+000
   402 5.051350E-013 2.098001E-005 1.480021E-002 0.000000E+000
   403 2.345270E-013 2.006676E-005 2.581258E-002 0.000000E+000
   404 2.370473E-013 2.307966E-005 2.675227E-002 0.000000E+000
   405 4.413299E-013 2.166925E-005 1.972597E-002 0.000000E+000
   406 1.332745E-012 3.296100E-005 2.693127E-002 0.000000E+000
   407 4.109528E-013 2.510380E-005 3.184496E-002 0.000000E+000
   408 2.897098E-013 2.343656E-005 3.449217E-002 0.000000E+000
   409 3.375968E-013 2.131006E-005 2.495525E-002 0.000000E+000
   410 3.967591E-013 2.447693E-005 3.000920E-002 0.000000E+000
   411 1.060412E-012 2.882668E-005 2.028017E-002 0.000000E+000
   412 4.844415E-013 2.392390E-005 2.292733E-002 0.000000E+000
   413 2.545573E-013 2.566913E-005 2.558987E-002 0.000000E+000
   414 5.581954E-013 2.454076E-005 2.652243E-002 0.000000E+000
   415 4.350953E-013 2.560781E-005 1.931898E-002 0.000000E+000
   416 3.641270E-013 2.127957E-005 2.093646E-002 0.000000E+000
   417 7.135297E-013 2.279291E-005 2.085845E-002 0.000000E+000
   418 5.467874E-013 2.057944E-005 1.514716E-002 0.000000E+000
   419 4.897475E-013 2.633303E-005 2.622868E-002 0.000000E+000
   420 2.316617E-012 4.057505E-005 1.420494E-002 0.000000E+000
   421 6.201434E-013 2.863465E-005 2.017977E-002 0.000000E+000
   422 3.041687E-013 2.646332E-005 2.686354E-002 0.000000E+000
   423 3.881368E-013 2.210853E-005 2.134743E-002 0.000000E+000
   424 6.472042E-013 3.077827E-005 1.680582E-002 0.000000E+000
   425 5.170736E-013 2.496136E-005 1.420444E-002 0.000000E+000
   426 4.719723E-013 2.703833E-005 2.177905E-002 0.000000E+000
   427 8.666090E-013 2.324879E-005 1.534094E-002 0.000000E+000
   428 4.410646E-013 2.443412E-005 2.535129E-002 0.000000E+000
   429 3.667800E-013 2.236123E-005 2.923383E-002 0.000000E+000
   430 4.260750E-013 2.384451E-005 2.086649E-002 0.000000E+000
   431 2.272710E-012 4.898145E-005 1.752065E-002 0.000000E+000
   432 8.682008E-013 2.639900E-005 1.853112E-002 0.000000E+000
   433 6.291637E-013 2.368945E-005 2.243316E-002 0.000000E+000
   434 5.859195E-013 2.724219E-005 3.095434E-002 0.000000E+000
   435 4.224934E-013 2.825802E-005 2.139985E-002 0.000000E+000
   436 6.917750E-013 2.511898E-005 1.641587E-002 0.000000E+000
   437 4.047182E-013 2.662985E-005 1.916344E-002 0.000000E+000
   438 1.511160E-012 3.218203E-005 1.721761E-002 0.000000E+000
   439 3.413110E-013 2.586247E-005 3.207254E-002 0.000000E+000
   440 7.445701E-013 2.797610E-005 1.590879E-002 0.000000E+000
   441 2.979739E-012 4.062451E-005 1.748374E-002 0.000000E+000
   442 1.940419E-012 3.636590E-005 2.110332E-002 0.000000E+000
   443 1.874757E-012 3.545537E-005 2.866658E-002 0.000000E+000
   444 1.531986E-012 3.501522E-005 1.589765E-002 0.000000E+000
   445 6.517144E-013 2.975765E-005 2.257773E-002 0.000000E+000
   446 6.596734E-013 2.522992E-005 2.517047E-002 0.000000E+000
   447 5.678789E-013 2.909632E-005 1.989535E-002 0.000000E+000
   448 7.094175E-013 2.613334E-005 2.076769E-002 0.000000E+000
   449 1.217869E-012 3.100433E-005 2.071954E-002 0.000000E+000
   450 7.985590E-013 2.870503E-005 1.738877E-002 0.000000E+000
   451 8.983126E-013 2.983040E-005 1.713863E-002 0.000000E+000
   452 1.215348E-012 2.787801E-005 1.717239E-002 0.000000E+000
   453 8.668743E-013 2.917626E-005 1.670095E-002 0.000000E+000
   454 5.584607E-013 3.208008E-005 1.760923E-002 0.000000E+000
   455 1.177676E-012 3.046989E-005 1.760341E-002 0.000000E+000
   456 9.061390E-013 2.720543E-005 1.835294E-002 0.000000E+000
   457 8.286708E-013 3.221460E-005 1.455834E-002 0.000000E+000
   458 8.794761E-013 3.110294E-005 1.658124E-002 0.000000E+000
   459 5.072574E-013 2.877521E-005 2.210111E-002 0.000000E+000
   460 1.584649E-012 3.466722E-005 1.937362E-002 0.000000E+000
   461 2.237292E-012 4.132650E-005 1.873768E-002 0.000000E+000
   462 1.499089E-012 3.207495E-005 2.039185E-002 0.000000E+000
   463 4.642122E-012 4.858341E-005 1.442687E-002 0.000000E+000
   464 1.217338E-012 3.223372E-005 2.906213E-002 0.000000E+000
   465 7.011932E-013 3.099609E-005 1.331719E-002 0.000000E+000
   466 8.487011E-013 3.391821E-005 3.213495E-002 0.000000E+000
   467 8.859760E-013 3.303724E-005 1.399983E-002 0.000000E+000
   468 1.670341E-012 3.430166E-005 1.424463E-002 0.000000E+000
   469 2.411330E-012 4.614768E-005 1.654378E-002 0.000000E+000
   470 9.779032E-013 3.056931E-005 2.088929E-002 0.000000E+000
   471 8.368952E-013 3.221148E-005 1.937102E-002 0.000000E+000
   472 5.692054E-013 3.363661E-005 2.404928E-002 0.000000E+000
   473 2.465186E-012 3.813183E-005 9.563238E-003 0.000000E+000
   474 2.583246E-012 4.591966E-005 1.915838E-002 0.000000E+000
   475 1.255940E-012 3.387293E-005 1.877370E-002 0.000000E+000
   476 5.970622E-013 3.265439E-005 1.802912E-002 0.000000E+000
   477 1.956735E-012 4.007293E-005 1.932464E-002 0.000000E+000
   478 1.214420E-012 3.323315E-005 2.747165E-002 0.000000E+000
   479 2.319933E-012 3.815921E-005 1.893118E-002 0.000000E+000
   480 1.407029E-012 3.528880E-005 1.809000E-002 0.000000E+000
   481 5.935602E-012 5.068017E-005 1.446399E-002 0.000000E+000
   482 1.570455E-012 3.737143E-005 2.282280E-002 0.000000E+000
   483 2.707938E-012 4.218564E-005 1.320108E-002 0.000000E+000
   484 1.686392E-012 3.734815E-005 1.689407E-002 0.000000E+000
   485 6.395768E-012 5.895294E-005 1.757658E-002 0.000000E+000
   486 1.312980E-012 3.485289E-005 2.005398E-002 0.000000E+000
   487 2.195639E-012 4.785727E-005 2.514798E-002 0.000000E+000
   488 1.737993E-012 4.378711E-005 1.871275E-002 0.000000E+000
   489 5.938520E-012 4.620350E-005 1.265660E-002 0.000000E+000
   490 1.605342E-012 4.089745E-005 2.786775E-002 0.000000E+000
   491 2.821221E-012 3.577452E-005 1.964465E-002 0.000000E+000
   492 1.129258E-012 3.918920E-005 2.242848E-002 0.000000E+000
   493 2.698785E-012 4.076653E-005 1.440010E-002 0.000000E+000
   494 1.656413E-012 3.655302E-005 1.752853E-002 0.000000E+000
   495 3.599087E-012 3.561650E-005 2.054723E-002 0.000000E+000
   496 1.289739E-011 8.252152E-005 1.772692E-002 0.000000E+000
   497 2.185823E-012 3.835428E-005 1.829341E-002 0.000000E+000
   498 2.431625E-012 4.434344E-005 1.728739E-002 0.000000E+000
   499 1.661188E-012 3.722805E-005 1.721390E-002 0.000000E+000
   500 1.813339E-012 3.758769E-005 1.611406E-002 0.000000E+000
   501 7.670809E-012 6.719830E-005 1.834101E-002 0.000000E+000
   502 3.343734E-012 4.236894E-005 1.090614E-002 0.000000E+000
   503 4.638142E-012 4.878512E-005 1.743402E-002 0.000000E+000
   504 1.947184E-012 3.948391E-005 2.319822E-002 0.000000E+000
   505 1.413662E-012 3.783593E-005 2.631641E-002 0.000000E+000
   506 4.403483E-012 4.866601E-005 1.381716E-002 0.000000E+000
   507 7.422487E-012 5.253718E-005 1.511676E-002 0.000000E+000
   508 2.094029E-012 4.137000E-005 1.665980E-002 0.000000E+000
   509 2.732743E-012 4.962171E-005 1.897595E-002 0.000000E+000
   510 1.788520E-011 6.267094E-005 9.694494E-003 0.000000E+000
   511 1.685795E-011 8.203492E-005 1.205939E-002 0.000000E+000
   512 1.599638E-012 4.187388E-005 1.905045E-002 0.000000E+000
   513 2.709927E-012 5.120292E-005 2.262805E-002 0.000000E+000
   514 3.594842E-012 4.594091E-005 1.510542E-002 0.000000E+000
   515 1.292087E-011 7.258390E-005 1.461432E-002 0.000000E+000
   516 4.569031E-012 5.173364E-005 2.018965E-002 0.000000E+000
   517 2.210629E-012 4.240152E-005 1.497572E-002 0.000000E+000
   518 7.902816E-012 5.041027E-005 1.315207E-002 0.000000E+000
   519 5.223929E-012 5.008041E-005 1.198237E-002 0.000000E+000
   520 2.556848E-011 1.062895E-004 2.015198E-002 0.000000E+000
   521 9.789378E-012 5.828748E-005 1.680068E-002 0.000000E+000
   522 3.741289E-012 4.741284E-005 2.661838E-002 0.000000E+000
   523 2.699978E-012 5.072532E-005 2.188971E-002 0.000000E+000
   524 1.974006E-011 8.217267E-005 1.554157E-002 0.000000E+000
   525 7.517597E-012 5.903009E-005 1.419730E-002 0.000000E+000
   526 2.755825E-012 4.948568E-005 2.905778E-002 0.000000E+000
   527 3.702687E-012 5.567853E-005 1.703896E-002 0.000000E+000
   528 3.853246E-012 4.973351E-005 1.543301E-002 0.000000E+000
   529 5.698820E-012 5.056830E-005 1.729049E-002 0.000000E+000
   530 1.167806E-011 7.831748E-005 1.866474E-002 0.000000E+000
   531 5.745513E-012 5.128913E-005 1.625823E-002 0.000000E+000
   532 2.872027E-012 4.979542E-005 2.107161E-002 0.000000E+000
   533 1.425534E-011 7.991797E-005 1.211902E-002 0.000000E+000
   534 1.502790E-011 6.908714E-005 1.227971E-002 0.000000E+000
   535 1.022315E-010 1.535030E-004 1.460966E-002 0.000000E+000
   536 9.018941E-012 7.261232E-005 1.792860E-002 0.000000E+000
   537 7.397814E-012 5.618759E-005 1.486776E-002 0.000000E+000
   538 4.611347E-012 5.271091E-005 1.590337E-002 0.000000E+000
   539 3.273827E-012 5.586622E-005 2.399583E-002 0.000000E+000
   540 6.536909E-012 6.045425E-005 1.573654E-002 0.000000E+000
   541 4.217373E-012 5.603014E-005 1.732008E-002 0.000000E+000
   542 6.038804E-012 5.670211E-005 2.258385E-002 0.000000E+000
   543 2.408173E-011 7.572096E-005 1.403960E-002 0.000000E+000
   544 6.381309E-012 5.936019E-005 1.569486E-002 0.000000E+000
   545 1.134750E-011 7.600245E-005 1.275868E-002 0.000000E+000
   546 5.234806E-012 6.054660E-005 1.420592E-002 0.000000E+000
   547 3.504799E-011 9.583309E-005 1.311606E-002 0.000000E+000
   548 4.446992E-012 6.227746E-005 2.031784E-002 0.000000E+000
   549 5.506874E-012 5.894368E-005 2.239358E-002 0.000000E+000
   550 1.170565E-011 8.322768E-005 1.652486E-002 0.000000E+000
   551 5.937459E-012 6.463438E-005 1.828931E-002 0.000000E+000
   552 2.266780E-011 8.956947E-005 1.788508E-002 0.000000E+000
   553 8.347860E-012 6.853103E-005 1.903321E-002 0.000000E+000
   554 1.385686E-011 7.841546E-005 1.198714E-002 0.000000E+000
   555 1.404893E-011 7.994634E-005 1.272703E-002 0.000000E+000
   556 1.747398E-011 9.315773E-005 2.236391E-002 0.000000E+000
   557 2.474458E-011 8.911477E-005 1.406263E-002 0.000000E+000
   558 5.040738E-015 6.808503E-006 2.264644E-002 0.000000E+000
   559 1.260184E-014 6.140107E-006 2.374263E-002 0.000000E+000
   560 2.268332E-014 1.011514E-005 3.308929E-002 0.000000E+000
   561 2.546899E-014 7.424481E-006 2.449235E-002 0.000000E+000
   562 2.122416E-015 3.312335E-006 3.402069E-002 0.000000E+000
   563 1.061208E-014 3.758720E-006 4.896861E-002 0.000000E+000
   564 1.923439E-014 9.925093E-006 3.496705E-002 0.000000E+000
   565 6.234597E-015 4.697752E-006 2.442471E-002 0.000000E+000
   566 1.207124E-014 9.003669E-006 3.313810E-002 0.000000E+000
   567 7.826409E-015 3.100421E-006 5.405773E-002 0.000000E+000
   568 1.127533E-014 4.513043E-006 3.942810E-002 0.000000E+000
   569 7.163154E-015 2.646729E-006 3.219938E-002 0.000000E+000
   570 2.785671E-015 7.193261E-006 3.058221E-002 0.000000E+000
   571 1.326510E-014 8.625884E-006 2.396389E-002 0.000000E+000
   572 6.367248E-015 3.874643E-006 5.175158E-002 0.000000E+000
   573 5.438691E-015 1.388338E-006 3.624952E-002 0.000000E+000
   574 5.438691E-015 3.716730E-006 2.669271E-002 0.000000E+000
   575 1.790788E-014 6.730398E-006 3.818377E-002 0.000000E+000
   576 2.056090E-014 7.802269E-006 3.974522E-002 0.000000E+000
   577 7.295805E-015 2.298790E-006 3.240906E-002 0.000000E+000
   578 4.244832E-015 4.637819E-006 3.488889E-002 0.000000E+000
   579 6.632550E-015 7.107760E-006 3.908157E-002 0.000000E+000
   580 7.163154E-015 2.565932E-006 5.850066E-002 0.000000E+000
   581 2.467309E-014 8.893154E-006 2.881149E-002 0.000000E+000
   582 9.683523E-015 2.529691E-006 3.149471E-002 0.000000E+000
   583 8.091711E-015 2.142922E-006 2.864947E-002 0.000000E+000
   584 2.918322E-015 5.175785E-006 3.796345E-002 0.000000E+000
   585 5.703993E-015 5.112281E-006 3.185185E-002 0.000000E+000
   586 2.400983E-014 1.016632E-005 3.211369E-002 0.000000E+000
   587 6.499899E-015 3.758458E-006 2.923170E-002 0.000000E+000
   588 3.608107E-014 5.224038E-006 3.367133E-002 0.000000E+000
   589 4.642785E-015 2.199174E-006 3.123141E-002 0.000000E+000
   590 8.091711E-015 6.924586E-007 3.234340E-002 0.000000E+000
   591 3.555047E-014 6.400644E-006 3.052505E-002 0.000000E+000
   592 1.804054E-014 6.666031E-006 3.707788E-002 0.000000E+000
   593 4.908087E-015 3.649842E-006 3.135268E-002 0.000000E+000
   594 7.295805E-015 3.678479E-006 3.722742E-002 0.000000E+000
   595 1.631607E-014 3.945609E-006 3.153976E-002 0.000000E+000
   596 1.472426E-014 8.203011E-006 3.074792E-002 0.000000E+000
   597 1.008148E-014 6.814844E-006 3.753515E-002 0.000000E+000
