     1 9.307157E-015 8.634342E-006 2.986749E-002 0.000000E+000
     2 2.515148E-014 8.028788E-006 3.552503E-002 0.000000E+000
     3 1.473633E-014 8.494392E-006 4.306828E-002 0.000000E+000
     4 1.407154E-014 5.536300E-006 2.649725E-002 0.000000E+000
     5 1.418233E-014 4.754402E-006 2.833918E-002 0.000000E+000
     6 2.803227E-014 6.607586E-006 2.357895E-002 0.000000E+000
     7 9.417957E-015 2.812182E-006 3.296319E-002 0.000000E+000
     8 5.650774E-015 3.436522E-006 2.564156E-002 0.000000E+000
     9 1.429313E-014 4.123276E-006 2.856058E-002 0.000000E+000
    10 6.537170E-015 3.358504E-006 3.094679E-002 0.000000E+000
    11 6.204771E-015 2.518024E-006 3.329545E-002 0.000000E+000
    12 9.750355E-015 4.944107E-006 3.330030E-002 0.000000E+000
    13 7.091167E-015 9.211241E-006 2.923170E-002 0.000000E+000
    14 1.252034E-014 3.636621E-006 2.834901E-002 0.000000E+000
    15 4.542779E-015 1.777331E-006 2.676951E-002 0.000000E+000
    16 9.085558E-015 5.538564E-006 3.259780E-002 0.000000E+000
    17 2.836467E-014 1.017182E-006 1.777836E-002 0.000000E+000
    18 8.531561E-015 3.201990E-006 3.054522E-002 0.000000E+000
    19 2.880787E-015 1.053783E-006 2.457050E-002 0.000000E+000
    20 1.661992E-015 3.209594E-006 3.189440E-002 0.000000E+000
    21 3.767183E-015 1.628615E-006 2.252100E-002 0.000000E+000
    22 2.548388E-015 2.609913E-006 2.750892E-002 0.000000E+000
    23 4.653579E-015 8.341759E-007 3.130201E-002 0.000000E+000
    24 4.764378E-015 3.417066E-006 2.990716E-002 0.000000E+000
    25 7.201967E-015 6.046766E-006 2.903306E-002 0.000000E+000
    26 2.548388E-015 6.389662E-006 2.931231E-002 0.000000E+000
    27 2.215990E-015 4.562876E-006 2.180555E-002 0.000000E+000
    28 2.592708E-014 6.824297E-006 2.986105E-002 0.000000E+000
    29 6.093972E-015 5.022318E-006 3.304296E-002 0.000000E+000
    30 2.769987E-015 2.209418E-006 3.061224E-002 0.000000E+000
    31 3.102386E-015 3.025047E-006 3.391727E-002 0.000000E+000
    32 6.537170E-015 7.240963E-006 2.617100E-002 0.000000E+000
    33 2.437589E-015 5.882253E-006 3.155958E-002 0.000000E+000
    34 1.185555E-014 1.687369E-006 2.390036E-002 0.000000E+000
    35 1.772792E-015 1.259713E-006 2.898804E-002 0.000000E+000
    36 1.661992E-015 1.836664E-006 4.547283E-002 0.000000E+000
    37 1.883591E-015 1.415557E-006 3.331306E-002 0.000000E+000
    38 4.875178E-015 3.098057E-006 2.793092E-002 0.000000E+000
    39 3.767183E-015 6.645292E-006 2.552405E-002 0.000000E+000
    40 1.883591E-015 2.847820E-006 2.783068E-002 0.000000E+000
    41 1.883591E-015 2.828557E-006 2.811624E-002 0.000000E+000
    42 9.639556E-015 6.769833E-007 4.561774E-002 0.000000E+000
    43 6.426370E-015 3.465803E-006 3.552555E-002 0.000000E+000
    44 2.105190E-015 5.889381E-006 2.766962E-002 0.000000E+000
    45 6.869568E-015 4.173747E-006 2.745358E-002 0.000000E+000
    46 2.769987E-015 3.270083E-006 5.474857E-002 0.000000E+000
    47 4.210381E-015 9.480249E-007 3.408106E-002 0.000000E+000
    48 8.088363E-015 5.454982E-006 3.225174E-002 0.000000E+000
    49 2.880787E-015 3.723938E-006 4.450246E-002 0.000000E+000
    50 7.755964E-015 5.709650E-006 2.444599E-002 0.000000E+000
    51 1.063675E-014 4.635886E-006 3.565900E-002 0.000000E+000
    52 4.764378E-015 7.540385E-007 4.352690E-002 0.000000E+000
    53 6.980368E-015 3.355421E-006 5.057462E-002 0.000000E+000
    54 5.429175E-015 5.109775E-006 4.426737E-002 0.000000E+000
    55 5.872373E-015 2.283584E-006 2.467044E-002 0.000000E+000
    56 3.323985E-015 4.950271E-006 2.959511E-002 0.000000E+000
    57 4.875178E-015 3.596989E-006 4.599677E-002 0.000000E+000
    58 8.199162E-015 5.461147E-006 3.679862E-002 0.000000E+000
    59 1.883591E-015 5.797300E-006 2.856058E-002 0.000000E+000
    60 2.991586E-015 5.641071E-006 3.755783E-002 0.000000E+000
    61 1.495793E-014 6.240882E-006 3.194459E-002 0.000000E+000
    62 2.094110E-014 4.250319E-006 2.633310E-002 0.000000E+000
    63 8.974759E-015 6.224894E-006 3.807392E-002 0.000000E+000
    64 5.539974E-015 8.024071E-006 3.590922E-002 0.000000E+000
    65 1.418233E-014 4.972772E-006 2.381724E-002 0.000000E+000
    66 1.384994E-014 8.411129E-006 2.731700E-002 0.000000E+000
    67 4.099581E-015 5.524269E-006 3.021805E-002 0.000000E+000
    68 8.088363E-015 6.359146E-006 2.836674E-002 0.000000E+000
    69 1.263114E-014 6.643819E-006 3.330668E-002 0.000000E+000
    70 4.210381E-015 7.261439E-006 3.110488E-002 0.000000E+000
    71 9.750355E-015 7.225736E-006 3.861527E-002 0.000000E+000
    72 1.130155E-014 8.029751E-006 4.085204E-002 0.000000E+000
    73 5.983172E-015 5.326464E-006 3.599463E-002 0.000000E+000
    74 1.551193E-014 9.623383E-006 2.733488E-002 0.000000E+000
    75 1.617673E-014 6.432500E-006 2.329127E-002 0.000000E+000
    76 7.423566E-015 5.630319E-006 2.572561E-002 0.000000E+000
    77 1.473633E-014 6.519283E-006 3.526660E-002 0.000000E+000
    78 1.684152E-014 6.783539E-006 2.676911E-002 0.000000E+000
    79 3.689623E-014 3.771260E-006 2.124563E-002 0.000000E+000
    80 2.105190E-014 4.358687E-006 2.394646E-002 0.000000E+000
    81 1.141235E-014 4.329518E-006 2.537403E-002 0.000000E+000
    82 4.653579E-015 6.652956E-006 2.862321E-002 0.000000E+000
    83 7.977563E-015 6.289412E-006 4.703020E-002 0.000000E+000
    84 3.545584E-015 4.503177E-006 3.305685E-002 0.000000E+000
    85 5.761573E-015 7.715000E-006 3.102139E-002 0.000000E+000
    86 2.271390E-014 5.480034E-006 2.575281E-002 0.000000E+000
    87 3.024826E-014 7.730454E-006 3.243413E-002 0.000000E+000
    88 1.152315E-014 3.564549E-006 3.870904E-002 0.000000E+000
    89 7.201967E-015 4.340336E-006 4.764493E-002 0.000000E+000
    90 6.315571E-015 6.171193E-006 3.157982E-002 0.000000E+000
    91 3.988782E-015 6.843228E-006 3.212374E-002 0.000000E+000
    92 4.099581E-015 5.601537E-006 4.326291E-002 0.000000E+000
    93 1.229874E-014 3.538877E-006 4.000630E-002 0.000000E+000
    94 2.880787E-015 6.916053E-006 3.088705E-002 0.000000E+000
    95 8.531561E-015 7.870888E-006 3.649561E-002 0.000000E+000
    96 4.542779E-015 6.802663E-006 3.961982E-002 0.000000E+000
    97 1.817112E-014 8.178808E-006 3.135070E-002 0.000000E+000
    98 7.755964E-015 2.687388E-006 3.321135E-002 0.000000E+000
    99 6.869568E-015 8.206809E-006 4.218566E-002 0.000000E+000
   100 4.210381E-015 2.787449E-006 3.231293E-002 0.000000E+000
   101 3.877982E-015 4.902651E-006 2.968564E-002 0.000000E+000
   102 1.950071E-014 2.366727E-006 3.117914E-002 0.000000E+000
   103 5.650774E-015 2.821833E-006 2.900341E-002 0.000000E+000
   104 1.085835E-014 6.670148E-006 3.550296E-002 0.000000E+000
   105 2.337869E-014 4.157018E-006 3.024059E-002 0.000000E+000
   106 2.204910E-014 7.037649E-006 4.366997E-002 0.000000E+000
   107 5.207576E-015 3.246419E-006 4.307621E-002 0.000000E+000
   108 1.240954E-014 4.645676E-006 2.610953E-002 0.000000E+000
   109 1.739552E-014 1.043708E-005 2.461247E-002 0.000000E+000
   110 8.420761E-015 3.841475E-006 2.583465E-002 0.000000E+000
   111 1.938991E-014 9.714337E-006 3.159143E-002 0.000000E+000
   112 7.201967E-015 4.116914E-006 2.810240E-002 0.000000E+000
   113 1.154531E-013 1.207210E-005 2.442942E-002 0.000000E+000
   114 8.863959E-015 9.544853E-006 3.018628E-002 0.000000E+000
   115 1.362834E-014 7.546710E-006 3.119332E-002 0.000000E+000
   116 1.296354E-014 3.897232E-006 3.149461E-002 0.000000E+000
   117 3.523424E-014 9.219790E-006 2.667747E-002 0.000000E+000
   118 2.105190E-014 7.661198E-006 2.216854E-002 0.000000E+000
   119 9.528756E-015 7.121842E-006 3.628568E-002 0.000000E+000
   120 8.863959E-015 4.476175E-006 4.357887E-002 0.000000E+000
   121 7.201967E-015 7.804121E-006 3.376189E-002 0.000000E+000
   122 1.872511E-014 8.871309E-006 3.468464E-002 0.000000E+000
   123 3.434784E-015 3.526448E-006 2.681661E-002 0.000000E+000
   124 9.307157E-015 7.559534E-006 2.717905E-002 0.000000E+000
   125 7.312766E-015 6.879485E-006 3.220414E-002 0.000000E+000
   126 6.093972E-015 6.948624E-006 4.794660E-002 0.000000E+000
   127 3.213185E-015 4.350907E-006 3.017690E-002 0.000000E+000
   128 1.650912E-014 6.402391E-006 3.718788E-002 0.000000E+000
   129 1.451473E-014 3.984213E-006 2.919093E-002 0.000000E+000
   130 4.875178E-015 5.522547E-006 2.930454E-002 0.000000E+000
   131 9.307157E-015 6.146095E-006 4.450904E-002 0.000000E+000
   132 4.653579E-015 9.127420E-006 3.407247E-002 0.000000E+000
   133 2.337869E-014 4.126764E-006 3.549741E-002 0.000000E+000
   134 2.747827E-014 8.335671E-006 2.706365E-002 0.000000E+000
   135 2.160590E-014 5.549868E-006 3.204021E-002 0.000000E+000
   136 1.252034E-014 7.451923E-006 2.382816E-002 0.000000E+000
   137 1.462553E-014 9.056236E-006 3.308394E-002 0.000000E+000
   138 2.271390E-014 3.764716E-006 2.487839E-002 0.000000E+000
   139 1.872511E-014 8.462722E-006 2.482192E-002 0.000000E+000
   140 1.340674E-014 7.496900E-006 3.873890E-002 0.000000E+000
   141 1.096915E-014 5.198599E-006 2.957049E-002 0.000000E+000
   142 4.985977E-015 6.906992E-006 3.526657E-002 0.000000E+000
   143 9.750355E-015 4.307603E-006 4.494847E-002 0.000000E+000
   144 5.650774E-015 6.352768E-006 2.623457E-002 0.000000E+000
   145 8.863959E-015 5.537044E-006 2.303553E-002 0.000000E+000
   146 2.127350E-014 3.863592E-006 2.858421E-002 0.000000E+000
   147 1.728472E-014 6.749014E-006 3.775372E-002 0.000000E+000
   148 1.318514E-014 8.692515E-006 2.974136E-002 0.000000E+000
   149 8.498321E-014 1.023296E-005 3.970009E-002 0.000000E+000
   150 3.423704E-014 1.163844E-005 2.570608E-002 0.000000E+000
   151 4.642499E-014 1.289915E-005 2.649082E-002 0.000000E+000
   152 2.537308E-014 9.924872E-006 2.634255E-002 0.000000E+000
   153 4.520619E-014 1.054234E-005 2.978553E-002 0.000000E+000
   154 9.406877E-014 1.458696E-005 2.767629E-002 0.000000E+000
   155 3.013746E-014 7.136641E-006 3.463762E-002 0.000000E+000
   156 1.309650E-013 1.405390E-005 2.759392E-002 0.000000E+000
   157 9.030158E-014 1.146982E-005 2.786042E-002 0.000000E+000
   158 2.548388E-014 5.343289E-006 2.551244E-002 0.000000E+000
   159 1.761712E-014 1.158081E-005 2.704645E-002 0.000000E+000
   160 1.362834E-014 7.701028E-006 2.995307E-002 0.000000E+000
   161 2.027631E-014 9.888258E-006 3.393670E-002 0.000000E+000
   162 1.761712E-014 1.067171E-005 4.081776E-002 0.000000E+000
   163 2.393269E-014 1.053093E-005 3.252866E-002 0.000000E+000
   164 1.584433E-014 7.167261E-006 2.430392E-002 0.000000E+000
   165 1.927911E-014 5.790449E-006 1.958081E-002 0.000000E+000
   166 1.551193E-014 5.695328E-006 3.143727E-002 0.000000E+000
   167 4.132821E-014 9.004279E-006 2.031395E-002 0.000000E+000
   168 1.141235E-014 4.881271E-006 3.063912E-002 0.000000E+000
   169 1.916831E-014 6.761773E-006 2.441740E-002 0.000000E+000
   170 1.429313E-014 7.173422E-006 2.187850E-002 0.000000E+000
   171 1.695232E-014 1.021458E-005 2.680535E-002 0.000000E+000
   172 1.274194E-014 1.044016E-005 2.800097E-002 0.000000E+000
   173 1.207714E-014 8.758232E-006 2.616839E-002 0.000000E+000
   174 1.263114E-014 6.704338E-006 3.760958E-002 0.000000E+000
   175 8.642360E-015 1.020897E-005 2.434496E-002 0.000000E+000
   176 2.415429E-014 7.965193E-006 2.551048E-002 0.000000E+000
   177 1.307434E-014 6.390166E-006 2.518796E-002 0.000000E+000
   178 1.008275E-014 9.310117E-006 2.801659E-002 0.000000E+000
   179 1.196634E-014 7.412221E-006 2.650210E-002 0.000000E+000
   180 1.584433E-014 9.191260E-006 2.709423E-002 0.000000E+000
   181 2.858627E-014 1.059054E-005 2.208213E-002 0.000000E+000
   182 2.005471E-014 7.766616E-006 3.794557E-002 0.000000E+000
   183 1.473633E-014 4.829090E-006 3.017843E-002 0.000000E+000
   184 1.473633E-014 6.609760E-006 2.457827E-002 0.000000E+000
   185 1.650912E-014 8.094377E-006 3.871705E-002 0.000000E+000
   186 1.606593E-014 7.450451E-006 2.978582E-002 0.000000E+000
   187 6.038572E-014 9.590770E-006 2.495932E-002 0.000000E+000
   188 1.573353E-014 6.374765E-006 3.774530E-002 0.000000E+000
   189 7.822444E-014 1.346689E-005 1.740184E-002 0.000000E+000
   190 3.024826E-014 5.832665E-006 3.682805E-002 0.000000E+000
   191 2.071950E-014 9.782281E-006 4.939921E-002 0.000000E+000
   192 2.160590E-014 1.057242E-005 2.317702E-002 0.000000E+000
   193 2.171670E-014 1.065975E-005 2.722222E-002 0.000000E+000
   194 2.116270E-014 8.837047E-006 4.634674E-002 0.000000E+000
   195 5.539974E-014 4.924574E-006 2.156760E-002 0.000000E+000
   196 5.872373E-015 6.335630E-006 3.083028E-002 0.000000E+000
   197 3.013746E-014 1.054108E-005 2.620582E-002 0.000000E+000
   198 4.210381E-014 5.991925E-006 3.165748E-002 0.000000E+000
   199 1.983311E-014 1.069816E-005 3.019890E-002 0.000000E+000
   200 3.999862E-014 8.445510E-006 2.994013E-002 0.000000E+000
   201 2.825387E-014 8.706414E-006 2.710145E-002 0.000000E+000
   202 1.307434E-014 6.836602E-006 2.405957E-002 0.000000E+000
   203 6.818601E-013 2.565036E-005 2.725523E-002 0.000000E+000
   204 6.093972E-014 1.217275E-005 2.286735E-002 0.000000E+000
   205 1.807140E-013 1.573078E-005 2.335911E-002 0.000000E+000
   206 1.197742E-013 1.000122E-005 1.464272E-002 0.000000E+000
   207 1.802708E-013 1.324251E-005 3.011981E-002 0.000000E+000
   208 4.088501E-014 9.056523E-006 2.402957E-002 0.000000E+000
   209 3.999862E-014 9.944107E-006 2.806755E-002 0.000000E+000
   210 7.822444E-014 7.412749E-006 2.305922E-002 0.000000E+000
   211 4.321180E-014 7.231861E-006 2.249042E-002 0.000000E+000
   212 2.869707E-014 1.015701E-005 2.664054E-002 0.000000E+000
   213 5.229736E-014 1.354370E-005 2.996772E-002 0.000000E+000
   214 5.329455E-014 6.503153E-006 2.928142E-002 0.000000E+000
   215 6.138292E-014 1.244159E-005 2.921809E-002 0.000000E+000
   216 4.531699E-014 1.002766E-005 3.890517E-002 0.000000E+000
   217 4.952737E-014 1.253955E-005 2.505728E-002 0.000000E+000
   218 3.357225E-014 1.134559E-005 2.958313E-002 0.000000E+000
   219 2.315709E-014 1.115964E-005 2.540394E-002 0.000000E+000
   220 2.603788E-014 8.596433E-006 3.312368E-002 0.000000E+000
   221 2.071950E-014 1.011806E-005 2.897124E-002 0.000000E+000
   222 2.847547E-014 8.615286E-006 2.387659E-002 0.000000E+000
   223 2.925107E-014 1.027049E-005 3.059376E-002 0.000000E+000
   224 1.418233E-014 9.191921E-006 3.013598E-002 0.000000E+000
   225 2.814307E-014 1.054653E-005 2.448867E-002 0.000000E+000
   226 1.650912E-014 1.093250E-005 4.315646E-002 0.000000E+000
   227 2.404349E-014 9.854464E-006 2.768919E-002 0.000000E+000
   228 2.526228E-014 7.077120E-006 2.586296E-002 0.000000E+000
   229 2.326789E-014 1.151874E-005 2.652666E-002 0.000000E+000
   230 3.556664E-014 9.419409E-006 2.543258E-002 0.000000E+000
   231 3.179945E-014 1.163097E-005 2.490511E-002 0.000000E+000
   232 1.761712E-014 8.816984E-006 2.696653E-002 0.000000E+000
   233 2.348949E-014 8.288017E-006 2.292579E-002 0.000000E+000
   234 2.038711E-014 7.176190E-006 2.875329E-002 0.000000E+000
   235 3.789343E-014 1.124162E-005 3.053203E-002 0.000000E+000
   236 1.695232E-014 9.919562E-006 2.769567E-002 0.000000E+000
   237 3.002666E-014 1.136150E-005 2.876709E-002 0.000000E+000
   238 3.168865E-014 8.273076E-006 2.094552E-002 0.000000E+000
   239 2.326789E-014 1.034074E-005 3.008559E-002 0.000000E+000
   240 3.069146E-014 1.093072E-005 2.997725E-002 0.000000E+000
   241 2.282469E-014 8.659752E-006 2.641892E-002 0.000000E+000
   242 2.083030E-014 9.091490E-006 2.671100E-002 0.000000E+000
   243 2.116270E-014 7.788041E-006 3.902448E-002 0.000000E+000
   244 1.380562E-013 1.819423E-005 2.159482E-002 0.000000E+000
   245 8.110523E-014 1.331113E-005 3.134835E-002 0.000000E+000
   246 9.717115E-014 1.188440E-005 2.464488E-002 0.000000E+000
   247 1.485821E-013 1.517205E-005 1.583305E-002 0.000000E+000
   248 4.254700E-014 1.163711E-005 2.299575E-002 0.000000E+000
   249 4.154981E-014 1.271640E-005 3.434643E-002 0.000000E+000
   250 7.689485E-014 9.009832E-006 2.103583E-002 0.000000E+000
   251 2.847547E-014 8.710080E-006 2.616354E-002 0.000000E+000
   252 1.098023E-013 1.298871E-005 3.047280E-002 0.000000E+000
   253 1.817112E-014 1.340727E-005 2.871901E-002 0.000000E+000
   254 2.803227E-014 9.205691E-006 2.616789E-002 0.000000E+000
   255 3.645303E-014 1.185151E-005 3.095580E-002 0.000000E+000
   256 3.634223E-014 7.934728E-006 2.406278E-002 0.000000E+000
   257 1.030435E-014 1.105312E-005 3.169092E-002 0.000000E+000
   258 3.434784E-014 1.114144E-005 3.420998E-002 0.000000E+000
   259 2.504068E-014 1.313804E-005 2.445758E-002 0.000000E+000
   260 3.689623E-014 1.000631E-005 4.528253E-002 0.000000E+000
   261 3.412624E-014 1.053042E-005 2.935973E-002 0.000000E+000
   262 1.695232E-014 9.110894E-006 2.427036E-002 0.000000E+000
   263 2.681348E-014 1.254985E-005 2.454029E-002 0.000000E+000
   264 2.105190E-014 1.127848E-005 3.480527E-002 0.000000E+000
   265 3.379384E-014 9.241063E-006 2.250140E-002 0.000000E+000
   266 2.060871E-014 1.156065E-005 3.643594E-002 0.000000E+000
   267 3.335065E-014 1.110708E-005 2.680083E-002 0.000000E+000
   268 4.321180E-014 1.315522E-005 3.042736E-002 0.000000E+000
   269 5.429175E-014 1.002131E-005 3.478484E-002 0.000000E+000
   270 5.085697E-014 1.347114E-005 3.558245E-002 0.000000E+000
   271 1.894671E-014 1.281282E-005 3.363515E-002 0.000000E+000
   272 3.545584E-014 9.924968E-006 3.052330E-002 0.000000E+000
   273 4.022021E-014 7.111876E-006 3.023347E-002 0.000000E+000
   274 4.631419E-014 8.209214E-006 1.959231E-002 0.000000E+000
   275 2.160590E-014 1.022481E-005 3.708275E-002 0.000000E+000
   276 3.013746E-014 8.577284E-006 3.327561E-002 0.000000E+000
   277 4.697898E-014 8.829132E-006 2.606559E-002 0.000000E+000
   278 8.553721E-014 1.465181E-005 3.385853E-002 0.000000E+000
   279 2.570548E-014 8.981314E-006 2.864413E-002 0.000000E+000
   280 9.395797E-014 1.158362E-005 2.882820E-002 0.000000E+000
   281 4.243620E-014 1.425650E-005 2.913358E-002 0.000000E+000
   282 7.722724E-014 1.660956E-005 2.438465E-002 0.000000E+000
   283 7.002528E-014 9.706006E-006 2.731189E-002 0.000000E+000
   284 4.110661E-014 1.203810E-005 2.450262E-002 0.000000E+000
   285 5.141096E-014 1.347118E-005 3.105615E-002 0.000000E+000
   286 9.329317E-014 1.115941E-005 2.932205E-002 0.000000E+000
   287 1.551193E-013 1.327248E-005 3.485126E-002 0.000000E+000
   288 5.395935E-014 1.341434E-005 2.020241E-002 0.000000E+000
   289 1.430421E-013 1.820937E-005 2.186763E-002 0.000000E+000
   290 6.880648E-014 1.250241E-005 2.694417E-002 0.000000E+000
   291 3.013746E-014 1.378991E-005 2.893728E-002 0.000000E+000
   292 5.418095E-014 1.164484E-005 2.857280E-002 0.000000E+000
   293 2.648108E-014 1.181348E-005 2.827542E-002 0.000000E+000
   294 3.379384E-014 9.727307E-006 2.640780E-002 0.000000E+000
   295 2.138430E-014 1.068401E-005 2.479603E-002 0.000000E+000
   296 2.858627E-014 1.256119E-005 3.033987E-002 0.000000E+000
   297 2.936186E-014 1.159882E-005 4.376088E-002 0.000000E+000
   298 3.290745E-014 1.145113E-005 2.643071E-002 0.000000E+000
   299 4.044181E-014 1.131426E-005 2.646294E-002 0.000000E+000
   300 7.888924E-014 1.428982E-005 2.787917E-002 0.000000E+000
   301 4.243620E-014 1.099845E-005 3.196676E-002 0.000000E+000
   302 4.786538E-014 1.278461E-005 2.458884E-002 0.000000E+000
   303 8.143762E-014 1.420670E-005 3.804149E-002 0.000000E+000
   304 5.362695E-014 1.311656E-005 2.205358E-002 0.000000E+000
   305 4.875178E-014 1.362351E-005 2.249035E-002 0.000000E+000
   306 4.099581E-014 1.130688E-005 2.465785E-002 0.000000E+000
   307 5.251896E-014 1.364017E-005 3.143084E-002 0.000000E+000
   308 1.019355E-013 1.238225E-005 3.085462E-002 0.000000E+000
   309 7.124407E-014 1.059059E-005 2.767718E-002 0.000000E+000
   310 4.919497E-014 1.396388E-005 2.768869E-002 0.000000E+000
   311 4.431980E-014 8.832596E-006 2.322133E-002 0.000000E+000
   312 5.196496E-014 1.294707E-005 2.916401E-002 0.000000E+000
   313 4.908417E-014 1.126068E-005 2.646404E-002 0.000000E+000
   314 5.307296E-014 1.312549E-005 2.371985E-002 0.000000E+000
   315 1.014923E-013 1.349446E-005 2.627583E-002 0.000000E+000
   316 3.456944E-014 9.678879E-006 2.896891E-002 0.000000E+000
   317 2.111838E-013 1.146452E-005 2.779588E-002 0.000000E+000
   318 1.750632E-014 1.031737E-005 3.759266E-002 0.000000E+000
   319 5.539974E-014 9.721125E-006 2.631381E-002 0.000000E+000
   320 1.183339E-013 1.051588E-005 2.744815E-002 0.000000E+000
   321 5.944393E-013 2.785041E-005 2.104568E-002 0.000000E+000
   322 8.221322E-014 1.333500E-005 2.605399E-002 0.000000E+000
   323 1.314082E-013 1.473149E-005 2.227912E-002 0.000000E+000
   324 1.173367E-013 1.119369E-005 2.458083E-002 0.000000E+000
   325 1.280842E-013 1.726607E-005 3.095151E-002 0.000000E+000
   326 2.827603E-013 2.032089E-005 1.922074E-002 0.000000E+000
   327 1.047055E-013 1.329516E-005 2.349007E-002 0.000000E+000
   328 1.310758E-013 1.653529E-005 2.601124E-002 0.000000E+000
   329 1.598837E-013 1.269681E-005 1.939316E-002 0.000000E+000
   330 6.326651E-014 1.257107E-005 3.225396E-002 0.000000E+000
   331 6.348811E-014 1.316735E-005 2.738323E-002 0.000000E+000
   332 2.778851E-013 1.850471E-005 1.684466E-002 0.000000E+000
   333 9.340397E-014 1.346938E-005 2.663560E-002 0.000000E+000
   334 4.454139E-014 1.182486E-005 3.044399E-002 0.000000E+000
   335 6.149372E-014 1.375205E-005 2.870411E-002 0.000000E+000
   336 6.260171E-014 1.137969E-005 2.475759E-002 0.000000E+000
   337 3.955542E-014 1.489454E-005 2.837646E-002 0.000000E+000
   338 6.559330E-014 1.471957E-005 2.437605E-002 0.000000E+000
   339 6.880648E-014 1.022733E-005 3.948862E-002 0.000000E+000
   340 1.140127E-013 1.500510E-005 2.581142E-002 0.000000E+000
   341 1.609917E-013 1.283562E-005 2.484335E-002 0.000000E+000
   342 3.390464E-014 1.279169E-005 3.253043E-002 0.000000E+000
   343 8.099443E-014 1.500851E-005 2.015891E-002 0.000000E+000
   344 9.539836E-014 1.103674E-005 1.913947E-002 0.000000E+000
   345 1.705204E-013 1.201486E-005 1.923001E-002 0.000000E+000
   346 9.938714E-014 1.085070E-005 1.616110E-002 0.000000E+000
   347 6.581490E-014 1.223306E-005 3.241850E-002 0.000000E+000
   348 8.531561E-014 1.060248E-005 2.273385E-002 0.000000E+000
   349 6.758769E-014 1.107337E-005 2.473542E-002 0.000000E+000
   350 8.032963E-014 1.484423E-005 2.737565E-002 0.000000E+000
   351 6.359891E-014 1.241046E-005 3.168736E-002 0.000000E+000
   352 2.739407E-012 4.176557E-005 1.543529E-002 0.000000E+000
   353 2.088570E-013 1.392388E-005 2.484376E-002 0.000000E+000
   354 1.363942E-013 1.581481E-005 3.183015E-002 0.000000E+000
   355 5.916693E-014 1.380698E-005 2.509438E-002 0.000000E+000
   356 7.002528E-014 1.589713E-005 2.901555E-002 0.000000E+000
   357 1.148991E-013 1.655735E-005 2.482559E-002 0.000000E+000
   358 1.829300E-013 2.223252E-005 2.656180E-002 0.000000E+000
   359 4.132821E-014 1.264769E-005 3.113212E-002 0.000000E+000
   360 4.742218E-014 1.238102E-005 3.189871E-002 0.000000E+000
   361 8.775320E-014 1.525310E-005 2.752579E-002 0.000000E+000
   362 1.135695E-013 1.554887E-005 2.873056E-002 0.000000E+000
   363 6.902808E-014 1.211266E-005 3.067703E-002 0.000000E+000
   364 1.217686E-013 1.426173E-005 2.129621E-002 0.000000E+000
   365 2.980506E-014 1.073263E-005 4.183922E-002 0.000000E+000
   366 6.437450E-014 1.572586E-005 3.140262E-002 0.000000E+000
   367 5.351615E-014 1.228779E-005 2.983082E-002 0.000000E+000
   368 6.293411E-014 1.370268E-005 2.758957E-002 0.000000E+000
   369 1.100239E-013 1.539608E-005 2.963940E-002 0.000000E+000
   370 4.576019E-014 1.501097E-005 2.816110E-002 0.000000E+000
   371 6.880648E-014 1.447933E-005 2.225048E-002 0.000000E+000
   372 1.331810E-013 1.514379E-005 2.711150E-002 0.000000E+000
   373 6.891728E-014 1.271571E-005 2.705805E-002 0.000000E+000
   374 1.055919E-013 1.589119E-005 2.187617E-002 0.000000E+000
   375 9.163118E-014 1.064396E-005 3.356863E-002 0.000000E+000
   376 4.731138E-014 1.434024E-005 2.689761E-002 0.000000E+000
   377 7.434646E-014 1.345581E-005 3.053521E-002 0.000000E+000
   378 1.349538E-013 1.193753E-005 3.108348E-002 0.000000E+000
   379 7.600845E-014 1.105445E-005 3.063667E-002 0.000000E+000
   380 1.053703E-013 1.422332E-005 2.539645E-002 0.000000E+000
   381 1.068107E-013 1.060234E-005 2.777567E-002 0.000000E+000
   382 7.833524E-014 1.229591E-005 3.190535E-002 0.000000E+000
   383 1.872511E-013 1.340040E-005 2.940694E-002 0.000000E+000
   384 3.152245E-013 1.961696E-005 2.644857E-002 0.000000E+000
   385 9.329317E-014 1.594524E-005 2.644374E-002 0.000000E+000
   386 9.739275E-014 1.410269E-005 2.688641E-002 0.000000E+000
   387 2.325681E-013 1.749309E-005 2.168204E-002 0.000000E+000
   388 1.267546E-013 1.697782E-005 1.838257E-002 0.000000E+000
   389 7.412486E-014 1.627343E-005 2.697158E-002 0.000000E+000
   390 1.472525E-013 1.422932E-005 2.548572E-002 0.000000E+000
   391 4.941657E-014 1.383894E-005 3.312827E-002 0.000000E+000
   392 8.719920E-014 1.506358E-005 3.340337E-002 0.000000E+000
   393 7.024688E-014 1.244727E-005 3.205707E-002 0.000000E+000
   394 6.936048E-014 1.354627E-005 2.875014E-002 0.000000E+000
   395 6.249091E-014 1.298634E-005 2.691873E-002 0.000000E+000
   396 8.775320E-014 1.523313E-005 2.724083E-002 0.000000E+000
   397 1.698556E-013 1.877928E-005 3.239794E-002 0.000000E+000
   398 1.433745E-012 3.447811E-005 1.736406E-002 0.000000E+000
   399 8.775320E-014 1.282140E-005 2.816625E-002 0.000000E+000
   400 2.197154E-013 1.520210E-005 1.864022E-002 0.000000E+000
   401 9.118798E-014 1.300243E-005 2.720980E-002 0.000000E+000
   402 9.273917E-014 1.442745E-005 2.542353E-002 0.000000E+000
   403 8.863959E-014 1.517316E-005 2.485602E-002 0.000000E+000
   404 7.545445E-014 1.421044E-005 3.167826E-002 0.000000E+000
   405 9.096638E-014 1.354135E-005 3.230669E-002 0.000000E+000
   406 9.550916E-014 1.300410E-005 3.260254E-002 0.000000E+000
   407 5.695094E-014 1.509637E-005 2.911156E-002 0.000000E+000
   408 1.091375E-013 1.417330E-005 3.023863E-002 0.000000E+000
   409 8.066203E-014 1.426448E-005 3.458510E-002 0.000000E+000
   410 8.642360E-014 1.513552E-005 2.729061E-002 0.000000E+000
   411 1.574461E-013 1.814484E-005 2.416892E-002 0.000000E+000
   412 1.638724E-013 1.396395E-005 2.140061E-002 0.000000E+000
   413 8.332122E-014 1.281139E-005 2.142835E-002 0.000000E+000
   414 9.573076E-014 1.512167E-005 2.407346E-002 0.000000E+000
   415 1.770576E-013 1.616510E-005 2.705462E-002 0.000000E+000
   416 1.361726E-013 1.667556E-005 2.458697E-002 0.000000E+000
   417 1.953395E-013 1.507293E-005 2.341182E-002 0.000000E+000
   418 3.226481E-013 1.953494E-005 1.749118E-002 0.000000E+000
   419 9.827915E-014 1.602660E-005 2.829781E-002 0.000000E+000
   420 2.522904E-013 1.990627E-005 2.056947E-002 0.000000E+000
   421 6.636889E-014 1.472861E-005 2.703499E-002 0.000000E+000
   422 1.741768E-013 1.746757E-005 1.927287E-002 0.000000E+000
   423 5.551054E-014 1.481159E-005 3.226800E-002 0.000000E+000
   424 1.024895E-013 1.683144E-005 2.036600E-002 0.000000E+000
   425 7.933243E-014 1.407069E-005 2.563095E-002 0.000000E+000
   426 1.401614E-013 1.534998E-005 2.193296E-002 0.000000E+000
   427 1.205498E-013 1.737533E-005 2.459202E-002 0.000000E+000
   428 1.104671E-013 1.429285E-005 2.667500E-002 0.000000E+000
   429 9.772515E-014 1.789957E-005 3.007437E-002 0.000000E+000
   430 2.046467E-013 1.431083E-005 1.967259E-002 0.000000E+000
   431 9.528756E-014 1.434164E-005 2.994010E-002 0.000000E+000
   432 1.053703E-013 1.657682E-005 2.902960E-002 0.000000E+000
   433 2.231502E-013 2.120375E-005 2.376107E-002 0.000000E+000
   434 1.661992E-013 1.670355E-005 2.358476E-002 0.000000E+000
   435 1.094699E-013 1.612385E-005 2.670096E-002 0.000000E+000
   436 1.951179E-013 1.632985E-005 3.106698E-002 0.000000E+000
   437 8.575880E-014 1.305919E-005 3.055580E-002 0.000000E+000
   438 1.698556E-013 1.541976E-005 3.203669E-002 0.000000E+000
   439 2.730099E-013 1.585091E-005 2.149640E-002 0.000000E+000
   440 8.974759E-014 1.760448E-005 2.531518E-002 0.000000E+000
   441 4.897337E-014 1.772805E-005 2.871202E-002 0.000000E+000
   442 1.106887E-013 1.787093E-005 2.276286E-002 0.000000E+000
   443 1.018247E-013 1.655917E-005 2.952285E-002 0.000000E+000
   444 8.398601E-014 1.476646E-005 2.543166E-002 0.000000E+000
   445 9.606316E-014 1.306268E-005 2.187228E-002 0.000000E+000
   446 1.382778E-013 2.265679E-005 3.246072E-002 0.000000E+000
   447 2.785499E-013 2.293144E-005 2.890176E-002 0.000000E+000
   448 6.117240E-013 1.983088E-005 2.272882E-002 0.000000E+000
   449 2.637028E-013 1.981176E-005 2.229587E-002 0.000000E+000
   450 2.360029E-013 2.023298E-005 2.101441E-002 0.000000E+000
   451 2.076382E-013 1.643207E-005 2.979805E-002 0.000000E+000
   452 1.287490E-013 1.828214E-005 3.317995E-002 0.000000E+000
   453 9.550916E-014 1.568664E-005 3.718762E-002 0.000000E+000
   454 4.084069E-013 2.474511E-005 2.124172E-002 0.000000E+000
   455 1.264222E-013 1.635290E-005 2.855346E-002 0.000000E+000
   456 1.710744E-013 1.667013E-005 2.466269E-002 0.000000E+000
   457 1.472525E-013 1.494940E-005 2.187571E-002 0.000000E+000
   458 1.804924E-013 1.832301E-005 1.946352E-002 0.000000E+000
   459 1.078079E-013 1.600636E-005 2.465880E-002 0.000000E+000
   460 4.409820E-014 1.784468E-005 3.583828E-002 0.000000E+000
   461 2.409889E-013 1.544089E-005 2.953335E-002 0.000000E+000
   462 1.004951E-013 1.467844E-005 2.738997E-002 0.000000E+000
   463 1.403830E-013 1.525116E-005 2.406514E-002 0.000000E+000
   464 1.278626E-013 1.433795E-005 2.004959E-002 0.000000E+000
   465 1.003843E-013 1.481678E-005 3.782845E-002 0.000000E+000
   466 6.470690E-014 1.898558E-005 2.790977E-002 0.000000E+000
   467 1.230982E-013 1.895267E-005 2.792971E-002 0.000000E+000
   468 1.314082E-013 1.628167E-005 2.553115E-002 0.000000E+000
   469 1.290814E-013 1.320046E-005 2.684197E-002 0.000000E+000
   470 8.332122E-014 1.595962E-005 2.841033E-002 0.000000E+000
   471 1.557841E-013 1.917054E-005 3.148269E-002 0.000000E+000
   472 1.103563E-013 1.630140E-005 3.487126E-002 0.000000E+000
   473 1.507981E-013 1.485256E-005 2.402127E-002 0.000000E+000
   474 1.516845E-013 1.754182E-005 2.357479E-002 0.000000E+000
   475 1.024895E-012 2.352304E-005 1.925176E-002 0.000000E+000
   476 4.777674E-013 2.271195E-005 2.902629E-002 0.000000E+000
   477 4.084069E-013 1.867336E-005 2.671203E-002 0.000000E+000
   478 7.430214E-013 2.513618E-005 2.192358E-002 0.000000E+000
   479 3.664139E-013 1.904989E-005 2.229553E-002 0.000000E+000
   480 3.345037E-013 1.809602E-005 1.467222E-002 0.000000E+000
   481 1.547869E-013 1.625708E-005 2.236983E-002 0.000000E+000
   482 1.170153E-012 3.165531E-005 2.065357E-002 0.000000E+000
   483 7.523285E-014 1.611369E-005 2.643377E-002 0.000000E+000
   484 1.423773E-013 1.626927E-005 2.287677E-002 0.000000E+000
   485 1.110211E-013 1.478583E-005 2.589157E-002 0.000000E+000
   486 2.806551E-013 1.909917E-005 1.739452E-002 0.000000E+000
   487 1.141235E-013 1.684743E-005 2.349837E-002 0.000000E+000
   488 9.218518E-014 1.747333E-005 2.571976E-002 0.000000E+000
   489 1.256466E-013 1.541206E-005 2.152445E-002 0.000000E+000
   490 2.228178E-013 1.857616E-005 2.295034E-002 0.000000E+000
   491 1.382778E-013 1.850650E-005 2.571492E-002 0.000000E+000
   492 5.684014E-014 1.872383E-005 2.716659E-002 0.000000E+000
   493 1.881375E-013 1.517517E-005 2.327343E-002 0.000000E+000
   494 1.014923E-013 1.700794E-005 2.944750E-002 0.000000E+000
   495 6.795333E-013 2.996272E-005 2.577048E-002 0.000000E+000
   496 8.841799E-014 1.638714E-005 2.760424E-002 0.000000E+000
   497 1.382778E-013 1.564879E-005 2.622066E-002 0.000000E+000
   498 2.128458E-013 2.053722E-005 2.227179E-002 0.000000E+000
   499 1.730688E-013 1.952144E-005 1.789843E-002 0.000000E+000
   500 8.077283E-014 1.689451E-005 2.609632E-002 0.000000E+000
   501 1.209930E-013 1.645644E-005 1.998438E-002 0.000000E+000
   502 1.289706E-013 1.829267E-005 2.376042E-002 0.000000E+000
   503 1.563381E-013 1.853846E-005 3.023295E-002 0.000000E+000
   504 2.578747E-012 3.796084E-005 1.413798E-002 0.000000E+000
   505 1.194418E-013 1.904649E-005 2.842253E-002 0.000000E+000
   506 1.258682E-013 1.799915E-005 2.240527E-002 0.000000E+000
   507 2.064194E-013 1.955848E-005 2.546263E-002 0.000000E+000
   508 1.448149E-013 1.864217E-005 2.454722E-002 0.000000E+000
   509 8.465081E-014 1.617395E-005 2.503907E-002 0.000000E+000
   510 1.433745E-013 1.964310E-005 2.921743E-002 0.000000E+000
   511 7.401406E-014 1.531839E-005 2.827090E-002 0.000000E+000
   512 1.319622E-013 1.980097E-005 2.482276E-002 0.000000E+000
   513 1.403830E-013 1.604784E-005 2.795766E-002 0.000000E+000
   514 1.132371E-013 1.905769E-005 2.064075E-002 0.000000E+000
   515 1.563381E-013 1.869041E-005 2.939830E-002 0.000000E+000
   516 1.671964E-013 1.871329E-005 2.273013E-002 0.000000E+000
   517 1.348430E-013 1.846043E-005 2.688115E-002 0.000000E+000
   518 1.196634E-013 1.556829E-005 2.697402E-002 0.000000E+000
   519 2.139538E-013 1.780357E-005 3.126802E-002 0.000000E+000
   520 1.143451E-013 1.531131E-005 2.699300E-002 0.000000E+000
   521 1.421557E-013 1.821119E-005 3.085638E-002 0.000000E+000
   522 2.289117E-013 1.929590E-005 2.429532E-002 0.000000E+000
   523 5.936637E-013 2.020515E-005 2.334785E-002 0.000000E+000
   524 2.420969E-013 1.877741E-005 1.982001E-002 0.000000E+000
   525 2.347841E-013 2.326793E-005 2.840434E-002 0.000000E+000
   526 3.466916E-012 4.853750E-005 1.645832E-002 0.000000E+000
   527 2.676916E-013 1.619740E-005 1.705442E-002 0.000000E+000
   528 2.045359E-013 1.616835E-005 3.210006E-002 0.000000E+000
   529 9.099962E-013 3.003026E-005 1.961749E-002 0.000000E+000
   530 2.027631E-013 1.716245E-005 2.760826E-002 0.000000E+000
   531 3.490184E-013 2.007935E-005 2.299606E-002 0.000000E+000
   532 6.265711E-013 2.237029E-005 1.589959E-002 0.000000E+000
   533 2.772203E-013 1.806264E-005 2.177093E-002 0.000000E+000
   534 1.336242E-013 1.895562E-005 2.521485E-002 0.000000E+000
   535 1.377238E-013 1.867731E-005 2.301280E-002 0.000000E+000
   536 2.415429E-013 1.960793E-005 1.793723E-002 0.000000E+000
   537 1.092483E-013 1.570477E-005 2.454391E-002 0.000000E+000
   538 3.091306E-013 1.720203E-005 2.351604E-002 0.000000E+000
   539 1.644264E-013 2.347913E-005 2.619503E-002 0.000000E+000
   540 1.383886E-013 1.775177E-005 2.753079E-002 0.000000E+000
   541 2.183858E-013 1.854750E-005 2.199609E-002 0.000000E+000
   542 2.538416E-013 1.954935E-005 2.074444E-002 0.000000E+000
   543 4.239188E-013 2.502008E-005 2.246712E-002 0.000000E+000
   544 1.858107E-013 1.715346E-005 2.945718E-002 0.000000E+000
   545 2.681348E-013 1.821257E-005 2.273952E-002 0.000000E+000
   546 2.002147E-013 1.785220E-005 2.225442E-002 0.000000E+000
   547 1.968907E-013 2.001654E-005 2.086194E-002 0.000000E+000
   548 3.598767E-013 2.277107E-005 3.024443E-002 0.000000E+000
   549 1.547869E-013 1.990495E-005 2.830685E-002 0.000000E+000
   550 2.647000E-013 2.408946E-005 2.447817E-002 0.000000E+000
   551 8.265642E-013 2.908929E-005 2.119043E-002 0.000000E+000
   552 2.668052E-013 2.086262E-005 2.267237E-002 0.000000E+000
   553 2.772203E-013 1.949859E-005 1.784524E-002 0.000000E+000
   554 2.018767E-013 2.044187E-005 3.048944E-002 0.000000E+000
   555 5.545514E-013 2.624296E-005 2.893092E-002 0.000000E+000
   556 1.996607E-013 1.765670E-005 2.280881E-002 0.000000E+000
   557 1.746200E-013 2.086609E-005 3.450889E-002 0.000000E+000
   558 1.115751E-013 2.077397E-005 2.920111E-002 0.000000E+000
   559 1.175583E-013 1.679077E-005 3.133244E-002 0.000000E+000
   560 1.325162E-013 1.843647E-005 2.434621E-002 0.000000E+000
   561 1.922371E-013 1.810792E-005 2.629598E-002 0.000000E+000
   562 1.696340E-013 2.056781E-005 2.578584E-002 0.000000E+000
   563 5.257436E-013 1.712766E-005 1.601204E-002 0.000000E+000
   564 1.293030E-013 1.896104E-005 2.594009E-002 0.000000E+000
   565 3.417056E-013 2.228072E-005 3.237470E-002 0.000000E+000
   566 4.755514E-013 2.555586E-005 2.055545E-002 0.000000E+000
   567 5.442471E-013 1.963423E-005 1.676232E-002 0.000000E+000
   568 3.900142E-013 2.140112E-005 2.113406E-002 0.000000E+000
   569 1.381670E-013 1.931315E-005 2.281875E-002 0.000000E+000
   570 2.244798E-013 1.954094E-005 2.492861E-002 0.000000E+000
   571 1.098245E-012 2.736627E-005 1.965025E-002 0.000000E+000
   572 1.270870E-013 1.669168E-005 2.602725E-002 0.000000E+000
   573 4.561615E-013 2.182982E-005 2.684808E-002 0.000000E+000
   574 1.375022E-013 1.680509E-005 2.512987E-002 0.000000E+000
   575 2.130453E-012 4.623742E-005 1.632528E-002 0.000000E+000
   576 2.217098E-013 1.655330E-005 1.640435E-002 0.000000E+000
   577 1.526817E-013 1.712671E-005 2.486429E-002 0.000000E+000
   578 1.613241E-013 1.945821E-005 3.012758E-002 0.000000E+000
   579 1.740660E-013 1.654661E-005 2.255707E-002 0.000000E+000
   580 2.437589E-013 1.863138E-005 2.566038E-002 0.000000E+000
   581 1.412693E-013 1.621960E-005 2.754572E-002 0.000000E+000
   582 2.213774E-013 1.619447E-005 2.627915E-002 0.000000E+000
   583 1.117302E-012 3.364327E-005 1.822880E-002 0.000000E+000
   584 2.135106E-013 1.707985E-005 1.987793E-002 0.000000E+000
   585 2.577196E-013 2.171461E-005 2.835492E-002 0.000000E+000
   586 4.793186E-013 2.401994E-005 2.349490E-002 0.000000E+000
   587 2.878571E-013 2.185629E-005 2.287673E-002 0.000000E+000
   588 2.107406E-013 2.180144E-005 2.542030E-002 0.000000E+000
   589 1.381670E-013 1.720567E-005 2.772595E-002 0.000000E+000
   590 1.274194E-013 1.962246E-005 2.986765E-002 0.000000E+000
   591 2.218206E-013 2.182748E-005 2.710605E-002 0.000000E+000
   592 2.317925E-013 1.764465E-005 2.286906E-002 0.000000E+000
   593 2.080814E-013 1.753983E-005 2.031587E-002 0.000000E+000
   594 1.603269E-013 2.147037E-005 2.474376E-002 0.000000E+000
   595 1.974558E-012 3.555707E-005 2.067112E-002 0.000000E+000
   596 1.307434E-013 1.685506E-005 3.828296E-002 0.000000E+000
   597 1.731796E-013 1.992081E-005 2.466350E-002 0.000000E+000
   598 4.333368E-013 2.320838E-005 1.888751E-002 0.000000E+000
   599 2.423185E-013 1.739074E-005 2.577079E-002 0.000000E+000
   600 2.286901E-013 2.001473E-005 2.623031E-002 0.000000E+000
   601 1.958935E-013 2.018612E-005 2.223212E-002 0.000000E+000
   602 1.872511E-013 1.760233E-005 2.346915E-002 0.000000E+000
   603 1.699664E-013 2.120769E-005 2.083148E-002 0.000000E+000
   604 3.276341E-013 2.233086E-005 2.207804E-002 0.000000E+000
   605 5.798137E-013 2.902636E-005 2.528309E-002 0.000000E+000
   606 3.937814E-013 1.881879E-005 2.173747E-002 0.000000E+000
   607 3.608739E-013 2.103269E-005 2.360848E-002 0.000000E+000
   608 3.968838E-013 2.351647E-005 1.600329E-002 0.000000E+000
   609 1.705204E-013 2.091134E-005 1.910663E-002 0.000000E+000
   610 1.103563E-013 2.208524E-005 3.215066E-002 0.000000E+000
   611 1.891347E-013 2.030742E-005 2.552975E-002 0.000000E+000
   612 3.588795E-013 1.791496E-005 1.948113E-002 0.000000E+000
   613 1.321949E-012 3.883346E-005 1.969340E-002 0.000000E+000
   614 5.850213E-013 2.070765E-005 2.190828E-002 0.000000E+000
   615 1.360507E-012 3.251420E-005 2.198518E-002 0.000000E+000
   616 8.128251E-013 3.199843E-005 1.795961E-002 0.000000E+000
   617 7.962051E-013 2.739037E-005 1.875723E-002 0.000000E+000
   618 3.136734E-013 2.106757E-005 1.971255E-002 0.000000E+000
   619 1.413801E-013 2.212924E-005 1.977332E-002 0.000000E+000
   620 2.139538E-013 2.199779E-005 2.276302E-002 0.000000E+000
   621 1.648696E-013 2.192374E-005 2.937963E-002 0.000000E+000
   622 1.347322E-013 1.892173E-005 3.189682E-002 0.000000E+000
   623 2.866383E-013 2.292128E-005 1.877494E-002 0.000000E+000
   624 3.046986E-013 2.097314E-005 2.068932E-002 0.000000E+000
   625 2.241474E-013 1.802534E-005 2.338020E-002 0.000000E+000
   626 3.851390E-013 2.012158E-005 1.930778E-002 0.000000E+000
   627 2.200478E-013 1.800940E-005 2.218612E-002 0.000000E+000
   628 2.682456E-013 2.262946E-005 2.505416E-002 0.000000E+000
   629 1.500225E-013 2.023283E-005 2.862626E-002 0.000000E+000
   630 3.162217E-013 2.073558E-005 2.013150E-002 0.000000E+000
   631 2.777743E-013 1.955221E-005 1.883187E-002 0.000000E+000
   632 1.753956E-013 1.784075E-005 2.173535E-002 0.000000E+000
   633 3.294069E-013 2.308299E-005 2.435661E-002 0.000000E+000
   634 2.089678E-013 1.940429E-005 2.185913E-002 0.000000E+000
   635 3.325093E-013 2.487117E-005 1.921928E-002 0.000000E+000
   636 3.937814E-013 2.020553E-005 1.959390E-002 0.000000E+000
   637 6.808629E-013 2.597402E-005 2.602694E-002 0.000000E+000
   638 1.107995E-012 3.409075E-005 1.773002E-002 0.000000E+000
   639 1.587646E-012 3.057223E-005 1.607876E-002 0.000000E+000
   640 4.825318E-013 2.600355E-005 2.333553E-002 0.000000E+000
   641 5.385963E-013 2.359262E-005 1.850255E-002 0.000000E+000
   642 7.645165E-013 2.899870E-005 1.744109E-002 0.000000E+000
   643 6.369863E-013 2.704091E-005 3.224939E-002 0.000000E+000
   644 3.799314E-013 2.238585E-005 2.104617E-002 0.000000E+000
   645 5.349399E-013 2.750519E-005 1.756504E-002 0.000000E+000
   646 3.636439E-013 2.223505E-005 2.084981E-002 0.000000E+000
   647 2.188290E-013 2.353713E-005 2.161262E-002 0.000000E+000
   648 7.718292E-013 2.690037E-005 1.734734E-002 0.000000E+000
   649 2.897407E-013 1.945579E-005 1.893731E-002 0.000000E+000
   650 2.773311E-013 2.140229E-005 2.060185E-002 0.000000E+000
   651 1.028219E-013 2.125268E-005 3.103728E-002 0.000000E+000
   652 2.602680E-013 1.892837E-005 2.519426E-002 0.000000E+000
   653 6.019736E-013 1.937606E-005 2.138008E-002 0.000000E+000
   654 5.917801E-013 2.161048E-005 1.588426E-002 0.000000E+000
   655 7.339358E-013 2.910492E-005 1.919011E-002 0.000000E+000
   656 3.936706E-013 2.114633E-005 2.091487E-002 0.000000E+000
   657 1.524601E-013 2.396787E-005 2.023816E-002 0.000000E+000
   658 2.196046E-013 1.914076E-005 1.946560E-002 0.000000E+000
   659 2.264742E-013 2.562530E-005 2.550255E-002 0.000000E+000
   660 1.122399E-013 2.044219E-005 2.743914E-002 0.000000E+000
   661 1.624985E-012 3.572014E-005 2.191060E-002 0.000000E+000
   662 4.106229E-013 2.177526E-005 2.645243E-002 0.000000E+000
   663 2.824279E-013 2.464826E-005 2.812285E-002 0.000000E+000
   664 2.612652E-013 2.281072E-005 2.662078E-002 0.000000E+000
   665 8.333230E-013 3.573091E-005 2.181024E-002 0.000000E+000
   666 3.014854E-013 2.269985E-005 2.556152E-002 0.000000E+000
   667 2.340085E-013 2.089133E-005 2.581573E-002 0.000000E+000
   668 7.893356E-013 2.784148E-005 1.303973E-002 0.000000E+000
   669 8.448461E-013 2.917213E-005 2.137545E-002 0.000000E+000
   670 2.018434E-012 4.612414E-005 1.738536E-002 0.000000E+000
   671 1.171705E-012 2.985686E-005 1.851708E-002 0.000000E+000
   672 2.806551E-013 1.981546E-005 2.639623E-002 0.000000E+000
   673 2.726886E-012 4.247260E-005 1.392580E-002 0.000000E+000
   674 3.715107E-013 2.073435E-005 2.631795E-002 0.000000E+000
   675 4.323396E-013 2.381109E-005 2.844060E-002 0.000000E+000
   676 3.143382E-013 2.471420E-005 2.011062E-002 0.000000E+000
   677 4.970465E-013 2.234642E-005 1.884517E-002 0.000000E+000
   678 2.209785E-012 4.298426E-005 2.277522E-002 0.000000E+000
   679 1.172923E-012 2.410701E-005 1.447307E-002 0.000000E+000
   680 1.250926E-013 2.081731E-005 3.328731E-002 0.000000E+000
   681 1.445601E-012 3.614258E-005 1.277084E-002 0.000000E+000
   682 2.751151E-013 2.252411E-005 2.782515E-002 0.000000E+000
   683 2.052007E-013 2.184735E-005 2.357298E-002 0.000000E+000
   684 1.926803E-013 1.925115E-005 2.670295E-002 0.000000E+000
   685 3.079118E-013 2.348697E-005 2.666604E-002 0.000000E+000
   686 3.638655E-013 2.272805E-005 2.068123E-002 0.000000E+000
   687 2.863059E-013 2.124534E-005 2.453740E-002 0.000000E+000
   688 2.784391E-013 2.224557E-005 2.310174E-002 0.000000E+000
   689 3.656383E-013 1.932283E-005 1.973824E-002 0.000000E+000
   690 2.016551E-013 2.123889E-005 2.212647E-002 0.000000E+000
   691 2.211558E-013 2.199394E-005 2.409934E-002 0.000000E+000
   692 2.710156E-013 2.056149E-005 2.441396E-002 0.000000E+000
   693 2.814307E-013 2.182995E-005 1.627882E-002 0.000000E+000
   694 3.184377E-013 2.375858E-005 2.360646E-002 0.000000E+000
   695 1.025117E-012 3.812231E-005 2.088528E-002 0.000000E+000
   696 2.254770E-013 1.979822E-005 3.232727E-002 0.000000E+000
   697 3.143382E-013 2.224992E-005 2.430441E-002 0.000000E+000
   698 2.048683E-013 2.382607E-005 2.292538E-002 0.000000E+000
   699 4.169385E-013 1.952307E-005 2.203316E-002 0.000000E+000
   700 3.925626E-013 2.295584E-005 3.084924E-002 0.000000E+000
   701 3.814826E-013 2.170655E-005 1.863771E-002 0.000000E+000
   702 2.594924E-013 2.309680E-005 2.677937E-002 0.000000E+000
   703 3.719539E-013 2.234320E-005 2.210778E-002 0.000000E+000
   704 3.677435E-013 2.240361E-005 2.362026E-002 0.000000E+000
   705 7.169835E-013 2.504862E-005 1.994510E-002 0.000000E+000
   706 6.860704E-013 2.358600E-005 1.284430E-002 0.000000E+000
   707 8.314394E-013 2.700778E-005 2.195852E-002 0.000000E+000
   708 7.759288E-013 2.354151E-005 1.699285E-002 0.000000E+000
   709 7.307226E-013 2.442077E-005 1.817045E-002 0.000000E+000
   710 5.573214E-013 2.295211E-005 1.807532E-002 0.000000E+000
   711 2.071950E-013 2.267833E-005 2.654638E-002 0.000000E+000
   712 2.323465E-013 2.228818E-005 2.298100E-002 0.000000E+000
   713 2.419861E-013 2.295622E-005 2.479286E-002 0.000000E+000
   714 4.251376E-013 2.410365E-005 1.868079E-002 0.000000E+000
   715 3.855822E-013 2.029050E-005 1.918752E-002 0.000000E+000
   716 2.371109E-013 2.219812E-005 3.237359E-002 0.000000E+000
   717 3.778263E-013 2.413791E-005 2.438942E-002 0.000000E+000
   718 3.630899E-013 2.184661E-005 2.081003E-002 0.000000E+000
   719 2.436481E-013 2.518941E-005 3.003288E-002 0.000000E+000
   720 3.903466E-013 2.282017E-005 2.607947E-002 0.000000E+000
   721 4.806482E-013 2.593507E-005 2.809709E-002 0.000000E+000
   722 3.410408E-013 2.143320E-005 3.188537E-002 0.000000E+000
   723 5.274056E-013 2.172897E-005 2.506822E-002 0.000000E+000
   724 2.526228E-013 2.307097E-005 2.430944E-002 0.000000E+000
   725 4.422008E-013 2.071428E-005 2.510394E-002 0.000000E+000
   726 4.347772E-013 2.522462E-005 1.679648E-002 0.000000E+000
   727 2.833143E-013 2.459911E-005 2.400913E-002 0.000000E+000
   728 4.618123E-013 2.543033E-005 1.734495E-002 0.000000E+000
   729 1.059576E-012 2.815209E-005 1.772956E-002 0.000000E+000
   730 4.820886E-013 2.529940E-005 2.475820E-002 0.000000E+000
   731 8.263426E-013 3.033535E-005 2.488113E-002 0.000000E+000
   732 6.809737E-013 2.635630E-005 1.718730E-002 0.000000E+000
   733 3.696271E-013 2.491499E-005 2.524045E-002 0.000000E+000
   734 6.582598E-013 2.808897E-005 2.836685E-002 0.000000E+000
   735 4.461895E-013 2.110773E-005 1.911077E-002 0.000000E+000
   736 3.433676E-013 2.448354E-005 2.049983E-002 0.000000E+000
   737 3.018178E-013 2.363675E-005 2.160671E-002 0.000000E+000
   738 4.684602E-013 2.562791E-005 1.869005E-002 0.000000E+000
   739 3.075794E-013 2.709863E-005 2.526000E-002 0.000000E+000
   740 5.507843E-013 2.746631E-005 2.262183E-002 0.000000E+000
   741 1.236744E-012 3.246380E-005 1.719742E-002 0.000000E+000
   742 1.779218E-012 3.383533E-005 1.762887E-002 0.000000E+000
   743 2.889651E-013 2.764187E-005 2.555314E-002 0.000000E+000
   744 1.024009E-012 2.453868E-005 1.753177E-002 0.000000E+000
   745 3.988782E-013 2.482698E-005 1.756435E-002 0.000000E+000
   746 3.650843E-013 2.746151E-005 1.935527E-002 0.000000E+000
   747 3.751671E-013 2.669303E-005 2.200168E-002 0.000000E+000
   748 2.845331E-013 2.383528E-005 2.225143E-002 0.000000E+000
   749 3.743915E-013 2.556540E-005 2.156619E-002 0.000000E+000
   750 2.843780E-012 4.544617E-005 1.536218E-002 0.000000E+000
   751 1.040518E-012 3.033516E-005 1.733605E-002 0.000000E+000
   752 2.155272E-012 3.964148E-005 2.555801E-002 0.000000E+000
   753 2.150507E-012 4.350579E-005 1.453992E-002 0.000000E+000
   754 6.159344E-012 6.111767E-005 1.605258E-002 0.000000E+000
   755 3.544476E-013 2.490690E-005 2.629557E-002 0.000000E+000
   756 8.548181E-013 2.753630E-005 1.512263E-002 0.000000E+000
   757 5.862401E-013 2.824156E-005 2.371154E-002 0.000000E+000
   758 8.502753E-013 3.058218E-005 2.070249E-002 0.000000E+000
   759 3.538936E-013 2.311888E-005 2.290498E-002 0.000000E+000
   760 3.042554E-013 2.467230E-005 2.062687E-002 0.000000E+000
   761 3.769399E-013 2.363149E-005 2.177400E-002 0.000000E+000
   762 4.459679E-013 2.441974E-005 2.116224E-002 0.000000E+000
   763 1.394522E-012 3.574736E-005 2.135908E-002 0.000000E+000
   764 6.346595E-013 2.615892E-005 2.429814E-002 0.000000E+000
   765 6.446314E-013 2.952929E-005 2.462488E-002 0.000000E+000
   766 1.273197E-012 3.014198E-005 1.479901E-002 0.000000E+000
   767 2.599356E-013 2.589624E-005 3.122559E-002 0.000000E+000
   768 4.964925E-013 2.674466E-005 1.930658E-002 0.000000E+000
   769 3.381600E-013 2.417141E-005 2.932223E-002 0.000000E+000
   770 3.946678E-013 2.772303E-005 2.158682E-002 0.000000E+000
   771 4.367716E-013 2.892909E-005 2.863390E-002 0.000000E+000
   772 3.079118E-013 2.820720E-005 3.280932E-002 0.000000E+000
   773 2.065746E-012 3.462648E-005 1.746875E-002 0.000000E+000
   774 4.510647E-013 2.535476E-005 2.552233E-002 0.000000E+000
   775 6.592570E-013 2.598578E-005 3.277495E-002 0.000000E+000
   776 1.875614E-012 4.261672E-005 1.624498E-002 0.000000E+000
   777 6.868460E-013 2.514294E-005 1.897145E-002 0.000000E+000
   778 5.828053E-013 2.416879E-005 1.459736E-002 0.000000E+000
   779 6.675669E-013 2.555378E-005 1.755224E-002 0.000000E+000
   780 7.247395E-013 2.627987E-005 2.162244E-002 0.000000E+000
   781 5.483467E-013 2.571467E-005 3.239479E-002 0.000000E+000
   782 2.278370E-012 3.694101E-005 1.893837E-002 0.000000E+000
   783 6.349919E-013 3.059563E-005 2.042295E-002 0.000000E+000
   784 9.491084E-013 3.236162E-005 2.168855E-002 0.000000E+000
   785 5.193172E-013 2.699291E-005 2.087293E-002 0.000000E+000
   786 5.797029E-013 2.789312E-005 2.001433E-002 0.000000E+000
   787 4.203733E-013 2.505456E-005 2.364081E-002 0.000000E+000
   788 8.849555E-013 2.497124E-005 1.731625E-002 0.000000E+000
   789 7.115543E-013 2.771346E-005 1.680408E-002 0.000000E+000
   790 6.549358E-013 3.173460E-005 2.580899E-002 0.000000E+000
   791 7.126623E-013 2.628497E-005 2.128256E-002 0.000000E+000
   792 1.667200E-012 3.844242E-005 1.432040E-002 0.000000E+000
   793 5.839133E-013 2.740227E-005 2.203381E-002 0.000000E+000
   794 7.103355E-013 2.915550E-005 2.137853E-002 0.000000E+000
   795 5.214224E-013 2.639516E-005 2.006547E-002 0.000000E+000
   796 1.051155E-012 2.508444E-005 1.590230E-002 0.000000E+000
   797 5.096777E-013 2.551601E-005 2.282811E-002 0.000000E+000
   798 1.533022E-012 3.339570E-005 1.982265E-002 0.000000E+000
   799 3.383816E-013 2.733282E-005 2.439312E-002 0.000000E+000
   800 7.781448E-013 2.610137E-005 1.716542E-002 0.000000E+000
   801 7.703889E-013 2.732160E-005 2.981769E-002 0.000000E+000
   802 5.504519E-013 2.451335E-005 1.620186E-002 0.000000E+000
   803 3.905017E-012 4.337060E-005 1.813551E-002 0.000000E+000
   804 5.224196E-013 2.442630E-005 2.910069E-002 0.000000E+000
   805 7.877844E-013 2.802498E-005 1.863150E-002 0.000000E+000
   806 7.454590E-013 3.427538E-005 2.050580E-002 0.000000E+000
   807 5.014785E-013 2.858430E-005 2.395461E-002 0.000000E+000
   808 8.130467E-013 3.072059E-005 1.710127E-002 0.000000E+000
   809 9.137634E-013 3.243277E-005 2.302319E-002 0.000000E+000
   810 6.407534E-013 2.765092E-005 1.916949E-002 0.000000E+000
   811 5.097885E-013 2.984704E-005 2.509671E-002 0.000000E+000
   812 1.300897E-012 2.854338E-005 1.994755E-002 0.000000E+000
   813 5.701742E-013 2.713774E-005 2.366585E-002 0.000000E+000
   814 1.018137E-012 2.667419E-005 1.574378E-002 0.000000E+000
   815 3.753887E-013 2.602521E-005 2.796360E-002 0.000000E+000
   816 3.256175E-012 4.531886E-005 1.396105E-002 0.000000E+000
   817 1.852567E-012 3.447614E-005 1.519002E-002 0.000000E+000
   818 6.515010E-013 2.739574E-005 2.012749E-002 0.000000E+000
   819 5.185416E-013 2.888751E-005 1.875833E-002 0.000000E+000
   820 9.514352E-013 3.062393E-005 1.759334E-002 0.000000E+000
   821 1.072096E-012 3.235519E-005 1.556771E-002 0.000000E+000
   822 1.182895E-012 3.330255E-005 2.205862E-002 0.000000E+000
   823 1.637173E-012 3.066902E-005 1.684209E-002 0.000000E+000
   824 2.094997E-012 4.275234E-005 1.511582E-002 0.000000E+000
   825 7.358194E-013 3.027197E-005 1.757332E-002 0.000000E+000
   826 7.803608E-013 3.031467E-005 2.030312E-002 0.000000E+000
   827 5.255220E-013 3.033705E-005 2.544340E-002 0.000000E+000
   828 1.114754E-012 2.764309E-005 1.939374E-002 0.000000E+000
   829 1.335688E-012 3.256820E-005 2.026666E-002 0.000000E+000
   830 9.817943E-013 3.055283E-005 2.365275E-002 0.000000E+000
   831 8.657872E-013 3.158719E-005 2.157237E-002 0.000000E+000
   832 8.159274E-013 2.831956E-005 2.399340E-002 0.000000E+000
   833 5.843565E-013 2.967463E-005 2.150269E-002 0.000000E+000
   834 5.575430E-013 3.135635E-005 2.114409E-002 0.000000E+000
   835 1.163949E-012 3.957745E-005 2.267971E-002 0.000000E+000
   836 1.131928E-012 2.926482E-005 1.622855E-002 0.000000E+000
   837 4.211489E-012 4.163277E-005 1.353615E-002 0.000000E+000
   838 1.580444E-012 3.241992E-005 1.962875E-002 0.000000E+000
   839 1.938215E-012 3.208449E-005 1.421395E-002 0.000000E+000
   840 6.208095E-013 3.295743E-005 2.432387E-002 0.000000E+000
   841 4.887365E-013 3.357377E-005 2.529522E-002 0.000000E+000
   842 6.823033E-013 2.773265E-005 1.685576E-002 0.000000E+000
   843 6.317787E-013 3.078222E-005 2.000633E-002 0.000000E+000
   844 6.526090E-013 3.101421E-005 2.251366E-002 0.000000E+000
   845 1.915834E-012 3.849487E-005 1.673178E-002 0.000000E+000
   846 1.235858E-012 3.046823E-005 1.663351E-002 0.000000E+000
   847 1.236412E-012 3.307584E-005 1.401866E-002 0.000000E+000
   848 7.039092E-013 3.258662E-005 1.925962E-002 0.000000E+000
   849 3.167425E-012 4.682870E-005 1.454131E-002 0.000000E+000
   850 2.034611E-012 3.599007E-005 1.611517E-002 0.000000E+000
   851 6.124996E-013 2.957116E-005 1.854951E-002 0.000000E+000
   852 2.830816E-012 4.155132E-005 1.499274E-002 0.000000E+000
   853 2.354378E-012 3.487236E-005 1.663540E-002 0.000000E+000
   854 3.313570E-012 3.898007E-005 1.319822E-002 0.000000E+000
   855 3.450185E-012 4.721937E-005 1.901630E-002 0.000000E+000
   856 6.625809E-013 3.498626E-005 2.427549E-002 0.000000E+000
   857 1.705204E-012 4.214875E-005 2.004366E-002 0.000000E+000
   858 2.604342E-012 4.865443E-005 2.460074E-002 0.000000E+000
   859 7.647381E-013 2.998339E-005 1.725136E-002 0.000000E+000
   860 8.058447E-013 3.041796E-005 2.211571E-002 0.000000E+000
   861 7.781448E-013 3.290936E-005 2.522658E-002 0.000000E+000
   862 1.764814E-012 3.315521E-005 1.576273E-002 0.000000E+000
   863 1.349427E-012 3.048139E-005 1.982326E-002 0.000000E+000
   864 1.297794E-012 3.134921E-005 2.266729E-002 0.000000E+000
   865 1.062567E-012 3.191650E-005 1.795789E-002 0.000000E+000
   866 3.583366E-012 4.825239E-005 1.546118E-002 0.000000E+000
   867 1.643710E-012 3.922396E-005 1.885963E-002 0.000000E+000
   868 4.522170E-012 4.277281E-005 1.348445E-002 0.000000E+000
   869 1.074533E-012 3.466566E-005 2.044867E-002 0.000000E+000
   870 1.656120E-012 3.162801E-005 1.317220E-002 0.000000E+000
   871 1.153201E-012 3.034985E-005 2.258898E-002 0.000000E+000
   872 3.041224E-012 3.867113E-005 1.430400E-002 0.000000E+000
   873 8.109415E-013 3.520904E-005 3.191561E-002 0.000000E+000
   874 9.380285E-013 3.367990E-005 1.931064E-002 0.000000E+000
   875 6.252415E-013 3.116964E-005 3.014235E-002 0.000000E+000
   876 1.436959E-012 3.525408E-005 2.253740E-002 0.000000E+000
   877 9.594128E-013 3.258676E-005 1.797615E-002 0.000000E+000
   878 1.255912E-012 3.446635E-005 2.645943E-002 0.000000E+000
   879 9.948686E-013 3.618892E-005 1.805107E-002 0.000000E+000
   880 2.275157E-012 3.904303E-005 1.510162E-002 0.000000E+000
   881 3.339275E-012 4.052261E-005 1.287536E-002 0.000000E+000
   882 7.041308E-013 3.025561E-005 3.210625E-002 0.000000E+000
   883 7.194211E-013 3.355095E-005 2.638828E-002 0.000000E+000
   884 1.234639E-012 3.138767E-005 2.085401E-002 0.000000E+000
   885 1.376794E-012 3.198588E-005 1.961970E-002 0.000000E+000
   886 3.733167E-012 4.408169E-005 1.738490E-002 0.000000E+000
   887 1.356629E-012 3.325999E-005 2.395970E-002 0.000000E+000
   888 1.685371E-012 4.177119E-005 1.681310E-002 0.000000E+000
   889 8.262318E-013 3.500470E-005 1.920527E-002 0.000000E+000
   890 1.273308E-012 3.675396E-005 1.840762E-002 0.000000E+000
   891 9.817943E-013 3.759528E-005 2.746958E-002 0.000000E+000
   892 6.770957E-013 3.396835E-005 2.154193E-002 0.000000E+000
   893 1.538783E-012 4.071175E-005 1.882097E-002 0.000000E+000
   894 1.114089E-012 3.425285E-005 2.584158E-002 0.000000E+000
   895 1.162841E-012 3.690341E-005 1.976966E-002 0.000000E+000
   896 6.673453E-013 3.349385E-005 2.098146E-002 0.000000E+000
   897 3.529850E-012 4.188837E-005 1.674500E-002 0.000000E+000
   898 2.065413E-012 3.793795E-005 1.633055E-002 0.000000E+000
   899 9.283668E-012 6.066815E-005 1.280667E-002 0.000000E+000
   900 1.913175E-012 4.263381E-005 1.975978E-002 0.000000E+000
   901 1.655898E-012 3.652639E-005 1.989584E-002 0.000000E+000
   902 3.362321E-012 4.863556E-005 1.217132E-002 0.000000E+000
   903 1.270205E-012 3.756439E-005 2.002965E-002 0.000000E+000
   904 3.215623E-012 4.108288E-005 1.526838E-002 0.000000E+000
   905 1.717835E-012 4.209389E-005 1.740688E-002 0.000000E+000
   906 6.893944E-013 3.392759E-005 3.019639E-002 0.000000E+000
   907 1.312642E-012 3.396791E-005 1.873608E-002 0.000000E+000
   908 1.292476E-012 3.573596E-005 1.902285E-002 0.000000E+000
   909 2.357370E-012 4.365583E-005 1.366679E-002 0.000000E+000
   910 1.379675E-012 3.869868E-005 1.682586E-002 0.000000E+000
   911 2.728548E-012 4.239969E-005 1.581750E-002 0.000000E+000
   912 1.414799E-012 3.896746E-005 1.556250E-002 0.000000E+000
   913 2.900952E-012 4.357552E-005 1.423144E-002 0.000000E+000
   914 1.287933E-012 3.718297E-005 1.851112E-002 0.000000E+000
   915 1.590637E-012 3.730497E-005 1.800119E-002 0.000000E+000
   916 2.307621E-012 4.386223E-005 1.259424E-002 0.000000E+000
   917 2.193608E-012 3.663669E-005 1.464730E-002 0.000000E+000
   918 9.194142E-013 3.753481E-005 2.095510E-002 0.000000E+000
   919 2.085357E-012 3.772079E-005 1.668479E-002 0.000000E+000
   920 1.726145E-012 4.367999E-005 1.583573E-002 0.000000E+000
   921 1.023743E-011 6.739108E-005 1.573433E-002 0.000000E+000
   922 2.073280E-012 3.994989E-005 1.260261E-002 0.000000E+000
   923 1.092372E-012 3.651210E-005 2.243581E-002 0.000000E+000
   924 1.083841E-012 3.686028E-005 2.293397E-002 0.000000E+000
   925 9.008885E-012 5.653023E-005 1.173200E-002 0.000000E+000
   926 1.968021E-012 3.959811E-005 1.660343E-002 0.000000E+000
   927 2.206793E-012 3.640387E-005 1.216559E-002 0.000000E+000
   928 1.333139E-012 4.071742E-005 1.705073E-002 0.000000E+000
   929 1.381005E-012 3.902561E-005 1.466924E-002 0.000000E+000
   930 1.391531E-012 4.006200E-005 1.959373E-002 0.000000E+000
   931 1.251923E-012 3.713558E-005 1.978618E-002 0.000000E+000
   932 1.996164E-012 3.853224E-005 1.653300E-002 0.000000E+000
   933 1.865753E-012 4.068559E-005 1.478695E-002 0.000000E+000
   934 6.092310E-012 5.795011E-005 1.336080E-002 0.000000E+000
   935 3.550680E-012 4.627488E-005 1.752203E-002 0.000000E+000
   936 1.988740E-012 3.981370E-005 1.913582E-002 0.000000E+000
   937 1.558284E-012 3.825418E-005 2.401169E-002 0.000000E+000
   938 3.071029E-012 4.787240E-005 1.549240E-002 0.000000E+000
   939 2.648329E-012 4.070309E-005 1.564572E-002 0.000000E+000
   940 1.850351E-012 4.080890E-005 1.990412E-002 0.000000E+000
   941 2.901949E-012 4.894189E-005 1.766812E-002 0.000000E+000
   942 1.456016E-012 3.761660E-005 1.868589E-002 0.000000E+000
   943 1.193089E-012 3.833640E-005 2.110413E-002 0.000000E+000
   944 1.861321E-012 4.615740E-005 2.049284E-002 0.000000E+000
   945 9.691631E-013 3.892235E-005 1.872068E-002 0.000000E+000
   946 3.247644E-012 3.919889E-005 1.858373E-002 0.000000E+000
   947 1.409924E-012 4.082220E-005 1.802932E-002 0.000000E+000
   948 2.037270E-012 4.064254E-005 2.707559E-002 0.000000E+000
   949 1.878051E-012 4.564845E-005 1.692256E-002 0.000000E+000
   950 2.949815E-012 4.436195E-005 1.737714E-002 0.000000E+000
   951 2.875468E-012 4.234245E-005 1.576072E-002 0.000000E+000
   952 1.344330E-012 4.012903E-005 1.489353E-002 0.000000E+000
   953 2.551934E-012 4.112289E-005 1.705285E-002 0.000000E+000
   954 3.524753E-012 4.411951E-005 1.099074E-002 0.000000E+000
   955 2.136436E-012 4.385537E-005 1.439592E-002 0.000000E+000
   956 1.419120E-012 4.331987E-005 1.508295E-002 0.000000E+000
   957 1.387874E-012 3.965461E-005 1.966849E-002 0.000000E+000
   958 2.748714E-012 3.959744E-005 2.562325E-002 0.000000E+000
   959 3.217728E-012 4.539164E-005 1.613152E-002 0.000000E+000
   960 2.252000E-012 4.074491E-005 1.471275E-002 0.000000E+000
   961 1.722378E-012 4.192405E-005 1.984629E-002 0.000000E+000
   962 3.064492E-012 5.084679E-005 2.293822E-002 0.000000E+000
   963 8.752606E-012 5.124423E-005 1.302838E-002 0.000000E+000
   964 1.104117E-012 4.318763E-005 2.010506E-002 0.000000E+000
   965 3.224376E-012 4.370552E-005 1.743427E-002 0.000000E+000
   966 4.899886E-012 4.897672E-005 9.953844E-003 0.000000E+000
   967 2.155161E-012 4.673855E-005 1.852879E-002 0.000000E+000
   968 3.649846E-012 4.661556E-005 1.458462E-002 0.000000E+000
   969 5.805782E-012 5.780042E-005 1.140085E-002 0.000000E+000
   970 3.252851E-012 4.927425E-005 1.866045E-002 0.000000E+000
   971 4.257470E-012 5.129727E-005 1.330529E-002 0.000000E+000
   972 5.301866E-012 4.738001E-005 1.687143E-002 0.000000E+000
   973 4.192985E-012 5.065717E-005 2.162991E-002 0.000000E+000
   974 3.334732E-012 4.652639E-005 1.843917E-002 0.000000E+000
   975 1.008552E-011 5.704660E-005 1.410816E-002 0.000000E+000
   976 1.885697E-012 4.948317E-005 1.984567E-002 0.000000E+000
   977 4.056813E-012 4.867969E-005 1.483083E-002 0.000000E+000
   978 3.698265E-012 4.728449E-005 1.694309E-002 0.000000E+000
   979 3.644195E-012 5.186198E-005 2.432759E-002 0.000000E+000
   980 6.027714E-012 6.407802E-005 1.425751E-002 0.000000E+000
   981 3.635885E-012 5.135039E-005 1.463590E-002 0.000000E+000
   982 8.524802E-012 6.525986E-005 1.402829E-002 0.000000E+000
   983 5.008359E-012 6.202314E-005 1.200097E-002 0.000000E+000
   984 3.588131E-012 5.603767E-005 1.676680E-002 0.000000E+000
   985 7.451820E-012 5.810756E-005 1.357709E-002 0.000000E+000
   986 6.140729E-012 5.220407E-005 1.272514E-002 0.000000E+000
   987 7.418358E-012 5.840047E-005 1.223974E-002 0.000000E+000
   988 6.427368E-012 6.463512E-005 1.998926E-002 0.000000E+000
   989 4.339240E-012 5.622078E-005 1.982138E-002 0.000000E+000
   990 3.926944E-011 1.096589E-004 8.936041E-003 0.000000E+000
   991 7.988311E-012 6.309250E-005 1.364909E-002 0.000000E+000
   992 6.242886E-012 5.687307E-005 1.838625E-002 0.000000E+000
   993 3.113466E-014 7.665699E-006 3.249035E-002 0.000000E+000
   994 1.296354E-014 4.435157E-006 2.648159E-002 0.000000E+000
   995 5.207576E-015 5.906937E-006 3.788244E-002 0.000000E+000
   996 2.991586E-015 3.366594E-006 3.118389E-002 0.000000E+000
   997 3.213185E-015 2.631488E-006 3.175417E-002 0.000000E+000
   998 2.880787E-015 5.042545E-006 4.221874E-002 0.000000E+000
   999 2.659188E-015 7.523048E-007 4.016867E-002 0.000000E+000
  1000 5.207576E-015 6.774360E-006 3.392575E-002 0.000000E+000
  1001 3.656383E-015 1.628037E-006 3.093750E-002 0.000000E+000
  1002 4.985977E-015 7.024034E-006 3.000181E-002 0.000000E+000
  1003 3.102386E-015 8.998655E-007 3.272306E-002 0.000000E+000
  1004 5.983172E-015 8.016151E-006 5.850066E-002 0.000000E+000
  1005 2.437589E-015 3.161242E-006 2.818426E-002 0.000000E+000
  1006 2.769987E-015 5.837176E-006 3.402069E-002 0.000000E+000
  1007 1.307434E-014 1.000640E-005 2.536102E-002 0.000000E+000
  1008 2.880787E-015 5.376579E-006 2.924092E-002 0.000000E+000
  1009 2.215990E-015 4.449412E-006 2.658820E-002 0.000000E+000
  1010 2.282469E-014 1.060866E-005 3.321940E-002 0.000000E+000
  1011 4.875178E-015 3.142687E-006 3.222592E-002 0.000000E+000
  1012 3.988782E-015 3.273270E-006 2.755676E-002 0.000000E+000
  1013 1.396074E-014 3.582391E-006 3.561054E-002 0.000000E+000
  1014 2.548388E-015 1.052820E-006 3.129904E-002 0.000000E+000
  1015 2.548388E-015 5.429747E-006 3.129904E-002 0.000000E+000
  1016 4.542779E-015 3.786353E-006 3.472339E-002 0.000000E+000
