     1 1.662447E-014 4.973720E-006 3.171294E-002 0.000000E+000
     2 1.463421E-014 3.128321E-006 3.017275E-002 0.000000E+000
     3 1.767813E-014 7.010367E-006 3.239000E-002 0.000000E+000
     4 1.205859E-014 2.092804E-006 2.205269E-002 0.000000E+000
     5 5.268317E-015 5.298443E-006 3.295833E-002 0.000000E+000
     6 1.147322E-014 7.229938E-006 3.099032E-002 0.000000E+000
     7 3.008794E-014 4.051226E-006 3.050975E-002 0.000000E+000
     8 4.565874E-015 2.953371E-006 4.141228E-002 0.000000E+000
     9 2.926843E-015 5.948871E-006 1.868075E-002 0.000000E+000
    10 3.266356E-014 7.294904E-006 3.403692E-002 0.000000E+000
    11 1.065371E-014 4.796749E-006 2.746471E-002 0.000000E+000
    12 2.458548E-014 9.177860E-006 2.963254E-002 0.000000E+000
    13 1.428299E-014 5.890868E-006 2.191185E-002 0.000000E+000
    14 7.141496E-015 6.536905E-006 2.239522E-002 0.000000E+000
    15 9.834191E-015 9.535782E-006 3.421657E-002 0.000000E+000
    16 6.439054E-015 6.276342E-006 2.674099E-002 0.000000E+000
    17 2.060497E-014 4.496511E-006 2.514562E-002 0.000000E+000
    18 1.358055E-014 7.915037E-006 4.515286E-002 0.000000E+000
    19 2.119034E-014 6.284582E-006 2.743135E-002 0.000000E+000
    20 9.600043E-015 6.321354E-006 3.520353E-002 0.000000E+000
    21 3.746358E-015 2.689471E-006 5.591305E-002 0.000000E+000
    22 4.097580E-015 1.531258E-006 3.094471E-002 0.000000E+000
    23 4.214653E-015 1.356437E-006 2.591113E-002 0.000000E+000
    24 4.682948E-015 2.261150E-006 2.740672E-002 0.000000E+000
    25 5.736611E-015 2.893724E-006 3.782998E-002 0.000000E+000
    26 7.024422E-015 3.026948E-006 2.328752E-002 0.000000E+000
    27 4.800022E-015 5.841546E-006 2.502441E-002 0.000000E+000
    28 8.546380E-015 2.550557E-006 3.580816E-002 0.000000E+000
    29 4.331727E-015 2.381622E-006 3.030003E-002 0.000000E+000
    30 8.429306E-015 1.236555E-006 3.728710E-002 0.000000E+000
    31 1.720983E-014 7.099152E-006 2.572970E-002 0.000000E+000
    32 4.858559E-014 1.276981E-005 3.164748E-002 0.000000E+000
    33 8.663454E-015 3.654813E-006 4.405343E-002 0.000000E+000
    34 9.482970E-015 6.990683E-006 3.938219E-002 0.000000E+000
    35 8.546380E-015 5.693017E-006 3.469076E-002 0.000000E+000
    36 5.268317E-015 6.581347E-007 2.190096E-002 0.000000E+000
    37 1.674154E-014 2.807785E-006 2.547558E-002 0.000000E+000
    38 1.498543E-014 5.981522E-006 2.923170E-002 0.000000E+000
    39 2.809769E-015 1.953301E-006 3.058676E-002 0.000000E+000
    40 9.600043E-015 2.458196E-006 3.365215E-002 0.000000E+000
    41 1.404884E-014 1.060556E-006 3.135187E-002 0.000000E+000
    42 5.151243E-015 9.479605E-006 3.103006E-002 0.000000E+000
    43 4.682948E-015 2.928256E-006 2.218935E-002 0.000000E+000
    44 1.498543E-014 7.976559E-006 3.326028E-002 0.000000E+000
    45 8.897601E-015 2.660650E-006 3.451446E-002 0.000000E+000
    46 1.065371E-014 3.419116E-006 3.058426E-002 0.000000E+000
    47 3.512211E-015 6.065419E-006 2.899011E-002 0.000000E+000
    48 3.512211E-015 3.372274E-006 2.793557E-002 0.000000E+000
    49 7.375643E-015 6.828077E-006 3.027826E-002 0.000000E+000
    50 3.629285E-015 2.527208E-006 3.212980E-002 0.000000E+000
    51 6.087832E-015 2.591564E-006 2.654198E-002 0.000000E+000
    52 7.609791E-015 8.746255E-006 3.830162E-002 0.000000E+000
    53 6.673201E-015 2.707476E-006 2.697624E-002 0.000000E+000
    54 1.603910E-014 4.764876E-006 2.736283E-002 0.000000E+000
    55 2.926843E-015 5.603546E-006 3.384311E-002 0.000000E+000
    56 4.097580E-015 1.196136E-006 3.946730E-002 0.000000E+000
    57 4.097580E-015 6.326178E-006 2.321637E-002 0.000000E+000
    58 6.204906E-015 4.956650E-006 2.581037E-002 0.000000E+000
    59 2.341474E-015 5.791317E-006 2.595156E-002 0.000000E+000
    60 3.512211E-015 6.250246E-006 3.689997E-002 0.000000E+000
    61 1.990253E-015 4.903870E-006 2.655697E-002 0.000000E+000
    62 2.809769E-015 4.979606E-006 3.495110E-002 0.000000E+000
    63 3.160990E-015 2.986530E-006 4.525757E-002 0.000000E+000
    64 2.692695E-015 2.057683E-006 3.168044E-002 0.000000E+000
    65 2.341474E-015 1.951927E-006 4.230389E-002 0.000000E+000
    66 3.980506E-015 6.343052E-006 3.526654E-002 0.000000E+000
    67 4.097580E-015 4.598571E-006 3.362895E-002 0.000000E+000
    68 2.458548E-015 1.496726E-006 3.197848E-002 0.000000E+000
    69 3.395137E-015 5.104002E-006 3.227486E-002 0.000000E+000
    70 5.034169E-015 3.601837E-006 2.884467E-002 0.000000E+000
    71 3.629285E-015 2.343950E-006 1.647877E-002 0.000000E+000
    72 3.043916E-015 4.841868E-006 2.924092E-002 0.000000E+000
    73 2.575621E-015 2.017853E-006 3.562781E-002 0.000000E+000
    74 3.278064E-015 2.197383E-006 2.958880E-002 0.000000E+000
    75 8.312233E-015 5.045335E-006 4.771602E-002 0.000000E+000
    76 3.278064E-015 5.183466E-006 2.966510E-002 0.000000E+000
    77 8.078085E-015 4.204142E-006 2.763060E-002 0.000000E+000
    78 7.141496E-015 5.723233E-006 3.050683E-002 0.000000E+000
    79 1.756106E-015 7.297505E-007 2.911547E-002 0.000000E+000
    80 7.141496E-015 3.874761E-006 3.012572E-002 0.000000E+000
    81 3.160990E-015 5.040627E-006 3.484959E-002 0.000000E+000
    82 8.429306E-015 4.882876E-006 3.441839E-002 0.000000E+000
    83 8.078085E-015 4.346052E-006 3.684990E-002 0.000000E+000
    84 4.097580E-015 2.568411E-006 3.711962E-002 0.000000E+000
    85 2.224400E-015 3.287512E-006 2.968132E-002 0.000000E+000
    86 9.248822E-015 9.273315E-007 4.011340E-002 0.000000E+000
    87 2.809769E-015 1.036030E-006 3.742787E-002 0.000000E+000
    88 1.580495E-014 1.700978E-006 3.429521E-002 0.000000E+000
    89 2.692695E-015 1.167097E-006 3.369141E-002 0.000000E+000
    90 7.024422E-015 1.589140E-006 3.805776E-002 0.000000E+000
    91 5.970759E-015 3.627147E-006 3.596666E-002 0.000000E+000
    92 9.951265E-015 4.102526E-006 2.851711E-002 0.000000E+000
    93 8.780528E-015 3.147812E-006 2.323507E-002 0.000000E+000
    94 3.395137E-015 5.771500E-006 3.261488E-002 0.000000E+000
    95 4.448801E-015 1.998428E-006 3.111895E-002 0.000000E+000
    96 1.077078E-014 2.642578E-006 2.746328E-002 0.000000E+000
    97 1.252689E-014 4.026233E-006 3.300895E-002 0.000000E+000
    98 6.204906E-015 4.329570E-006 3.990588E-002 0.000000E+000
    99 4.682948E-015 4.097653E-006 2.716161E-002 0.000000E+000
   100 3.395137E-015 6.244752E-006 2.860860E-002 0.000000E+000
   101 9.365896E-015 4.028588E-006 2.592296E-002 0.000000E+000
   102 2.341474E-015 4.411193E-006 2.249302E-002 0.000000E+000
   103 3.395137E-015 1.813797E-006 2.272734E-002 0.000000E+000
   104 3.008794E-014 6.203761E-006 2.849791E-002 0.000000E+000
   105 4.214653E-014 4.919547E-006 2.445052E-002 0.000000E+000
   106 9.131749E-015 5.734674E-006 2.719641E-002 0.000000E+000
   107 7.375643E-015 8.045855E-006 3.549314E-002 0.000000E+000
   108 6.439054E-015 6.888580E-006 3.500579E-002 0.000000E+000
   109 2.493670E-014 8.733030E-006 3.879898E-002 0.000000E+000
   110 7.961012E-015 2.423371E-006 3.222989E-002 0.000000E+000
   111 2.353181E-014 9.059113E-006 2.492560E-002 0.000000E+000
   112 1.311225E-014 2.858776E-006 2.409130E-002 0.000000E+000
   113 1.194152E-014 7.576757E-006 2.535931E-002 0.000000E+000
   114 1.112200E-014 5.693923E-006 3.300221E-002 0.000000E+000
   115 1.802935E-014 4.754287E-006 3.151215E-002 0.000000E+000
   116 1.065371E-014 4.659222E-006 2.819189E-002 0.000000E+000
   117 1.135615E-014 7.177603E-006 2.768647E-002 0.000000E+000
   118 1.053663E-014 7.581922E-006 3.920210E-002 0.000000E+000
   119 6.439054E-015 6.085069E-006 3.717331E-002 0.000000E+000
   120 6.204906E-015 2.557947E-006 2.581037E-002 0.000000E+000
   121 7.726864E-015 2.129232E-006 2.361396E-002 0.000000E+000
   122 1.440007E-014 5.857152E-006 2.734668E-002 0.000000E+000
   123 2.727817E-014 9.283490E-006 2.253264E-002 0.000000E+000
   124 9.717117E-015 4.172466E-006 2.640410E-002 0.000000E+000
   125 7.492717E-015 4.574620E-006 2.983471E-002 0.000000E+000
   126 8.897601E-015 2.473739E-006 2.937053E-002 0.000000E+000
   127 9.482970E-015 4.510847E-006 4.634319E-002 0.000000E+000
   128 9.482970E-015 3.176525E-006 4.519520E-002 0.000000E+000
   129 8.429306E-015 6.221799E-006 3.749219E-002 0.000000E+000
   130 1.451714E-014 6.307384E-006 3.060974E-002 0.000000E+000
   131 3.477089E-014 7.338151E-006 2.652031E-002 0.000000E+000
   132 1.194152E-014 5.389958E-006 3.331898E-002 0.000000E+000
   133 1.416592E-014 5.592204E-006 3.156231E-002 0.000000E+000
   134 4.682948E-015 7.217740E-006 4.331357E-002 0.000000E+000
   135 1.943423E-014 7.513720E-006 3.007091E-002 0.000000E+000
   136 3.512211E-015 6.742592E-006 2.999375E-002 0.000000E+000
   137 5.151243E-015 2.923703E-006 4.375723E-002 0.000000E+000
   138 3.629285E-015 3.915316E-006 3.486418E-002 0.000000E+000
   139 4.917095E-015 5.917429E-006 3.427640E-002 0.000000E+000
   140 7.726864E-015 8.114913E-006 3.610835E-002 0.000000E+000
   141 3.395137E-015 3.939319E-006 3.017690E-002 0.000000E+000
   142 4.565874E-015 2.134938E-006 3.340609E-002 0.000000E+000
   143 3.746358E-015 8.290413E-006 3.506315E-002 0.000000E+000
   144 3.629285E-015 4.618888E-006 2.773345E-002 0.000000E+000
   145 4.917095E-015 3.188723E-006 4.176827E-002 0.000000E+000
   146 3.512211E-015 3.247158E-006 3.373953E-002 0.000000E+000
   147 4.214653E-015 4.361541E-006 3.860793E-002 0.000000E+000
   148 1.393177E-014 2.142414E-006 2.582711E-002 0.000000E+000
   149 4.097580E-015 6.802010E-006 3.726981E-002 0.000000E+000
   150 5.970759E-015 7.914820E-006 4.034641E-002 0.000000E+000
   151 7.375643E-015 6.396315E-006 3.524198E-002 0.000000E+000
   152 3.160990E-015 3.241649E-006 3.354102E-002 0.000000E+000
   153 1.135615E-014 4.888434E-006 5.041156E-002 0.000000E+000
   154 9.365896E-015 6.064203E-006 3.762950E-002 0.000000E+000
   155 4.331727E-015 2.870974E-006 4.165270E-002 0.000000E+000
   156 9.014675E-015 5.133779E-006 3.491967E-002 0.000000E+000
   157 1.416592E-014 7.652161E-006 3.300488E-002 0.000000E+000
   158 1.100493E-014 2.806047E-006 2.831450E-002 0.000000E+000
   159 1.041956E-014 4.829629E-006 3.751721E-002 0.000000E+000
   160 1.065371E-014 4.599607E-006 3.002584E-002 0.000000E+000
   161 7.141496E-015 4.973233E-006 4.223514E-002 0.000000E+000
   162 1.896594E-014 5.297990E-006 2.796164E-002 0.000000E+000
   163 5.280024E-014 3.809489E-006 3.088358E-002 0.000000E+000
   164 1.510251E-014 9.694272E-006 3.356688E-002 0.000000E+000
   165 8.113207E-014 1.177022E-005 2.168597E-002 0.000000E+000
   166 2.318059E-014 7.879259E-006 2.397924E-002 0.000000E+000
   167 2.107327E-014 9.439663E-006 1.863390E-002 0.000000E+000
   168 7.961012E-015 4.301859E-006 2.751219E-002 0.000000E+000
   169 1.966838E-014 6.598642E-006 2.732472E-002 0.000000E+000
   170 1.603910E-014 7.832880E-006 2.666377E-002 0.000000E+000
   171 4.565874E-014 5.349827E-006 2.341001E-002 0.000000E+000
   172 2.505377E-014 9.958475E-006 2.642277E-002 0.000000E+000
   173 9.248822E-015 7.101234E-006 3.621272E-002 0.000000E+000
   174 6.204906E-015 5.395259E-006 3.198202E-002 0.000000E+000
   175 7.375643E-015 6.507209E-006 3.476670E-002 0.000000E+000
   176 1.088785E-014 6.048534E-006 2.525578E-002 0.000000E+000
   177 6.321980E-015 8.176271E-006 3.320618E-002 0.000000E+000
   178 9.482970E-015 8.058337E-006 2.493784E-002 0.000000E+000
   179 6.321980E-015 9.690864E-006 3.581955E-002 0.000000E+000
   180 7.141496E-015 4.797069E-006 2.701078E-002 0.000000E+000
   181 1.194152E-014 8.782979E-006 2.589600E-002 0.000000E+000
   182 9.014675E-015 7.065267E-006 2.938334E-002 0.000000E+000
   183 9.834191E-015 3.582707E-006 3.045974E-002 0.000000E+000
   184 8.546380E-015 8.617341E-006 3.403021E-002 0.000000E+000
   185 5.970759E-015 7.834773E-006 3.862998E-002 0.000000E+000
   186 1.346348E-014 6.558510E-006 3.006365E-002 0.000000E+000
   187 9.482970E-015 6.380378E-006 3.314563E-002 0.000000E+000
   188 7.492717E-015 5.835761E-006 3.681395E-002 0.000000E+000
   189 8.546380E-015 6.546016E-006 3.413551E-002 0.000000E+000
   190 1.545373E-014 6.621925E-006 2.391181E-002 0.000000E+000
   191 1.205859E-014 4.453678E-006 2.928471E-002 0.000000E+000
   192 3.032209E-014 1.071352E-005 2.393147E-002 0.000000E+000
   193 1.041956E-014 3.878205E-006 3.887704E-002 0.000000E+000
   194 2.809769E-014 4.757884E-006 1.529706E-002 0.000000E+000
   195 1.123908E-014 7.322337E-006 3.804274E-002 0.000000E+000
   196 2.762939E-014 8.600683E-006 2.745068E-002 0.000000E+000
   197 3.629285E-015 3.609966E-006 2.530612E-002 0.000000E+000
   198 9.834191E-015 7.303028E-006 3.924050E-002 0.000000E+000
   199 6.907348E-015 7.995679E-006 3.491124E-002 0.000000E+000
   200 5.268317E-015 8.617720E-006 3.238891E-002 0.000000E+000
   201 9.131749E-015 7.178469E-006 3.452029E-002 0.000000E+000
   202 1.287811E-014 5.103168E-006 2.903481E-002 0.000000E+000
   203 1.650739E-014 6.284592E-006 3.157567E-002 0.000000E+000
   204 1.709276E-014 9.554379E-006 3.298913E-002 0.000000E+000
   205 1.030249E-014 5.094839E-006 3.112060E-002 0.000000E+000
   206 9.248822E-015 4.788361E-006 3.314869E-002 0.000000E+000
   207 1.287811E-014 7.242831E-006 3.370188E-002 0.000000E+000
   208 4.800022E-015 9.154008E-006 2.846629E-002 0.000000E+000
   209 3.207819E-014 5.828946E-006 3.624909E-002 0.000000E+000
   210 4.519045E-014 4.536970E-006 2.215755E-002 0.000000E+000
   211 1.205859E-014 7.020024E-006 3.578135E-002 0.000000E+000
   212 1.272591E-013 1.398535E-005 1.784889E-002 0.000000E+000
   213 2.142449E-014 8.175325E-006 2.459410E-002 0.000000E+000
   214 1.873179E-014 8.092033E-006 1.926379E-002 0.000000E+000
   215 2.306352E-014 8.741144E-006 4.492496E-002 0.000000E+000
   216 6.790275E-015 4.676674E-006 2.671726E-002 0.000000E+000
   217 2.177571E-014 5.772724E-006 2.302473E-002 0.000000E+000
   218 3.921969E-014 9.681219E-006 2.432121E-002 0.000000E+000
   219 6.415639E-014 8.720112E-006 2.652424E-002 0.000000E+000
   220 3.722944E-014 9.790147E-006 3.095175E-002 0.000000E+000
   221 1.838057E-014 7.473724E-006 2.511549E-002 0.000000E+000
   222 5.034169E-014 1.433300E-005 3.008358E-002 0.000000E+000
   223 1.322933E-014 7.475016E-006 4.152671E-002 0.000000E+000
   224 2.739525E-014 8.933256E-006 2.201509E-002 0.000000E+000
   225 7.469302E-014 6.127098E-006 2.080117E-002 0.000000E+000
   226 1.802935E-014 8.474119E-006 3.357702E-002 0.000000E+000
   227 5.034169E-014 7.263901E-006 4.435868E-002 0.000000E+000
   228 5.877100E-014 7.122359E-006 1.590490E-002 0.000000E+000
   229 6.544420E-014 1.082738E-005 3.520399E-002 0.000000E+000
   230 2.107327E-014 7.157052E-006 3.212253E-002 0.000000E+000
   231 9.845898E-014 1.406014E-005 1.836675E-002 0.000000E+000
   232 1.088785E-014 9.530246E-006 3.281722E-002 0.000000E+000
   233 2.271230E-014 9.440005E-006 2.966916E-002 0.000000E+000
   234 2.259522E-014 7.127157E-006 2.393353E-002 0.000000E+000
   235 1.814642E-014 6.249297E-006 3.158648E-002 0.000000E+000
   236 2.107327E-014 1.086577E-005 3.707124E-002 0.000000E+000
   237 2.599036E-014 8.085107E-006 2.473500E-002 0.000000E+000
   238 1.580495E-014 4.892554E-006 2.832625E-002 0.000000E+000
   239 3.722944E-014 1.021397E-005 2.569985E-002 0.000000E+000
   240 2.318059E-014 5.497847E-006 2.782975E-002 0.000000E+000
   241 3.441967E-014 1.067071E-005 2.636719E-002 0.000000E+000
   242 2.575621E-014 7.514508E-006 2.972759E-002 0.000000E+000
   243 1.217566E-014 9.749111E-006 3.369985E-002 0.000000E+000
   244 1.287811E-014 6.265721E-006 2.895054E-002 0.000000E+000
   245 2.388303E-014 7.958143E-006 3.614698E-002 0.000000E+000
   246 2.095619E-014 9.117982E-006 2.322219E-002 0.000000E+000
   247 4.659533E-014 1.015344E-005 1.660109E-002 0.000000E+000
   248 8.546380E-015 1.000009E-005 2.666180E-002 0.000000E+000
   249 2.072204E-014 1.047491E-005 2.524645E-002 0.000000E+000
   250 2.540499E-014 5.767646E-006 2.972538E-002 0.000000E+000
   251 2.001960E-014 1.003293E-005 2.647424E-002 0.000000E+000
   252 4.003921E-014 6.232504E-006 2.720904E-002 0.000000E+000
   253 1.990253E-014 7.166464E-006 2.126037E-002 0.000000E+000
   254 2.083912E-014 1.053525E-005 2.635559E-002 0.000000E+000
   255 8.663454E-015 8.721035E-006 2.670550E-002 0.000000E+000
   256 1.428299E-014 4.942380E-006 2.930522E-002 0.000000E+000
   257 2.470255E-014 7.231607E-006 2.488508E-002 0.000000E+000
   258 1.510251E-014 9.928300E-006 2.356315E-002 0.000000E+000
   259 9.916142E-014 1.751600E-005 2.166540E-002 0.000000E+000
   260 3.079038E-014 1.018073E-005 2.539169E-002 0.000000E+000
   261 1.036102E-013 1.176437E-005 1.378940E-002 0.000000E+000
   262 4.917095E-014 1.317771E-005 3.300670E-002 0.000000E+000
   263 5.607830E-014 1.338148E-005 2.450029E-002 0.000000E+000
   264 5.443927E-014 7.187426E-006 3.385001E-002 0.000000E+000
   265 1.744398E-013 1.632003E-005 3.054919E-002 0.000000E+000
   266 5.982466E-014 8.976197E-006 2.101885E-002 0.000000E+000
   267 4.589289E-014 1.250715E-005 2.785817E-002 0.000000E+000
   268 8.124915E-014 1.177964E-005 2.028042E-002 0.000000E+000
   269 6.509298E-014 1.091495E-005 4.016134E-002 0.000000E+000
   270 5.010754E-014 1.400469E-005 3.138148E-002 0.000000E+000
   271 5.982466E-014 1.403512E-005 2.680450E-002 0.000000E+000
   272 3.921969E-014 9.480002E-006 2.435811E-002 0.000000E+000
   273 2.751232E-014 1.012729E-005 2.680726E-002 0.000000E+000
   274 3.968798E-014 6.134888E-006 1.941337E-002 0.000000E+000
   275 5.783441E-014 1.046859E-005 2.651031E-002 0.000000E+000
   276 4.273190E-014 9.127827E-006 3.877063E-002 0.000000E+000
   277 2.271230E-014 1.170790E-005 3.651764E-002 0.000000E+000
   278 2.517085E-014 9.972575E-006 3.872830E-002 0.000000E+000
   279 2.839037E-013 1.542460E-005 1.155532E-002 0.000000E+000
   280 2.107327E-014 8.354275E-006 2.616045E-002 0.000000E+000
   281 1.662447E-014 8.178551E-006 2.801110E-002 0.000000E+000
   282 4.085872E-014 8.211703E-006 3.105662E-002 0.000000E+000
   283 1.849764E-014 8.131268E-006 3.937846E-002 0.000000E+000
   284 2.599036E-014 1.050917E-005 3.647150E-002 0.000000E+000
   285 3.137575E-014 7.191230E-006 3.576713E-002 0.000000E+000
   286 1.229274E-014 1.163671E-005 3.023414E-002 0.000000E+000
   287 9.365896E-015 6.274381E-006 3.334068E-002 0.000000E+000
   288 1.920009E-014 6.094308E-006 2.623528E-002 0.000000E+000
   289 3.582455E-014 9.656270E-006 2.897677E-002 0.000000E+000
   290 1.920009E-014 7.535977E-006 3.586204E-002 0.000000E+000
   291 3.324893E-014 7.749021E-006 2.584387E-002 0.000000E+000
   292 2.236108E-014 9.167320E-006 2.780511E-002 0.000000E+000
   293 1.720983E-014 9.206813E-006 2.321178E-002 0.000000E+000
   294 1.920009E-014 8.638515E-006 4.034017E-002 0.000000E+000
   295 3.184405E-014 9.850654E-006 2.637756E-002 0.000000E+000
   296 7.270277E-014 1.378499E-005 2.561014E-002 0.000000E+000
   297 4.448801E-014 1.045071E-005 2.615964E-002 0.000000E+000
   298 2.552207E-014 1.366023E-005 3.217237E-002 0.000000E+000
   299 1.011517E-013 1.366886E-005 3.670208E-002 0.000000E+000
   300 5.198072E-014 1.104630E-005 2.581184E-002 0.000000E+000
   301 3.793188E-014 1.192639E-005 2.848711E-002 0.000000E+000
   302 5.432220E-014 1.409739E-005 2.633345E-002 0.000000E+000
   303 6.755153E-014 8.053143E-006 2.998150E-002 0.000000E+000
   304 2.751232E-014 1.209582E-005 2.460017E-002 0.000000E+000
   305 4.413679E-014 8.534880E-006 2.402914E-002 0.000000E+000
   306 2.294645E-014 9.312248E-006 3.722068E-002 0.000000E+000
   307 5.127828E-014 1.025081E-005 2.542678E-002 0.000000E+000
   308 4.460508E-014 1.258662E-005 2.723217E-002 0.000000E+000
   309 4.109287E-014 1.373002E-005 2.451304E-002 0.000000E+000
   310 5.724904E-014 8.741986E-006 1.883082E-002 0.000000E+000
   311 4.413679E-014 9.568762E-006 2.281930E-002 0.000000E+000
   312 5.900514E-014 1.182099E-005 1.744662E-002 0.000000E+000
   313 3.430259E-014 1.173493E-005 2.883118E-002 0.000000E+000
   314 2.880013E-014 1.278920E-005 3.363540E-002 0.000000E+000
   315 4.975632E-014 1.240854E-005 1.884179E-002 0.000000E+000
   316 1.895423E-013 1.898054E-005 2.058414E-002 0.000000E+000
   317 3.336600E-014 7.406503E-006 5.434318E-002 0.000000E+000
   318 4.893681E-014 1.148151E-005 1.806539E-002 0.000000E+000
   319 5.361975E-014 1.010814E-005 2.790644E-002 0.000000E+000
   320 5.408805E-014 1.021458E-005 3.101196E-002 0.000000E+000
   321 3.921969E-014 9.668198E-006 2.484584E-002 0.000000E+000
   322 3.921969E-014 9.700931E-006 2.310402E-002 0.000000E+000
   323 1.791228E-014 1.105432E-005 2.560940E-002 0.000000E+000
   324 3.816603E-014 1.145310E-005 5.493822E-002 0.000000E+000
   325 6.029296E-014 1.286146E-005 2.902360E-002 0.000000E+000
   326 8.581502E-014 9.214253E-006 2.384787E-002 0.000000E+000
   327 8.909309E-014 1.145083E-005 2.286020E-002 0.000000E+000
   328 6.649786E-014 8.745692E-006 1.843249E-002 0.000000E+000
   329 1.112200E-013 1.396288E-005 2.048376E-002 0.000000E+000
   330 1.790057E-013 1.271574E-005 1.842533E-002 0.000000E+000
   331 7.902475E-014 1.155520E-005 3.411861E-002 0.000000E+000
   332 1.841569E-013 1.613106E-005 1.731775E-002 0.000000E+000
   333 6.614664E-014 1.024758E-005 2.778053E-002 0.000000E+000
   334 7.410765E-014 1.306279E-005 2.570622E-002 0.000000E+000
   335 1.685861E-014 1.217948E-005 3.720480E-002 0.000000E+000
   336 4.249775E-014 1.399227E-005 2.900792E-002 0.000000E+000
   337 5.959051E-014 1.445596E-005 3.692052E-002 0.000000E+000
   338 6.380517E-014 1.282316E-005 2.549280E-002 0.000000E+000
   339 5.678074E-014 1.304110E-005 2.363883E-002 0.000000E+000
   340 4.917095E-014 1.134008E-005 2.155041E-002 0.000000E+000
   341 2.669280E-014 1.312068E-005 2.999491E-002 0.000000E+000
   342 6.825397E-014 1.177771E-005 2.800227E-002 0.000000E+000
   343 6.895641E-014 1.285639E-005 2.055805E-002 0.000000E+000
   344 6.228321E-014 1.210462E-005 2.916210E-002 0.000000E+000
   345 3.336600E-014 1.187531E-005 3.504416E-002 0.000000E+000
   346 4.963925E-014 1.192289E-005 3.359757E-002 0.000000E+000
   347 3.231234E-014 9.160157E-006 3.537605E-002 0.000000E+000
   348 3.664407E-014 1.188196E-005 3.375344E-002 0.000000E+000
   349 4.940510E-014 1.076532E-005 3.097278E-002 0.000000E+000
   350 3.863432E-014 1.182214E-005 2.044820E-002 0.000000E+000
   351 8.218574E-014 9.335768E-006 2.500712E-002 0.000000E+000
   352 8.640039E-014 1.020263E-005 2.645424E-002 0.000000E+000
   353 6.392224E-014 1.401448E-005 2.228700E-002 0.000000E+000
   354 3.816603E-014 1.146497E-005 3.610681E-002 0.000000E+000
   355 6.204906E-014 1.292583E-005 2.617129E-002 0.000000E+000
   356 6.005881E-014 1.206387E-005 3.428147E-002 0.000000E+000
   357 4.905388E-014 1.230525E-005 3.249861E-002 0.000000E+000
   358 5.151243E-014 1.272381E-005 3.096449E-002 0.000000E+000
   359 1.582836E-013 1.441328E-005 1.701451E-002 0.000000E+000
   360 4.624411E-014 1.337098E-005 2.977920E-002 0.000000E+000
   361 7.516132E-014 1.008072E-005 2.556588E-002 0.000000E+000
   362 3.711236E-014 1.017604E-005 3.643883E-002 0.000000E+000
   363 1.592202E-013 1.438914E-005 1.810689E-002 0.000000E+000
   364 9.799069E-014 1.842590E-005 2.216402E-002 0.000000E+000
   365 7.574668E-014 1.197301E-005 2.697301E-002 0.000000E+000
   366 1.263225E-013 1.222378E-005 2.009487E-002 0.000000E+000
   367 1.622641E-013 1.482840E-005 2.523944E-002 0.000000E+000
   368 7.141496E-014 1.010276E-005 2.597396E-002 0.000000E+000
   369 1.375616E-013 9.793023E-006 1.214598E-002 0.000000E+000
   370 8.405892E-014 1.314811E-005 2.483619E-002 0.000000E+000
   371 4.776607E-014 1.004724E-005 3.206218E-002 0.000000E+000
   372 7.691742E-014 1.040678E-005 3.179742E-002 0.000000E+000
   373 8.078085E-014 1.536176E-005 3.256474E-002 0.000000E+000
   374 7.574668E-014 1.066516E-005 3.024048E-002 0.000000E+000
   375 4.729777E-014 1.201378E-005 2.972121E-002 0.000000E+000
   376 5.174658E-014 1.480232E-005 2.996084E-002 0.000000E+000
   377 9.763947E-014 1.303324E-005 2.818866E-002 0.000000E+000
   378 5.209780E-014 1.479520E-005 2.157580E-002 0.000000E+000
   379 4.624411E-014 1.390624E-005 2.043930E-002 0.000000E+000
   380 5.467342E-014 1.295723E-005 2.838831E-002 0.000000E+000
   381 7.621498E-014 1.102973E-005 2.665813E-002 0.000000E+000
   382 9.576629E-014 1.060720E-005 2.377639E-002 0.000000E+000
   383 8.686869E-014 1.236274E-005 2.439025E-002 0.000000E+000
   384 7.059544E-014 1.246286E-005 2.287242E-002 0.000000E+000
   385 9.834191E-014 1.471191E-005 2.270661E-002 0.000000E+000
   386 5.432220E-014 9.970712E-006 3.127249E-002 0.000000E+000
   387 7.644913E-014 1.255223E-005 3.006491E-002 0.000000E+000
   388 6.766860E-014 1.085204E-005 2.943032E-002 0.000000E+000
   389 1.059517E-013 1.647250E-005 2.608645E-002 0.000000E+000
   390 1.040785E-013 1.583418E-005 2.900530E-002 0.000000E+000
   391 2.175229E-013 1.306783E-005 1.350639E-002 0.000000E+000
   392 1.751423E-013 1.575773E-005 1.826464E-002 0.000000E+000
   393 1.978546E-013 1.476161E-005 1.238278E-002 0.000000E+000
   394 7.996134E-014 1.092771E-005 2.653817E-002 0.000000E+000
   395 9.108334E-014 1.285292E-005 1.661984E-002 0.000000E+000
   396 6.965885E-014 1.531911E-005 2.703423E-002 0.000000E+000
   397 5.408805E-014 1.409481E-005 3.696223E-002 0.000000E+000
   398 7.703449E-014 1.360226E-005 3.562802E-002 0.000000E+000
   399 1.465763E-013 1.137804E-005 2.142642E-002 0.000000E+000
   400 7.527839E-014 1.191436E-005 2.389814E-002 0.000000E+000
   401 7.422473E-014 1.335512E-005 3.357325E-002 0.000000E+000
   402 8.721991E-014 1.095942E-005 3.009117E-002 0.000000E+000
   403 1.478641E-013 1.367223E-005 3.077880E-002 0.000000E+000
   404 6.661494E-014 1.157002E-005 2.374352E-002 0.000000E+000
   405 6.556127E-014 1.578029E-005 2.211366E-002 0.000000E+000
   406 1.267908E-013 1.571704E-005 2.088096E-002 0.000000E+000
   407 7.516132E-014 1.160949E-005 2.478673E-002 0.000000E+000
   408 1.106346E-013 1.238261E-005 2.803516E-002 0.000000E+000
   409 9.588336E-014 1.110281E-005 2.183818E-002 0.000000E+000
   410 7.387350E-014 1.102733E-005 2.477195E-002 0.000000E+000
   411 5.350268E-014 1.662013E-005 3.295058E-002 0.000000E+000
   412 8.991260E-014 1.569343E-005 2.632719E-002 0.000000E+000
   413 9.518092E-014 1.129686E-005 1.962479E-002 0.000000E+000
   414 1.015029E-013 1.374047E-005 2.745997E-002 0.000000E+000
   415 4.600996E-014 1.527878E-005 2.556781E-002 0.000000E+000
   416 3.410357E-013 1.956254E-005 1.862677E-002 0.000000E+000
   417 1.708105E-013 1.639229E-005 1.870756E-002 0.000000E+000
   418 1.119225E-013 1.426155E-005 2.129224E-002 0.000000E+000
   419 2.561573E-013 1.953281E-005 2.088759E-002 0.000000E+000
   420 1.445860E-013 1.620519E-005 2.045644E-002 0.000000E+000
   421 1.438836E-013 1.827484E-005 2.594900E-002 0.000000E+000
   422 1.009175E-013 1.351269E-005 3.234245E-002 0.000000E+000
   423 1.573471E-013 1.313851E-005 2.772378E-002 0.000000E+000
   424 1.059517E-013 1.440619E-005 3.625844E-002 0.000000E+000
   425 1.358055E-013 1.545064E-005 1.648508E-002 0.000000E+000
   426 8.768820E-014 1.299108E-005 3.311417E-002 0.000000E+000
   427 1.348689E-013 1.615046E-005 1.556232E-002 0.000000E+000
   428 1.500885E-013 1.624811E-005 2.103150E-002 0.000000E+000
   429 5.127828E-014 1.301798E-005 3.026654E-002 0.000000E+000
   430 8.967845E-014 1.365064E-005 2.473267E-002 0.000000E+000
   431 9.529799E-014 1.296298E-005 2.711453E-002 0.000000E+000
   432 2.375425E-013 1.735274E-005 2.946565E-002 0.000000E+000
   433 8.628332E-014 1.569616E-005 2.540226E-002 0.000000E+000
   434 7.363936E-014 1.567978E-005 2.165600E-002 0.000000E+000
   435 6.860519E-014 1.381852E-005 2.536341E-002 0.000000E+000
   436 1.024395E-013 1.610531E-005 2.016562E-002 0.000000E+000
   437 8.429306E-014 1.727571E-005 2.484343E-002 0.000000E+000
   438 1.190640E-013 1.290186E-005 2.180745E-002 0.000000E+000
   439 1.065371E-013 1.463736E-005 2.419643E-002 0.000000E+000
   440 7.562961E-014 1.591734E-005 3.068129E-002 0.000000E+000
   441 1.225762E-013 1.550732E-005 1.691179E-002 0.000000E+000
   442 7.879060E-014 1.817290E-005 2.801381E-002 0.000000E+000
   443 9.845898E-014 1.231307E-005 2.821528E-002 0.000000E+000
   444 1.229274E-013 1.642330E-005 2.714737E-002 0.000000E+000
   445 9.494677E-014 1.344599E-005 3.038158E-002 0.000000E+000
   446 1.831033E-013 1.369565E-005 2.164650E-002 0.000000E+000
   447 1.086444E-013 1.354892E-005 2.412154E-002 0.000000E+000
   448 8.675161E-014 1.505607E-005 2.432467E-002 0.000000E+000
   449 8.277111E-014 1.470297E-005 2.810575E-002 0.000000E+000
   450 6.801982E-014 1.427284E-005 2.964457E-002 0.000000E+000
   451 9.354189E-014 1.547341E-005 3.051954E-002 0.000000E+000
   452 7.925890E-014 1.330012E-005 2.378355E-002 0.000000E+000
   453 8.124915E-014 1.285312E-005 2.832183E-002 0.000000E+000
   454 1.614446E-013 1.444547E-005 3.654733E-002 0.000000E+000
   455 9.401018E-014 1.386879E-005 2.062384E-002 0.000000E+000
   456 8.218574E-014 1.722016E-005 2.699837E-002 0.000000E+000
   457 9.600043E-014 1.603220E-005 2.052554E-002 0.000000E+000
   458 1.167225E-013 1.510617E-005 2.548076E-002 0.000000E+000
   459 1.486836E-013 1.699709E-005 2.145595E-002 0.000000E+000
   460 3.007623E-013 1.705245E-005 1.647112E-002 0.000000E+000
   461 1.744398E-013 1.784708E-005 2.184922E-002 0.000000E+000
   462 1.766642E-013 1.808317E-005 3.128187E-002 0.000000E+000
   463 9.752239E-014 1.932716E-005 3.986277E-002 0.000000E+000
   464 1.257372E-013 1.420705E-005 2.420705E-002 0.000000E+000
   465 3.112990E-013 1.817307E-005 2.433420E-002 0.000000E+000
   466 9.623458E-014 1.292937E-005 2.467093E-002 0.000000E+000
   467 2.024204E-013 1.361395E-005 1.352011E-002 0.000000E+000
   468 7.118081E-014 1.572635E-005 2.569935E-002 0.000000E+000
   469 2.960794E-013 1.610175E-005 2.929401E-002 0.000000E+000
   470 9.447848E-014 1.783978E-005 2.937465E-002 0.000000E+000
   471 7.691742E-014 1.554571E-005 3.149098E-002 0.000000E+000
   472 7.996134E-014 1.450545E-005 3.105324E-002 0.000000E+000
   473 1.253859E-013 1.794138E-005 2.220119E-002 0.000000E+000
   474 1.414250E-013 1.560609E-005 2.285411E-002 0.000000E+000
   475 8.160037E-014 1.802178E-005 2.657741E-002 0.000000E+000
   476 1.122737E-013 1.623164E-005 1.816272E-002 0.000000E+000
   477 1.462251E-013 1.346282E-005 2.854806E-002 0.000000E+000
   478 1.497373E-013 1.589682E-005 2.681274E-002 0.000000E+000
   479 1.255030E-013 1.598349E-005 2.144099E-002 0.000000E+000
   480 6.345395E-014 1.579946E-005 3.318309E-002 0.000000E+000
   481 1.303030E-013 1.468202E-005 1.933201E-002 0.000000E+000
   482 1.250347E-013 1.751191E-005 2.462560E-002 0.000000E+000
   483 1.073566E-013 1.493272E-005 2.110758E-002 0.000000E+000
   484 1.737374E-013 1.473342E-005 2.761503E-002 0.000000E+000
   485 2.163522E-013 1.573534E-005 2.049044E-002 0.000000E+000
   486 1.181274E-013 1.411974E-005 2.060576E-002 0.000000E+000
   487 1.198835E-013 1.438774E-005 2.767590E-002 0.000000E+000
   488 9.248822E-014 1.806486E-005 2.850613E-002 0.000000E+000
   489 1.840399E-013 1.476587E-005 2.371010E-002 0.000000E+000
   490 1.853277E-013 1.538695E-005 2.337001E-002 0.000000E+000
   491 1.230445E-013 1.428003E-005 2.506548E-002 0.000000E+000
   492 1.012688E-013 1.722865E-005 2.352888E-002 0.000000E+000
   493 9.342481E-014 1.540934E-005 2.552277E-002 0.000000E+000
   494 1.387323E-013 1.596025E-005 2.250643E-002 0.000000E+000
   495 4.811729E-014 1.825144E-005 2.810225E-002 0.000000E+000
   496 1.365079E-013 1.589173E-005 2.315817E-002 0.000000E+000
   497 8.335647E-014 1.295431E-005 3.424942E-002 0.000000E+000
   498 1.537178E-013 1.787167E-005 2.067174E-002 0.000000E+000
   499 1.121566E-013 1.918043E-005 2.256197E-002 0.000000E+000
   500 2.877672E-013 2.067568E-005 2.406971E-002 0.000000E+000
   501 2.137766E-013 1.849924E-005 2.515071E-002 0.000000E+000
   502 1.498543E-013 1.891986E-005 1.939012E-002 0.000000E+000
   503 1.175420E-013 1.639757E-005 1.812251E-002 0.000000E+000
   504 1.805276E-013 1.606448E-005 2.141039E-002 0.000000E+000
   505 1.397860E-013 1.825500E-005 2.358240E-002 0.000000E+000
   506 1.280786E-013 1.794127E-005 2.561173E-002 0.000000E+000
   507 1.492690E-013 1.671901E-005 1.820492E-002 0.000000E+000
   508 1.864984E-013 1.480785E-005 2.278939E-002 0.000000E+000
   509 8.066378E-014 1.940418E-005 2.627250E-002 0.000000E+000
   510 9.775654E-014 1.587887E-005 2.058150E-002 0.000000E+000
   511 9.728824E-014 1.785879E-005 2.956949E-002 0.000000E+000
   512 1.545373E-013 1.720370E-005 2.204442E-002 0.000000E+000
   513 1.246835E-013 1.452154E-005 2.313003E-002 0.000000E+000
   514 8.885894E-014 1.349485E-005 2.611299E-002 0.000000E+000
   515 1.793569E-013 1.723132E-005 2.456631E-002 0.000000E+000
   516 1.096981E-013 1.934181E-005 2.464693E-002 0.000000E+000
   517 1.687032E-013 1.876731E-005 2.614683E-002 0.000000E+000
   518 2.116693E-013 1.517043E-005 1.821300E-002 0.000000E+000
   519 1.600397E-013 1.376462E-005 2.175307E-002 0.000000E+000
   520 5.420512E-014 1.776899E-005 2.885236E-002 0.000000E+000
   521 1.082932E-013 1.657360E-005 3.470800E-002 0.000000E+000
   522 5.666367E-013 2.921564E-005 2.616917E-002 0.000000E+000
   523 3.816603E-013 2.421679E-005 2.864066E-002 0.000000E+000
   524 2.923330E-013 2.025638E-005 2.913069E-002 0.000000E+000
   525 4.658363E-013 2.345445E-005 2.484345E-002 0.000000E+000
   526 2.320401E-013 1.773239E-005 1.996392E-002 0.000000E+000
   527 1.225762E-013 1.779225E-005 2.644127E-002 0.000000E+000
   528 1.465763E-013 1.939222E-005 1.752032E-002 0.000000E+000
   529 1.223420E-013 1.650920E-005 2.266189E-002 0.000000E+000
   530 1.301860E-013 1.545586E-005 2.333622E-002 0.000000E+000
   531 2.151815E-013 1.716666E-005 1.931849E-002 0.000000E+000
   532 1.472787E-013 1.916049E-005 2.276283E-002 0.000000E+000
   533 1.517275E-013 1.813951E-005 2.222036E-002 0.000000E+000
   534 8.651746E-014 1.731740E-005 3.813190E-002 0.000000E+000
   535 2.367230E-013 1.909392E-005 2.149724E-002 0.000000E+000
   536 9.869313E-014 1.895089E-005 2.312757E-002 0.000000E+000
   537 1.643715E-013 1.892356E-005 2.309200E-002 0.000000E+000
   538 1.126249E-013 1.539885E-005 2.556038E-002 0.000000E+000
   539 1.915326E-013 1.540505E-005 2.405377E-002 0.000000E+000
   540 2.429279E-013 1.540438E-005 3.583451E-002 0.000000E+000
   541 7.340521E-014 1.556753E-005 3.587029E-002 0.000000E+000
   542 1.173078E-013 1.692252E-005 2.909778E-002 0.000000E+000
   543 1.196493E-013 1.514348E-005 2.336725E-002 0.000000E+000
   544 2.357864E-013 1.879948E-005 2.163950E-002 0.000000E+000
   545 1.537178E-013 1.819350E-005 2.184657E-002 0.000000E+000
   546 1.820496E-013 1.914422E-005 2.248321E-002 0.000000E+000
   547 1.831033E-013 1.854026E-005 2.063859E-002 0.000000E+000
   548 1.592202E-013 1.863902E-005 2.411487E-002 0.000000E+000
   549 1.524300E-013 1.557390E-005 3.240597E-002 0.000000E+000
   550 1.798252E-013 1.765862E-005 2.273999E-002 0.000000E+000
   551 1.920009E-013 1.633482E-005 2.617660E-002 0.000000E+000
   552 1.096981E-013 1.903792E-005 2.596987E-002 0.000000E+000
   553 1.478641E-013 1.958974E-005 2.285398E-002 0.000000E+000
   554 1.630837E-013 1.982784E-005 2.392082E-002 0.000000E+000
   555 1.393177E-013 1.782244E-005 2.680336E-002 0.000000E+000
   556 5.880612E-013 2.348828E-005 1.563119E-002 0.000000E+000
   557 3.350649E-013 2.084019E-005 2.054192E-002 0.000000E+000
   558 3.175039E-013 2.434461E-005 3.228652E-002 0.000000E+000
   559 5.446269E-013 1.929309E-005 1.535400E-002 0.000000E+000
   560 2.215034E-013 1.925003E-005 2.499736E-002 0.000000E+000
   561 3.932506E-013 2.487332E-005 2.912568E-002 0.000000E+000
   562 3.315527E-013 1.970593E-005 1.654341E-002 0.000000E+000
   563 3.999238E-013 2.202411E-005 2.055326E-002 0.000000E+000
   564 1.514934E-013 1.969113E-005 3.107122E-002 0.000000E+000
   565 2.865964E-013 2.291353E-005 1.550582E-002 0.000000E+000
   566 1.753764E-013 2.040965E-005 2.409943E-002 0.000000E+000
   567 2.908111E-013 2.184401E-005 2.197820E-002 0.000000E+000
   568 3.199624E-013 1.981207E-005 1.659878E-002 0.000000E+000
   569 1.588690E-013 1.555101E-005 2.631461E-002 0.000000E+000
   570 3.197283E-013 2.073578E-005 1.675596E-002 0.000000E+000
   571 1.265567E-013 1.850793E-005 2.098127E-002 0.000000E+000
   572 2.270059E-013 2.050880E-005 2.171252E-002 0.000000E+000
   573 2.008985E-013 1.762425E-005 2.948431E-002 0.000000E+000
   574 1.794740E-013 1.890657E-005 3.078836E-002 0.000000E+000
   575 1.787715E-013 1.606481E-005 2.104215E-002 0.000000E+000
   576 1.804106E-013 1.611211E-005 2.852257E-002 0.000000E+000
   577 2.121375E-013 2.008225E-005 2.094860E-002 0.000000E+000
   578 2.339133E-013 1.656590E-005 2.465155E-002 0.000000E+000
   579 1.560592E-013 1.659582E-005 1.971624E-002 0.000000E+000
   580 1.881374E-013 2.052668E-005 1.894528E-002 0.000000E+000
   581 1.716300E-013 1.763996E-005 2.275986E-002 0.000000E+000
   582 2.608402E-013 1.932359E-005 2.548513E-002 0.000000E+000
   583 8.555746E-013 2.564878E-005 2.464215E-002 0.000000E+000
   584 7.423643E-013 2.146005E-005 1.621320E-002 0.000000E+000
   585 3.976994E-013 2.055330E-005 2.258513E-002 0.000000E+000
   586 1.847423E-013 1.946088E-005 2.562320E-002 0.000000E+000
   587 1.575812E-013 2.109459E-005 3.777605E-002 0.000000E+000
   588 2.152985E-013 1.972203E-005 2.600317E-002 0.000000E+000
   589 3.721773E-013 1.595082E-005 2.402239E-002 0.000000E+000
   590 2.702061E-013 2.035814E-005 2.118281E-002 0.000000E+000
   591 2.789866E-013 1.821931E-005 1.987961E-002 0.000000E+000
   592 3.727627E-013 1.719339E-005 1.883047E-002 0.000000E+000
   593 1.692886E-013 2.004983E-005 2.851764E-002 0.000000E+000
   594 1.183615E-013 1.804766E-005 3.324392E-002 0.000000E+000
   595 4.298946E-013 2.171482E-005 1.283641E-002 0.000000E+000
   596 2.344986E-013 2.037804E-005 2.110627E-002 0.000000E+000
   597 1.952789E-013 1.808545E-005 2.816239E-002 0.000000E+000
   598 2.644695E-013 2.031123E-005 2.009975E-002 0.000000E+000
   599 1.413080E-013 1.769869E-005 3.370653E-002 0.000000E+000
   600 1.886057E-013 2.072491E-005 2.068206E-002 0.000000E+000
   601 1.843911E-013 2.052596E-005 2.071811E-002 0.000000E+000
   602 1.946936E-013 2.015999E-005 2.243260E-002 0.000000E+000
   603 1.270250E-013 1.691937E-005 2.633680E-002 0.000000E+000
   604 2.321571E-013 1.960853E-005 2.758292E-002 0.000000E+000
   605 2.784013E-013 1.887109E-005 1.939554E-002 0.000000E+000
   606 2.559231E-013 2.179442E-005 2.231969E-002 0.000000E+000
   607 2.462060E-013 1.772911E-005 2.387097E-002 0.000000E+000
   608 1.664788E-013 1.870206E-005 2.780352E-002 0.000000E+000
   609 2.922160E-013 1.732208E-005 1.932205E-002 0.000000E+000
   610 2.713768E-013 1.837564E-005 2.300083E-002 0.000000E+000
   611 1.623812E-013 1.871619E-005 2.250530E-002 0.000000E+000
   612 2.367230E-013 2.154312E-005 2.649951E-002 0.000000E+000
   613 2.087424E-013 1.704103E-005 2.036129E-002 0.000000E+000
   614 2.476109E-013 1.702724E-005 1.917252E-002 0.000000E+000
   615 1.661276E-013 2.028730E-005 1.982178E-002 0.000000E+000
   616 2.064009E-013 2.019456E-005 2.143812E-002 0.000000E+000
   617 2.020692E-013 1.692386E-005 2.655596E-002 0.000000E+000
   618 2.759427E-013 1.657317E-005 2.105162E-002 0.000000E+000
   619 2.044107E-013 1.868743E-005 1.742164E-002 0.000000E+000
   620 6.522176E-013 2.877899E-005 1.615018E-002 0.000000E+000
   621 4.193580E-013 2.194156E-005 1.832517E-002 0.000000E+000
   622 2.670451E-013 2.372013E-005 2.982098E-002 0.000000E+000
   623 2.113180E-013 1.934597E-005 3.019287E-002 0.000000E+000
   624 1.800594E-013 1.723354E-005 2.718639E-002 0.000000E+000
   625 4.860900E-013 1.933550E-005 2.214303E-002 0.000000E+000
   626 1.867326E-013 2.048309E-005 3.116782E-002 0.000000E+000
   627 1.682349E-013 2.163214E-005 2.001262E-002 0.000000E+000
   628 3.109477E-013 2.203964E-005 1.996545E-002 0.000000E+000
   629 2.904599E-013 1.739070E-005 1.907735E-002 0.000000E+000
   630 1.806447E-013 2.106897E-005 2.791920E-002 0.000000E+000
   631 2.064009E-013 2.055039E-005 1.968415E-002 0.000000E+000
   632 2.539329E-013 1.724514E-005 2.364226E-002 0.000000E+000
   633 1.896594E-013 1.758367E-005 2.475884E-002 0.000000E+000
   634 3.585967E-013 1.845620E-005 2.242324E-002 0.000000E+000
   635 1.661276E-013 1.709146E-005 2.477346E-002 0.000000E+000
   636 9.717117E-013 2.774508E-005 2.447281E-002 0.000000E+000
   637 3.924310E-013 2.128108E-005 2.532037E-002 0.000000E+000
   638 6.643932E-013 2.431995E-005 1.801394E-002 0.000000E+000
   639 4.009774E-013 2.215770E-005 2.393292E-002 0.000000E+000
   640 7.942280E-013 2.643153E-005 1.757641E-002 0.000000E+000
   641 4.314166E-013 2.144245E-005 2.183112E-002 0.000000E+000
   642 6.208418E-013 2.519786E-005 2.610972E-002 0.000000E+000
   643 1.237469E-013 2.211340E-005 2.266670E-002 0.000000E+000
   644 2.046448E-013 2.147199E-005 2.670929E-002 0.000000E+000
   645 1.482153E-013 2.268204E-005 2.759143E-002 0.000000E+000
   646 2.188107E-013 1.857788E-005 1.782894E-002 0.000000E+000
   647 3.158648E-013 2.174611E-005 1.902903E-002 0.000000E+000
   648 1.669471E-013 1.820706E-005 2.010063E-002 0.000000E+000
   649 2.403523E-013 1.841414E-005 1.821700E-002 0.000000E+000
   650 2.298157E-013 2.218866E-005 2.141871E-002 0.000000E+000
   651 2.574451E-013 1.882829E-005 2.347387E-002 0.000000E+000
   652 3.663236E-013 2.066728E-005 2.137847E-002 0.000000E+000
   653 1.188532E-012 3.305257E-005 1.787032E-002 0.000000E+000
   654 4.426557E-013 2.121024E-005 1.785695E-002 0.000000E+000
   655 2.344986E-013 2.322476E-005 2.205693E-002 0.000000E+000
   656 2.815622E-013 2.234424E-005 2.312651E-002 0.000000E+000
   657 2.810940E-013 2.345175E-005 2.501637E-002 0.000000E+000
   658 4.021482E-013 2.363029E-005 1.851496E-002 0.000000E+000
   659 1.772496E-013 2.006067E-005 2.078448E-002 0.000000E+000
   660 1.859130E-013 2.247650E-005 2.264549E-002 0.000000E+000
   661 2.479621E-013 1.907784E-005 2.343958E-002 0.000000E+000
   662 2.752403E-013 1.900946E-005 1.890588E-002 0.000000E+000
   663 1.927033E-013 1.900260E-005 2.240917E-002 0.000000E+000
   664 3.696017E-013 2.063300E-005 1.928247E-002 0.000000E+000
   665 2.396499E-013 2.370219E-005 2.564431E-002 0.000000E+000
   666 1.170737E-013 2.100326E-005 2.987657E-002 0.000000E+000
   667 2.971331E-013 2.123295E-005 2.303399E-002 0.000000E+000
   668 8.971358E-013 3.143221E-005 1.962613E-002 0.000000E+000
   669 2.055814E-013 1.843712E-005 2.015851E-002 0.000000E+000
   670 3.630455E-013 2.395967E-005 2.380146E-002 0.000000E+000
   671 3.441967E-013 1.896579E-005 2.409253E-002 0.000000E+000
   672 1.506739E-013 2.272370E-005 2.448306E-002 0.000000E+000
   673 2.051131E-013 2.227478E-005 2.496963E-002 0.000000E+000
   674 5.616025E-013 2.247510E-005 2.108093E-002 0.000000E+000
   675 3.502845E-013 1.971077E-005 2.148201E-002 0.000000E+000
   676 8.124915E-013 2.117033E-005 1.445936E-002 0.000000E+000
   677 5.084511E-013 2.391722E-005 1.736525E-002 0.000000E+000
   678 3.792017E-013 2.077202E-005 1.959078E-002 0.000000E+000
   679 3.573089E-013 2.401273E-005 3.079950E-002 0.000000E+000
   680 2.238449E-013 2.128125E-005 2.331039E-002 0.000000E+000
   681 2.465572E-013 2.006304E-005 2.044140E-002 0.000000E+000
   682 3.840017E-013 2.398001E-005 1.867520E-002 0.000000E+000
   683 2.627134E-013 2.046741E-005 2.137406E-002 0.000000E+000
   684 4.558850E-013 1.925808E-005 2.464386E-002 0.000000E+000
   685 3.415040E-013 2.310716E-005 1.716421E-002 0.000000E+000
   686 1.728008E-013 1.958420E-005 2.740062E-002 0.000000E+000
   687 4.946364E-013 1.985872E-005 1.922675E-002 0.000000E+000
   688 2.257181E-013 2.115846E-005 1.876136E-002 0.000000E+000
   689 2.624792E-013 2.153866E-005 2.071584E-002 0.000000E+000
   690 2.588500E-013 2.075293E-005 2.379068E-002 0.000000E+000
   691 2.463231E-013 2.297270E-005 2.399955E-002 0.000000E+000
   692 3.094258E-013 2.324311E-005 2.679575E-002 0.000000E+000
   693 2.313376E-013 1.996047E-005 2.603606E-002 0.000000E+000
   694 5.997686E-013 2.282871E-005 1.942832E-002 0.000000E+000
   695 3.856408E-013 2.442055E-005 2.218975E-002 0.000000E+000
   696 2.634158E-013 2.265036E-005 1.858998E-002 0.000000E+000
   697 2.330937E-013 2.040478E-005 2.151143E-002 0.000000E+000
   698 4.705192E-013 2.558694E-005 2.232098E-002 0.000000E+000
   699 4.897193E-013 2.229661E-005 1.891474E-002 0.000000E+000
   700 2.233766E-013 2.378572E-005 2.470986E-002 0.000000E+000
   701 3.322552E-013 2.184145E-005 2.329153E-002 0.000000E+000
   702 3.375235E-013 2.220736E-005 1.888943E-002 0.000000E+000
   703 8.024231E-013 2.843553E-005 2.013743E-002 0.000000E+000
   704 5.728416E-013 1.961082E-005 1.035208E-002 0.000000E+000
   705 7.291350E-013 2.921388E-005 1.758997E-002 0.000000E+000
   706 4.309483E-013 2.247449E-005 1.542455E-002 0.000000E+000
   707 1.215342E-012 2.978373E-005 1.518616E-002 0.000000E+000
   708 3.279234E-013 2.186922E-005 2.700878E-002 0.000000E+000
   709 5.049389E-013 2.559547E-005 2.254396E-002 0.000000E+000
   710 4.872607E-013 2.639642E-005 2.454863E-002 0.000000E+000
   711 8.168232E-013 2.828888E-005 2.126533E-002 0.000000E+000
   712 5.850173E-013 2.298988E-005 1.701167E-002 0.000000E+000
   713 4.460508E-013 2.012128E-005 1.856142E-002 0.000000E+000
   714 4.754363E-013 2.484251E-005 2.752606E-002 0.000000E+000
   715 5.959051E-013 2.444924E-005 2.404712E-002 0.000000E+000
   716 1.842740E-013 2.113792E-005 2.472233E-002 0.000000E+000
   717 2.517085E-013 2.293229E-005 2.458023E-002 0.000000E+000
   718 2.992404E-013 2.226252E-005 2.051904E-002 0.000000E+000
   719 2.459718E-013 2.166658E-005 1.651323E-002 0.000000E+000
   720 2.611914E-013 2.296002E-005 2.371791E-002 0.000000E+000
   721 3.765090E-013 2.433829E-005 1.784698E-002 0.000000E+000
   722 3.820115E-013 2.273747E-005 2.057871E-002 0.000000E+000
   723 4.588118E-013 2.049653E-005 2.066660E-002 0.000000E+000
   724 3.686651E-013 2.490355E-005 2.253010E-002 0.000000E+000
   725 3.506357E-013 2.316611E-005 2.159501E-002 0.000000E+000
   726 4.709875E-013 2.332198E-005 2.036672E-002 0.000000E+000
   727 2.990062E-013 2.389643E-005 2.334388E-002 0.000000E+000
   728 3.072014E-013 2.168414E-005 2.108536E-002 0.000000E+000
   729 3.749871E-013 2.088031E-005 2.076446E-002 0.000000E+000
   730 3.134063E-013 2.435716E-005 2.423821E-002 0.000000E+000
   731 4.523728E-013 2.376549E-005 2.268554E-002 0.000000E+000
   732 2.870647E-013 2.268798E-005 2.578627E-002 0.000000E+000
   733 4.173677E-013 2.182541E-005 1.626702E-002 0.000000E+000
   734 7.538376E-013 2.300676E-005 2.005072E-002 0.000000E+000
   735 5.202755E-013 2.500779E-005 2.125941E-002 0.000000E+000
   736 8.527648E-013 2.343512E-005 1.817736E-002 0.000000E+000
   737 7.010373E-013 2.528032E-005 1.717722E-002 0.000000E+000
   738 3.718261E-013 2.075248E-005 2.239713E-002 0.000000E+000
   739 4.844510E-013 2.329020E-005 2.009540E-002 0.000000E+000
   740 5.065779E-013 2.416292E-005 1.532636E-002 0.000000E+000
   741 5.011925E-013 2.182543E-005 1.988554E-002 0.000000E+000
   742 3.761578E-013 2.529184E-005 2.023850E-002 0.000000E+000
   743 1.074737E-012 3.171956E-005 1.520296E-002 0.000000E+000
   744 1.018073E-012 3.093609E-005 1.879874E-002 0.000000E+000
   745 4.654850E-013 2.511014E-005 1.841952E-002 0.000000E+000
   746 7.644913E-013 2.761919E-005 1.699948E-002 0.000000E+000
   747 5.918076E-013 2.173060E-005 1.548942E-002 0.000000E+000
   748 7.712815E-013 2.209497E-005 1.078695E-002 0.000000E+000
   749 2.929184E-013 2.533211E-005 2.052690E-002 0.000000E+000
   750 5.217975E-013 2.483023E-005 1.478236E-002 0.000000E+000
   751 3.130551E-013 2.306793E-005 1.953664E-002 0.000000E+000
   752 8.234964E-013 3.219465E-005 1.624264E-002 0.000000E+000
   753 4.915925E-013 2.097819E-005 1.983572E-002 0.000000E+000
   754 3.134063E-013 2.403286E-005 2.611771E-002 0.000000E+000
   755 2.529963E-013 2.347988E-005 2.177437E-002 0.000000E+000
   756 7.781889E-013 3.077643E-005 1.463344E-002 0.000000E+000
   757 3.906749E-013 2.481336E-005 2.545480E-002 0.000000E+000
   758 2.864793E-013 2.065109E-005 2.060272E-002 0.000000E+000
   759 3.299137E-013 2.335441E-005 1.778891E-002 0.000000E+000
   760 3.322552E-013 2.074822E-005 2.342743E-002 0.000000E+000
   761 4.363337E-013 2.234459E-005 2.345311E-002 0.000000E+000
   762 2.568597E-013 2.503121E-005 2.550738E-002 0.000000E+000
   763 2.762939E-013 2.517994E-005 2.243391E-002 0.000000E+000
   764 3.385771E-013 2.259989E-005 1.844368E-002 0.000000E+000
   765 3.242941E-013 2.142552E-005 2.287134E-002 0.000000E+000
   766 1.956302E-013 2.008959E-005 3.220634E-002 0.000000E+000
   767 2.637670E-013 2.126779E-005 2.070437E-002 0.000000E+000
   768 4.159629E-013 2.062078E-005 2.128076E-002 0.000000E+000
   769 4.520216E-013 2.595900E-005 1.506622E-002 0.000000E+000
   770 6.197882E-013 2.579847E-005 2.927838E-002 0.000000E+000
   771 2.501865E-013 2.240356E-005 2.694446E-002 0.000000E+000
   772 2.181083E-013 2.487582E-005 2.001746E-002 0.000000E+000
   773 3.347137E-013 2.402161E-005 2.579625E-002 0.000000E+000
   774 2.326254E-013 2.511049E-005 2.188617E-002 0.000000E+000
   775 3.266356E-013 2.455913E-005 1.928235E-002 0.000000E+000
   776 5.284707E-013 2.069533E-005 2.091263E-002 0.000000E+000
   777 5.568025E-013 2.411605E-005 2.591050E-002 0.000000E+000
   778 4.095238E-013 2.069568E-005 2.816253E-002 0.000000E+000
   779 3.746358E-013 2.457369E-005 1.983605E-002 0.000000E+000
   780 3.981677E-013 2.173877E-005 2.393255E-002 0.000000E+000
   781 3.351820E-013 2.459712E-005 1.940374E-002 0.000000E+000
   782 3.966457E-013 2.413221E-005 2.047052E-002 0.000000E+000
   783 2.267718E-013 2.561464E-005 3.502421E-002 0.000000E+000
   784 3.463040E-013 2.194788E-005 2.110076E-002 0.000000E+000
   785 3.372893E-013 2.605683E-005 2.942547E-002 0.000000E+000
   786 4.017969E-013 2.449558E-005 2.911669E-002 0.000000E+000
   787 3.306161E-013 2.487546E-005 1.857746E-002 0.000000E+000
   788 5.930954E-013 2.739965E-005 1.721066E-002 0.000000E+000
   789 2.450353E-013 2.517546E-005 2.959199E-002 0.000000E+000
   790 6.504615E-013 2.538663E-005 1.958597E-002 0.000000E+000
   791 3.718261E-013 2.353114E-005 2.210687E-002 0.000000E+000
   792 1.080005E-012 3.318600E-005 1.931204E-002 0.000000E+000
   793 4.448801E-013 2.480730E-005 2.212096E-002 0.000000E+000
   794 8.250184E-013 2.857461E-005 1.546658E-002 0.000000E+000
   795 5.543440E-013 2.262759E-005 2.152006E-002 0.000000E+000
   796 3.679626E-013 2.563061E-005 2.554875E-002 0.000000E+000
   797 4.973291E-013 2.433191E-005 1.790796E-002 0.000000E+000
   798 3.534455E-013 2.063746E-005 2.651143E-002 0.000000E+000
   799 5.644123E-013 2.711692E-005 1.688735E-002 0.000000E+000
   800 4.167824E-013 2.273889E-005 2.196798E-002 0.000000E+000
   801 1.674739E-012 3.074174E-005 1.688658E-002 0.000000E+000
   802 5.239048E-013 2.355244E-005 1.702473E-002 0.000000E+000
   803 6.320809E-013 2.275007E-005 2.705656E-002 0.000000E+000
   804 3.241771E-013 2.079900E-005 2.251875E-002 0.000000E+000
   805 6.636908E-013 2.284131E-005 1.588505E-002 0.000000E+000
   806 3.845871E-013 2.334479E-005 1.714613E-002 0.000000E+000
   807 4.912412E-013 2.606775E-005 2.019032E-002 0.000000E+000
   808 6.549103E-013 2.411142E-005 1.889880E-002 0.000000E+000
   809 1.066190E-012 2.866649E-005 1.893030E-002 0.000000E+000
   810 1.880438E-012 4.197940E-005 1.640550E-002 0.000000E+000
   811 1.676144E-012 3.534643E-005 2.082372E-002 0.000000E+000
   812 4.456996E-013 2.254639E-005 1.727105E-002 0.000000E+000
   813 4.933486E-013 2.622231E-005 2.251289E-002 0.000000E+000
   814 8.144817E-013 2.898459E-005 2.344070E-002 0.000000E+000
   815 4.204117E-013 2.740168E-005 2.760965E-002 0.000000E+000
   816 6.941300E-013 2.557348E-005 3.083417E-002 0.000000E+000
   817 3.489967E-013 2.393387E-005 2.616169E-002 0.000000E+000
   818 4.288410E-013 2.195113E-005 2.475414E-002 0.000000E+000
   819 3.751041E-013 2.642400E-005 2.495866E-002 0.000000E+000
   820 7.063056E-013 2.361170E-005 2.585559E-002 0.000000E+000
   821 5.570367E-013 2.244678E-005 1.439290E-002 0.000000E+000
   822 3.767432E-013 2.291796E-005 2.498521E-002 0.000000E+000
   823 4.087043E-013 2.652052E-005 1.762700E-002 0.000000E+000
   824 5.633586E-013 2.330877E-005 1.862301E-002 0.000000E+000
   825 2.985379E-013 2.666367E-005 2.152448E-002 0.000000E+000
   826 4.447630E-013 2.691654E-005 2.287982E-002 0.000000E+000
   827 6.473005E-013 2.250433E-005 1.244443E-002 0.000000E+000
   828 6.882763E-013 2.496054E-005 1.663687E-002 0.000000E+000
   829 1.757979E-012 3.059783E-005 1.626825E-002 0.000000E+000
   830 4.260312E-013 2.712861E-005 1.956113E-002 0.000000E+000
   831 2.129571E-012 3.234142E-005 1.305988E-002 0.000000E+000
   832 7.865011E-013 2.575319E-005 1.787833E-002 0.000000E+000
   833 5.679245E-013 2.708702E-005 2.409451E-002 0.000000E+000
   834 5.653489E-013 2.498174E-005 2.146129E-002 0.000000E+000
   835 3.879822E-013 2.658547E-005 2.334083E-002 0.000000E+000
   836 3.715919E-013 2.378261E-005 1.932973E-002 0.000000E+000
   837 3.433772E-013 2.363098E-005 2.242974E-002 0.000000E+000
   838 3.386942E-013 2.257077E-005 2.190799E-002 0.000000E+000
   839 3.043916E-013 2.298798E-005 2.402697E-002 0.000000E+000
   840 4.432410E-013 2.727760E-005 2.581515E-002 0.000000E+000
   841 1.848125E-012 3.888552E-005 1.454651E-002 0.000000E+000
   842 4.209385E-012 4.630385E-005 1.287194E-002 0.000000E+000
   843 1.074502E-012 3.031155E-005 1.756027E-002 0.000000E+000
   844 3.678456E-013 2.476835E-005 3.893833E-002 0.000000E+000
   845 3.671431E-013 2.516897E-005 3.133218E-002 0.000000E+000
   846 2.924501E-013 2.722711E-005 2.046182E-002 0.000000E+000
   847 3.685480E-013 2.565127E-005 2.351024E-002 0.000000E+000
   848 2.640246E-012 3.890196E-005 1.290261E-002 0.000000E+000
   849 5.172316E-013 2.629028E-005 2.107127E-002 0.000000E+000
   850 5.915734E-013 2.380407E-005 2.060858E-002 0.000000E+000
   851 4.590460E-013 2.731691E-005 1.724386E-002 0.000000E+000
   852 5.578562E-013 2.465727E-005 2.756966E-002 0.000000E+000
   853 1.936399E-013 2.284093E-005 2.284673E-002 0.000000E+000
   854 5.522366E-013 2.356958E-005 1.783477E-002 0.000000E+000
   855 4.459337E-013 2.339874E-005 2.024485E-002 0.000000E+000
   856 9.615263E-013 3.109697E-005 1.533790E-002 0.000000E+000
   857 3.413869E-013 2.399309E-005 1.902175E-002 0.000000E+000
   858 4.040213E-013 2.642604E-005 2.481843E-002 0.000000E+000
   859 6.291541E-013 2.556748E-005 2.066777E-002 0.000000E+000
   860 5.132511E-013 2.564218E-005 2.371067E-002 0.000000E+000
   861 1.087146E-012 2.779415E-005 1.279014E-002 0.000000E+000
   862 3.967628E-013 2.466426E-005 1.784336E-002 0.000000E+000
   863 7.326472E-013 2.451055E-005 2.091118E-002 0.000000E+000
   864 4.184214E-013 2.779045E-005 1.905540E-002 0.000000E+000
   865 1.260650E-012 2.976422E-005 2.012449E-002 0.000000E+000
   866 1.289099E-012 3.046749E-005 1.906289E-002 0.000000E+000
   867 1.061039E-012 3.097477E-005 1.663221E-002 0.000000E+000
   868 6.773884E-013 2.901187E-005 2.009714E-002 0.000000E+000
   869 9.893898E-013 2.811239E-005 2.090071E-002 0.000000E+000
   870 2.947916E-013 2.683512E-005 2.038875E-002 0.000000E+000
   871 6.237687E-013 2.707370E-005 1.579122E-002 0.000000E+000
   872 1.782798E-012 3.693339E-005 1.305925E-002 0.000000E+000
   873 3.840017E-013 2.330496E-005 2.110509E-002 0.000000E+000
   874 4.143238E-013 2.394628E-005 2.128928E-002 0.000000E+000
   875 3.890359E-013 2.339822E-005 2.034696E-002 0.000000E+000
   876 3.376406E-013 2.820371E-005 2.369469E-002 0.000000E+000
   877 1.931482E-012 3.478492E-005 2.031870E-002 0.000000E+000
   878 4.372703E-013 2.529281E-005 2.221959E-002 0.000000E+000
   879 3.587138E-013 2.373769E-005 2.260835E-002 0.000000E+000
   880 3.767432E-013 2.395958E-005 2.106891E-002 0.000000E+000
   881 5.521196E-013 2.904512E-005 2.075922E-002 0.000000E+000
   882 8.319257E-013 2.809913E-005 2.051671E-002 0.000000E+000
   883 8.260720E-013 3.009446E-005 1.861354E-002 0.000000E+000
   884 1.068766E-012 2.719179E-005 1.729137E-002 0.000000E+000
   885 6.174467E-013 2.799470E-005 1.687376E-002 0.000000E+000
   886 7.566473E-013 2.454122E-005 1.712363E-002 0.000000E+000
   887 3.381088E-013 2.506499E-005 2.690174E-002 0.000000E+000
   888 4.616216E-013 2.626529E-005 2.402335E-002 0.000000E+000
   889 3.684309E-013 2.388283E-005 1.863203E-002 0.000000E+000
   890 9.980533E-013 2.878719E-005 1.703656E-002 0.000000E+000
   891 5.016608E-013 2.459630E-005 2.323353E-002 0.000000E+000
   892 2.527621E-013 2.806485E-005 2.803163E-002 0.000000E+000
   893 4.300117E-013 2.407497E-005 2.069433E-002 0.000000E+000
   894 4.425386E-013 2.745161E-005 2.181396E-002 0.000000E+000
   895 7.488034E-013 3.299811E-005 2.014026E-002 0.000000E+000
   896 2.297454E-012 3.582735E-005 1.484393E-002 0.000000E+000
   897 7.605108E-013 2.919244E-005 1.586481E-002 0.000000E+000
   898 4.666558E-013 2.610542E-005 1.866534E-002 0.000000E+000
   899 3.720602E-013 2.917933E-005 2.276333E-002 0.000000E+000
   900 5.096218E-013 2.809025E-005 1.863622E-002 0.000000E+000
   901 8.645893E-013 2.928339E-005 1.976349E-002 0.000000E+000
   902 1.034697E-012 2.708369E-005 1.685026E-002 0.000000E+000
   903 3.653870E-013 2.530944E-005 2.239450E-002 0.000000E+000
   904 5.420512E-013 2.465841E-005 1.917647E-002 0.000000E+000
   905 6.357102E-013 2.416128E-005 2.204851E-002 0.000000E+000
   906 6.866373E-013 2.931478E-005 2.228080E-002 0.000000E+000
   907 5.882953E-013 2.500634E-005 2.332021E-002 0.000000E+000
   908 3.711236E-013 2.842005E-005 2.584301E-002 0.000000E+000
   909 4.396117E-013 2.417747E-005 2.046809E-002 0.000000E+000
   910 5.112608E-013 2.564069E-005 2.784212E-002 0.000000E+000
   911 8.432819E-013 2.610627E-005 1.793945E-002 0.000000E+000
   912 2.465104E-012 4.513807E-005 1.510831E-002 0.000000E+000
   913 7.196520E-013 2.564146E-005 2.149110E-002 0.000000E+000
   914 3.048833E-012 4.046866E-005 9.691394E-003 0.000000E+000
   915 1.497373E-012 3.664864E-005 1.991273E-002 0.000000E+000
   916 6.649786E-013 2.610408E-005 1.560744E-002 0.000000E+000
   917 1.696866E-012 3.524435E-005 1.189751E-002 0.000000E+000
   918 7.779547E-013 3.084439E-005 1.891584E-002 0.000000E+000
   919 7.814669E-013 2.782057E-005 3.022425E-002 0.000000E+000
   920 2.273454E-012 4.480687E-005 1.564222E-002 0.000000E+000
   921 5.568025E-013 2.824833E-005 1.922514E-002 0.000000E+000
   922 5.761197E-013 2.883400E-005 1.987778E-002 0.000000E+000
   923 4.842168E-013 2.967411E-005 1.688151E-002 0.000000E+000
   924 9.109505E-013 2.515624E-005 1.285334E-002 0.000000E+000
   925 5.118462E-013 2.665945E-005 2.237244E-002 0.000000E+000
   926 6.504615E-013 2.788801E-005 1.814170E-002 0.000000E+000
   927 4.444118E-013 2.577941E-005 2.698695E-002 0.000000E+000
   928 4.509679E-013 2.872133E-005 2.231347E-002 0.000000E+000
   929 1.047575E-012 2.758927E-005 2.261850E-002 0.000000E+000
   930 5.487244E-013 2.629767E-005 1.938891E-002 0.000000E+000
   931 1.331947E-012 3.377550E-005 1.249984E-002 0.000000E+000
   932 4.276702E-013 2.543315E-005 1.872038E-002 0.000000E+000
   933 6.030466E-013 2.782202E-005 1.975219E-002 0.000000E+000
   934 6.324321E-013 2.984077E-005 2.119941E-002 0.000000E+000
   935 8.513599E-013 2.645891E-005 1.564194E-002 0.000000E+000
   936 4.735631E-013 2.728427E-005 1.905065E-002 0.000000E+000
   937 4.163141E-013 2.627756E-005 2.110811E-002 0.000000E+000
   938 6.665006E-013 2.540359E-005 2.380344E-002 0.000000E+000
   939 6.190857E-013 2.605939E-005 1.847874E-002 0.000000E+000
   940 6.522176E-013 2.847496E-005 1.995403E-002 0.000000E+000
   941 2.162937E-012 3.781122E-005 1.446396E-002 0.000000E+000
   942 1.929023E-012 3.091253E-005 1.376154E-002 0.000000E+000
   943 8.238476E-013 3.050940E-005 2.203874E-002 0.000000E+000
   944 8.583844E-013 3.169601E-005 1.740251E-002 0.000000E+000
   945 6.985788E-013 2.872062E-005 1.959546E-002 0.000000E+000
   946 1.534953E-012 3.004803E-005 1.589902E-002 0.000000E+000
   947 1.165000E-012 3.211750E-005 1.465754E-002 0.000000E+000
   948 1.310757E-012 3.408931E-005 3.024373E-002 0.000000E+000
   949 9.477116E-013 3.068223E-005 1.755327E-002 0.000000E+000
   950 1.317547E-012 2.989230E-005 1.484419E-002 0.000000E+000
   951 9.712434E-013 3.208494E-005 1.903063E-002 0.000000E+000
   952 6.174467E-013 2.941918E-005 2.011382E-002 0.000000E+000
   953 6.391053E-013 3.036001E-005 2.501888E-002 0.000000E+000
   954 5.247712E-012 5.052076E-005 1.122873E-002 0.000000E+000
   955 7.562961E-013 2.911466E-005 2.464362E-002 0.000000E+000
   956 3.559040E-013 3.027843E-005 2.181028E-002 0.000000E+000
   957 4.145580E-013 2.811077E-005 1.893466E-002 0.000000E+000
   958 5.518854E-013 2.850550E-005 1.834511E-002 0.000000E+000
   959 6.002369E-013 2.942418E-005 1.706841E-002 0.000000E+000
   960 1.345645E-012 3.482119E-005 1.320788E-002 0.000000E+000
   961 2.806842E-012 3.807555E-005 1.447040E-002 0.000000E+000
   962 4.154477E-012 5.560775E-005 1.569197E-002 0.000000E+000
   963 9.626970E-013 2.808891E-005 1.954050E-002 0.000000E+000
   964 6.382858E-013 2.796088E-005 1.883219E-002 0.000000E+000
   965 5.661684E-013 2.727056E-005 2.070729E-002 0.000000E+000
   966 9.344823E-013 3.090058E-005 1.801154E-002 0.000000E+000
   967 1.192161E-012 3.376734E-005 1.682099E-002 0.000000E+000
   968 6.105393E-013 3.104857E-005 2.062934E-002 0.000000E+000
   969 5.175828E-013 2.776781E-005 2.256386E-002 0.000000E+000
   970 8.181110E-013 2.627155E-005 2.143015E-002 0.000000E+000
   971 3.035370E-012 4.481838E-005 1.021461E-002 0.000000E+000
   972 4.843339E-013 2.892672E-005 1.849263E-002 0.000000E+000
   973 1.021000E-012 3.676195E-005 2.168533E-002 0.000000E+000
   974 5.058755E-013 2.915377E-005 2.153691E-002 0.000000E+000
   975 5.468513E-013 3.014070E-005 2.233458E-002 0.000000E+000
   976 9.561409E-013 3.350376E-005 1.763150E-002 0.000000E+000
   977 1.000044E-012 2.848486E-005 1.488779E-002 0.000000E+000
   978 6.037491E-013 2.764060E-005 2.020487E-002 0.000000E+000
   979 6.755153E-013 3.008176E-005 1.775220E-002 0.000000E+000
   980 6.028125E-013 2.918629E-005 2.628407E-002 0.000000E+000
   981 6.535054E-013 2.737603E-005 1.974427E-002 0.000000E+000
   982 6.382858E-013 2.957914E-005 2.272400E-002 0.000000E+000
   983 1.155752E-012 3.264080E-005 2.128875E-002 0.000000E+000
   984 1.112317E-012 3.551988E-005 1.877302E-002 0.000000E+000
   985 1.353021E-012 3.500858E-005 1.383261E-002 0.000000E+000
   986 2.228147E-012 3.073394E-005 1.348918E-002 0.000000E+000
   987 1.655071E-012 3.442800E-005 1.688892E-002 0.000000E+000
   988 9.244139E-013 3.040770E-005 1.822370E-002 0.000000E+000
   989 2.407035E-012 3.783861E-005 1.310018E-002 0.000000E+000
   990 6.903836E-013 2.958144E-005 1.958745E-002 0.000000E+000
   991 2.472948E-012 3.309680E-005 1.279704E-002 0.000000E+000
   992 9.076724E-013 3.135552E-005 1.943140E-002 0.000000E+000
   993 3.719431E-013 2.967761E-005 2.259874E-002 0.000000E+000
   994 6.074954E-013 3.197016E-005 2.144828E-002 0.000000E+000
   995 1.029546E-012 3.353933E-005 2.354506E-002 0.000000E+000
   996 1.212181E-012 3.379885E-005 1.706623E-002 0.000000E+000
   997 6.168613E-013 2.863546E-005 1.907811E-002 0.000000E+000
   998 8.720820E-013 3.147667E-005 2.101448E-002 0.000000E+000
   999 7.058373E-013 2.991276E-005 2.254361E-002 0.000000E+000
  1000 5.234951E-012 4.901155E-005 1.673570E-002 0.000000E+000
  1001 1.112786E-012 2.956475E-005 1.228832E-002 0.000000E+000
  1002 7.448229E-013 2.745554E-005 1.705183E-002 0.000000E+000
  1003 9.947752E-013 2.896467E-005 1.886942E-002 0.000000E+000
  1004 7.299545E-013 3.086330E-005 1.989900E-002 0.000000E+000
  1005 3.354396E-012 4.573731E-005 1.598206E-002 0.000000E+000
  1006 7.787743E-013 2.805761E-005 2.216478E-002 0.000000E+000
  1007 1.134561E-012 3.531094E-005 2.028034E-002 0.000000E+000
  1008 4.448801E-013 2.773536E-005 2.437126E-002 0.000000E+000
  1009 1.145917E-012 3.103400E-005 1.513110E-002 0.000000E+000
  1010 6.293882E-013 3.003658E-005 3.015687E-002 0.000000E+000
  1011 7.023251E-013 2.924088E-005 2.097829E-002 0.000000E+000
  1012 9.626970E-013 3.214618E-005 1.799846E-002 0.000000E+000
  1013 7.724523E-013 3.249333E-005 2.121902E-002 0.000000E+000
  1014 8.007841E-013 2.775943E-005 1.668383E-002 0.000000E+000
  1015 1.336630E-012 3.275410E-005 1.917671E-002 0.000000E+000
  1016 7.942280E-013 2.924991E-005 1.835225E-002 0.000000E+000
  1017 1.125781E-012 3.206866E-005 1.407253E-002 0.000000E+000
  1018 1.833023E-012 3.541966E-005 1.880933E-002 0.000000E+000
  1019 1.074502E-012 3.321138E-005 2.188581E-002 0.000000E+000
  1020 8.000817E-013 3.056754E-005 1.840301E-002 0.000000E+000
  1021 1.950682E-012 3.268663E-005 1.254867E-002 0.000000E+000
  1022 6.551444E-013 2.799702E-005 1.769004E-002 0.000000E+000
  1023 3.455079E-012 4.157051E-005 1.199098E-002 0.000000E+000
  1024 8.051158E-013 3.225031E-005 1.805069E-002 0.000000E+000
  1025 1.183264E-012 3.437836E-005 2.383511E-002 0.000000E+000
  1026 9.683166E-013 3.243230E-005 2.012658E-002 0.000000E+000
  1027 1.387323E-012 3.251359E-005 1.376063E-002 0.000000E+000
  1028 9.913801E-013 3.212299E-005 2.347350E-002 0.000000E+000
  1029 1.101898E-012 3.245484E-005 1.820899E-002 0.000000E+000
  1030 8.633015E-013 3.102577E-005 2.227339E-002 0.000000E+000
  1031 8.762966E-013 3.259152E-005 2.326930E-002 0.000000E+000
  1032 1.546075E-012 3.457568E-005 1.801291E-002 0.000000E+000
  1033 7.499741E-013 3.022521E-005 2.123046E-002 0.000000E+000
  1034 6.257589E-013 3.056908E-005 1.785334E-002 0.000000E+000
  1035 1.086678E-012 3.189561E-005 1.584880E-002 0.000000E+000
  1036 6.492907E-013 3.287971E-005 2.602853E-002 0.000000E+000
  1037 2.246527E-012 4.574269E-005 1.642111E-002 0.000000E+000
  1038 9.344823E-013 3.161862E-005 1.524920E-002 0.000000E+000
  1039 1.098151E-012 3.251823E-005 1.814899E-002 0.000000E+000
  1040 1.195557E-012 3.692994E-005 1.567291E-002 0.000000E+000
  1041 2.165161E-012 3.834520E-005 1.955974E-002 0.000000E+000
  1042 1.267908E-012 3.404559E-005 2.007125E-002 0.000000E+000
  1043 1.892145E-012 3.913713E-005 1.565860E-002 0.000000E+000
  1044 3.737344E-012 4.491232E-005 1.369076E-002 0.000000E+000
  1045 1.013273E-012 3.065332E-005 2.137986E-002 0.000000E+000
  1046 9.248822E-013 3.094179E-005 2.037274E-002 0.000000E+000
  1047 1.168864E-012 3.238198E-005 1.694807E-002 0.000000E+000
  1048 1.006600E-012 3.116662E-005 2.044448E-002 0.000000E+000
  1049 1.461080E-012 3.622254E-005 1.726645E-002 0.000000E+000
  1050 9.775654E-013 3.410939E-005 2.156476E-002 0.000000E+000
  1051 8.601405E-013 3.419494E-005 1.778335E-002 0.000000E+000
  1052 1.126249E-012 3.118373E-005 1.345958E-002 0.000000E+000
  1053 1.654603E-012 3.428224E-005 1.928120E-002 0.000000E+000
  1054 8.806284E-013 3.052572E-005 1.911364E-002 0.000000E+000
  1055 8.501892E-013 3.056585E-005 1.825653E-002 0.000000E+000
  1056 8.716137E-013 3.292879E-005 1.721249E-002 0.000000E+000
  1057 1.375031E-012 3.378270E-005 1.761286E-002 0.000000E+000
  1058 1.446680E-012 3.296573E-005 1.210635E-002 0.000000E+000
  1059 2.627017E-012 3.918920E-005 1.112830E-002 0.000000E+000
  1060 1.207966E-012 3.473056E-005 1.900580E-002 0.000000E+000
  1061 1.731871E-012 3.846157E-005 1.364858E-002 0.000000E+000
  1062 1.211010E-012 3.357756E-005 1.628284E-002 0.000000E+000
  1063 2.695037E-012 3.857181E-005 1.233175E-002 0.000000E+000
  1064 3.609382E-012 3.994084E-005 1.750631E-002 0.000000E+000
  1065 2.681222E-012 3.707705E-005 1.125627E-002 0.000000E+000
  1066 1.236298E-012 3.496913E-005 1.549657E-002 0.000000E+000
  1067 8.244330E-013 2.974441E-005 2.323503E-002 0.000000E+000
  1068 1.843677E-012 3.414134E-005 1.416334E-002 0.000000E+000
  1069 1.023692E-012 3.036556E-005 1.935110E-002 0.000000E+000
  1070 8.739552E-013 3.181751E-005 1.857153E-002 0.000000E+000
  1071 2.151815E-012 4.370147E-005 2.092347E-002 0.000000E+000
  1072 4.956900E-013 3.219128E-005 2.338044E-002 0.000000E+000
  1073 2.378469E-012 3.906825E-005 1.265894E-002 0.000000E+000
  1074 2.525748E-012 3.555397E-005 1.779309E-002 0.000000E+000
  1075 1.032005E-012 3.431054E-005 2.231817E-002 0.000000E+000
  1076 9.132919E-013 3.221992E-005 1.981744E-002 0.000000E+000
  1077 1.702369E-012 3.962938E-005 1.701885E-002 0.000000E+000
  1078 1.044766E-012 3.365737E-005 2.731385E-002 0.000000E+000
  1079 6.786762E-013 3.053207E-005 1.763363E-002 0.000000E+000
  1080 1.067595E-012 3.516555E-005 1.725465E-002 0.000000E+000
  1081 1.670056E-012 3.813155E-005 1.596830E-002 0.000000E+000
  1082 3.865188E-012 4.717304E-005 1.426840E-002 0.000000E+000
  1083 2.979174E-012 3.700547E-005 1.908026E-002 0.000000E+000
  1084 1.129995E-012 3.348301E-005 1.958090E-002 0.000000E+000
  1085 1.687383E-012 3.470331E-005 1.607574E-002 0.000000E+000
  1086 1.422914E-012 3.459909E-005 1.584430E-002 0.000000E+000
  1087 1.178230E-012 3.182510E-005 1.505854E-002 0.000000E+000
  1088 2.126995E-012 3.244466E-005 1.442546E-002 0.000000E+000
  1089 3.375469E-012 4.518714E-005 1.322759E-002 0.000000E+000
  1090 1.650388E-012 3.647123E-005 1.663364E-002 0.000000E+000
  1091 8.634185E-013 3.068604E-005 1.844697E-002 0.000000E+000
  1092 2.160127E-012 4.382751E-005 1.939970E-002 0.000000E+000
  1093 8.611941E-013 3.548759E-005 2.180734E-002 0.000000E+000
  1094 7.630864E-013 3.079551E-005 2.054262E-002 0.000000E+000
  1095 1.141117E-012 3.173325E-005 2.143358E-002 0.000000E+000
  1096 1.229859E-012 3.226788E-005 2.159553E-002 0.000000E+000
  1097 1.733393E-012 3.156415E-005 1.320341E-002 0.000000E+000
  1098 9.545019E-013 3.419176E-005 2.951203E-002 0.000000E+000
  1099 8.869504E-013 3.188858E-005 2.466848E-002 0.000000E+000
  1100 3.586202E-012 4.288823E-005 1.543429E-002 0.000000E+000
  1101 1.424904E-012 3.081401E-005 2.078509E-002 0.000000E+000
  1102 1.465763E-012 3.208253E-005 1.504338E-002 0.000000E+000
  1103 1.101429E-012 3.529427E-005 2.303801E-002 0.000000E+000
  1104 2.475523E-012 3.813054E-005 1.378288E-002 0.000000E+000
  1105 1.576994E-011 8.205493E-005 1.131007E-002 0.000000E+000
  1106 1.721920E-012 3.640227E-005 1.818669E-002 0.000000E+000
  1107 2.310918E-012 4.486768E-005 1.462414E-002 0.000000E+000
  1108 1.296825E-012 3.638151E-005 1.869500E-002 0.000000E+000
  1109 3.771763E-012 4.426252E-005 1.322292E-002 0.000000E+000
  1110 1.261820E-012 3.492629E-005 2.032925E-002 0.000000E+000
  1111 3.139214E-012 4.273603E-005 1.332178E-002 0.000000E+000
  1112 4.489074E-012 4.395698E-005 9.830780E-003 0.000000E+000
  1113 2.631348E-012 3.984465E-005 1.577539E-002 0.000000E+000
  1114 1.506153E-012 3.387890E-005 1.808290E-002 0.000000E+000
  1115 4.734929E-012 4.585122E-005 1.262312E-002 0.000000E+000
  1116 1.861589E-012 3.772155E-005 2.102622E-002 0.000000E+000
  1117 5.843148E-013 3.204518E-005 2.549964E-002 0.000000E+000
  1118 1.941199E-012 3.665181E-005 1.337245E-002 0.000000E+000
  1119 1.220845E-012 3.421963E-005 2.204143E-002 0.000000E+000
  1120 2.112712E-012 4.124654E-005 1.815529E-002 0.000000E+000
  1121 1.143459E-012 3.337046E-005 2.105221E-002 0.000000E+000
  1122 1.227284E-012 3.381090E-005 1.510403E-002 0.000000E+000
  1123 9.836532E-013 3.210783E-005 1.598229E-002 0.000000E+000
  1124 6.724713E-013 3.393827E-005 2.829693E-002 0.000000E+000
  1125 1.304084E-012 3.281076E-005 1.875170E-002 0.000000E+000
  1126 2.192790E-012 4.155744E-005 1.318504E-002 0.000000E+000
  1127 1.786779E-012 3.966150E-005 1.532924E-002 0.000000E+000
  1128 3.141087E-012 3.712380E-005 1.101831E-002 0.000000E+000
  1129 3.102453E-012 3.668301E-005 1.364113E-002 0.000000E+000
  1130 1.579558E-012 3.615102E-005 1.747921E-002 0.000000E+000
  1131 1.304318E-012 3.553963E-005 1.685396E-002 0.000000E+000
  1132 1.929375E-012 4.077513E-005 1.726820E-002 0.000000E+000
  1133 2.427172E-012 4.266537E-005 2.067443E-002 0.000000E+000
  1134 1.155049E-012 3.777114E-005 1.986402E-002 0.000000E+000
  1135 2.312440E-012 4.352250E-005 1.964920E-002 0.000000E+000
  1136 1.008122E-012 3.380972E-005 1.753082E-002 0.000000E+000
  1137 7.893109E-013 3.326658E-005 2.468136E-002 0.000000E+000
  1138 1.025917E-012 3.498955E-005 2.145279E-002 0.000000E+000
  1139 4.642441E-012 4.186960E-005 1.180956E-002 0.000000E+000
  1140 1.040317E-012 3.485182E-005 1.703270E-002 0.000000E+000
  1141 6.072262E-012 5.651883E-005 1.101472E-002 0.000000E+000
  1142 7.238550E-012 6.426514E-005 1.293322E-002 0.000000E+000
  1143 1.912048E-012 3.546513E-005 1.620832E-002 0.000000E+000
  1144 1.944243E-012 3.593387E-005 1.963750E-002 0.000000E+000
  1145 1.159615E-012 3.486814E-005 2.651082E-002 0.000000E+000
  1146 1.897296E-012 4.043813E-005 1.682765E-002 0.000000E+000
  1147 1.329138E-012 3.755158E-005 2.000572E-002 0.000000E+000
  1148 1.497724E-012 3.525544E-005 1.638428E-002 0.000000E+000
  1149 8.047646E-013 3.499696E-005 2.403813E-002 0.000000E+000
  1150 4.134341E-012 6.022934E-005 1.290147E-002 0.000000E+000
  1151 1.183615E-012 3.408425E-005 1.653155E-002 0.000000E+000
  1152 1.103185E-012 3.985962E-005 2.662573E-002 0.000000E+000
  1153 1.303616E-012 3.577436E-005 1.506491E-002 0.000000E+000
  1154 8.373111E-013 3.422226E-005 2.968035E-002 0.000000E+000
  1155 1.434972E-012 3.371405E-005 1.593549E-002 0.000000E+000
  1156 1.031771E-012 3.723181E-005 2.415673E-002 0.000000E+000
  1157 3.968798E-012 4.416253E-005 1.005251E-002 0.000000E+000
  1158 4.342381E-012 4.525096E-005 1.089012E-002 0.000000E+000
  1159 2.182254E-012 3.832051E-005 2.035277E-002 0.000000E+000
  1160 1.273996E-012 3.887022E-005 1.919682E-002 0.000000E+000
  1161 4.429835E-012 5.358165E-005 1.233696E-002 0.000000E+000
  1162 1.344474E-012 3.946539E-005 2.016088E-002 0.000000E+000
  1163 1.429587E-012 4.022145E-005 2.072669E-002 0.000000E+000
  1164 1.074385E-012 3.445017E-005 1.724722E-002 0.000000E+000
  1165 9.951265E-013 3.587939E-005 2.361521E-002 0.000000E+000
  1166 2.015307E-012 4.193674E-005 1.767769E-002 0.000000E+000
  1167 1.664554E-012 3.567449E-005 1.821939E-002 0.000000E+000
  1168 8.193637E-012 4.771918E-005 9.299104E-003 0.000000E+000
  1169 1.247537E-012 3.750702E-005 1.666779E-002 0.000000E+000
  1170 2.832364E-012 4.501827E-005 1.549937E-002 0.000000E+000
  1171 2.566021E-012 3.749734E-005 1.058370E-002 0.000000E+000
  1172 3.503079E-012 4.631286E-005 1.320353E-002 0.000000E+000
  1173 9.715946E-013 3.789508E-005 1.848853E-002 0.000000E+000
  1174 1.131986E-012 3.665118E-005 2.019921E-002 0.000000E+000
  1175 1.789354E-012 3.882139E-005 1.422104E-002 0.000000E+000
  1176 1.147205E-012 3.497276E-005 1.451802E-002 0.000000E+000
  1177 2.331406E-012 4.372443E-005 1.531297E-002 0.000000E+000
  1178 9.513409E-013 3.840710E-005 1.933311E-002 0.000000E+000
  1179 1.480046E-012 4.040473E-005 1.623149E-002 0.000000E+000
  1180 1.693705E-012 3.633461E-005 1.365214E-002 0.000000E+000
  1181 1.660105E-012 3.503808E-005 1.468578E-002 0.000000E+000
  1182 4.276702E-012 5.223901E-005 9.734671E-003 0.000000E+000
  1183 1.745101E-012 3.846585E-005 1.418233E-002 0.000000E+000
  1184 2.538860E-012 5.071973E-005 1.821518E-002 0.000000E+000
  1185 4.887710E-012 5.051020E-005 1.568638E-002 0.000000E+000
  1186 2.216908E-012 3.861834E-005 1.597207E-002 0.000000E+000
  1187 3.604114E-012 4.081388E-005 9.742443E-003 0.000000E+000
  1188 1.874233E-012 3.780088E-005 1.732363E-002 0.000000E+000
  1189 2.415465E-012 4.031415E-005 1.767795E-002 0.000000E+000
  1190 2.194312E-012 3.975817E-005 1.254256E-002 0.000000E+000
  1191 2.121493E-012 3.945704E-005 1.519731E-002 0.000000E+000
  1192 2.083561E-012 4.131008E-005 1.872859E-002 0.000000E+000
  1193 4.294849E-012 6.384575E-005 1.575266E-002 0.000000E+000
  1194 3.417733E-012 4.778526E-005 1.382518E-002 0.000000E+000
  1195 5.395693E-012 5.679290E-005 1.506747E-002 0.000000E+000
  1196 1.826584E-012 3.927947E-005 1.569252E-002 0.000000E+000
  1197 2.299093E-012 3.850262E-005 1.357011E-002 0.000000E+000
  1198 3.278181E-012 4.680395E-005 1.439285E-002 0.000000E+000
  1199 4.796275E-012 4.522469E-005 1.770136E-002 0.000000E+000
  1200 2.500109E-012 4.033821E-005 1.495772E-002 0.000000E+000
  1201 5.427068E-012 5.554950E-005 1.198820E-002 0.000000E+000
  1202 1.051907E-012 3.731766E-005 1.850815E-002 0.000000E+000
  1203 2.265493E-012 4.832502E-005 1.492593E-002 0.000000E+000
  1204 1.439070E-012 3.969498E-005 2.113167E-002 0.000000E+000
  1205 1.744632E-012 4.676442E-005 2.065565E-002 0.000000E+000
  1206 1.569958E-012 3.991761E-005 1.776786E-002 0.000000E+000
  1207 3.188619E-012 5.111535E-005 1.859348E-002 0.000000E+000
  1208 1.696866E-012 4.186485E-005 1.538825E-002 0.000000E+000
  1209 6.199287E-012 5.382118E-005 1.463709E-002 0.000000E+000
  1210 3.346552E-012 4.104153E-005 1.702278E-002 0.000000E+000
  1211 8.636527E-013 4.076250E-005 2.403156E-002 0.000000E+000
  1212 3.100463E-012 4.978268E-005 1.446270E-002 0.000000E+000
  1213 2.534646E-012 4.007106E-005 1.101412E-002 0.000000E+000
  1214 1.521139E-012 4.068543E-005 1.897180E-002 0.000000E+000
  1215 1.770271E-012 4.173692E-005 1.747828E-002 0.000000E+000
  1216 2.103814E-012 4.053325E-005 1.577669E-002 0.000000E+000
  1217 1.414250E-012 4.070218E-005 2.090635E-002 0.000000E+000
  1218 5.402717E-012 5.049331E-005 1.394852E-002 0.000000E+000
  1219 2.627368E-012 3.927538E-005 1.376986E-002 0.000000E+000
  1220 1.870487E-012 4.121245E-005 1.803123E-002 0.000000E+000
  1221 3.104795E-012 4.102062E-005 1.517787E-002 0.000000E+000
  1222 6.897163E-012 5.132382E-005 1.624727E-002 0.000000E+000
  1223 2.860696E-012 4.150020E-005 1.166857E-002 0.000000E+000
  1224 2.886920E-012 4.045991E-005 1.219094E-002 0.000000E+000
  1225 1.917784E-012 3.961174E-005 1.960027E-002 0.000000E+000
  1226 2.923447E-012 4.338166E-005 1.431054E-002 0.000000E+000
  1227 1.888867E-012 3.945964E-005 1.887832E-002 0.000000E+000
  1228 6.846470E-012 5.753951E-005 1.242934E-002 0.000000E+000
  1229 3.360483E-012 4.860766E-005 1.613110E-002 0.000000E+000
  1230 2.334098E-012 4.611989E-005 9.845971E-003 0.000000E+000
  1231 1.981472E-012 4.283154E-005 1.694836E-002 0.000000E+000
  1232 3.458825E-012 4.957137E-005 1.708196E-002 0.000000E+000
  1233 1.900340E-012 4.416374E-005 2.422992E-002 0.000000E+000
  1234 4.155999E-012 4.752840E-005 9.840276E-003 0.000000E+000
  1235 2.001141E-012 4.226537E-005 1.437689E-002 0.000000E+000
  1236 3.467606E-012 4.705603E-005 1.378633E-002 0.000000E+000
  1237 1.228150E-011 5.408063E-005 8.257001E-003 0.000000E+000
  1238 5.479166E-012 4.444039E-005 1.042769E-002 0.000000E+000
  1239 1.865101E-012 4.061216E-005 1.857595E-002 0.000000E+000
  1240 3.178317E-012 4.134761E-005 1.496490E-002 0.000000E+000
  1241 3.348659E-012 5.013152E-005 1.341362E-002 0.000000E+000
  1242 2.155327E-012 4.330499E-005 1.837011E-002 0.000000E+000
  1243 4.649816E-012 4.314322E-005 1.410654E-002 0.000000E+000
  1244 4.437327E-012 4.490849E-005 1.794993E-002 0.000000E+000
  1245 2.957048E-012 4.356206E-005 1.786316E-002 0.000000E+000
  1246 2.151698E-012 4.899813E-005 1.826090E-002 0.000000E+000
  1247 1.877394E-012 4.559475E-005 1.606093E-002 0.000000E+000
  1248 4.275297E-012 4.677632E-005 1.377861E-002 0.000000E+000
  1249 2.822647E-012 4.484004E-005 1.711307E-002 0.000000E+000
  1250 6.071676E-012 4.437291E-005 9.911530E-003 0.000000E+000
  1251 1.337157E-011 5.213050E-005 8.788138E-003 0.000000E+000
  1252 4.064916E-012 4.786840E-005 1.516992E-002 0.000000E+000
  1253 2.861164E-012 4.682714E-005 1.661137E-002 0.000000E+000
  1254 9.087261E-012 5.386487E-005 7.540367E-003 0.000000E+000
  1255 7.969441E-012 5.477113E-005 1.285220E-002 0.000000E+000
  1256 3.211215E-012 4.793753E-005 1.315508E-002 0.000000E+000
  1257 1.041218E-011 5.817828E-005 1.340514E-002 0.000000E+000
  1258 2.807310E-012 4.566227E-005 2.077124E-002 0.000000E+000
  1259 4.340156E-012 5.156418E-005 1.655135E-002 0.000000E+000
  1260 2.808364E-012 4.461168E-005 1.641609E-002 0.000000E+000
  1261 3.200327E-012 5.161424E-005 1.244276E-002 0.000000E+000
  1262 2.311620E-012 4.947851E-005 1.624254E-002 0.000000E+000
  1263 4.961818E-012 4.558922E-005 8.558363E-003 0.000000E+000
  1264 6.878548E-012 5.596430E-005 1.442041E-002 0.000000E+000
  1265 3.907101E-012 5.431422E-005 1.603194E-002 0.000000E+000
  1266 3.878652E-012 5.046789E-005 1.531449E-002 0.000000E+000
  1267 5.294190E-012 4.795035E-005 1.324378E-002 0.000000E+000
  1268 1.037589E-011 5.474407E-005 1.088238E-002 0.000000E+000
  1269 5.782036E-012 4.932236E-005 1.354672E-002 0.000000E+000
  1270 3.939179E-012 5.436887E-005 1.587060E-002 0.000000E+000
  1271 2.758256E-012 5.133855E-005 1.768467E-002 0.000000E+000
  1272 9.128119E-012 6.032224E-005 1.051215E-002 0.000000E+000
  1273 5.882602E-012 5.662265E-005 1.655860E-002 0.000000E+000
  1274 3.395137E-015 2.885287E-006 2.374867E-002 0.000000E+000
  1275 1.920009E-014 9.899205E-006 2.829003E-002 0.000000E+000
  1276 3.746358E-015 5.710675E-006 3.352210E-002 0.000000E+000
  1277 7.375643E-015 4.145920E-006 3.237617E-002 0.000000E+000
  1278 2.107327E-014 6.542532E-006 3.032713E-002 0.000000E+000
  1279 1.264396E-014 5.108468E-006 2.483257E-002 0.000000E+000
  1280 1.791228E-014 7.399572E-006 3.392883E-002 0.000000E+000
  1281 5.385390E-015 7.219022E-007 3.927614E-002 0.000000E+000
  1282 5.034169E-015 4.293664E-006 2.711557E-002 0.000000E+000
  1283 1.873179E-014 1.087093E-005 2.713551E-002 0.000000E+000
  1284 2.575621E-015 1.053689E-006 2.993821E-002 0.000000E+000
  1285 1.627324E-014 6.414571E-007 1.540348E-002 0.000000E+000
  1286 2.926843E-015 4.240492E-006 3.443526E-002 0.000000E+000
  1287 1.990253E-014 8.592779E-006 2.863665E-002 0.000000E+000
  1288 8.312233E-015 5.823973E-006 2.963596E-002 0.000000E+000
  1289 9.131749E-015 6.066988E-006 4.002365E-002 0.000000E+000
  1290 1.135615E-014 7.468594E-006 2.751665E-002 0.000000E+000
  1291 6.439054E-015 7.628748E-006 2.676597E-002 0.000000E+000
  1292 1.018541E-014 5.774835E-006 2.841913E-002 0.000000E+000
  1293 3.160990E-015 2.964554E-006 3.294039E-002 0.000000E+000
  1294 6.005881E-014 5.941390E-006 3.913096E-002 0.000000E+000
  1295 7.141496E-015 6.639718E-006 3.770604E-002 0.000000E+000
  1296 1.498543E-014 2.881402E-006 3.685516E-002 0.000000E+000
  1297 5.502464E-015 5.132648E-006 3.422295E-002 0.000000E+000
  1298 1.826350E-014 8.959029E-006 5.021459E-002 0.000000E+000
  1299 7.609791E-015 4.829213E-006 3.143262E-002 0.000000E+000
  1300 7.492717E-015 2.764730E-006 2.844444E-002 0.000000E+000
  1301 6.439054E-015 5.269208E-006 3.138975E-002 0.000000E+000
  1302 5.268317E-015 1.569126E-006 3.287881E-002 0.000000E+000
  1303 1.276103E-014 3.171409E-006 3.849400E-002 0.000000E+000
  1304 2.809769E-015 5.190725E-006 3.749219E-002 0.000000E+000
  1305 6.673201E-015 7.313201E-007 3.237292E-002 0.000000E+000
  1306 9.365896E-015 4.846185E-006 3.383606E-002 0.000000E+000
  1307 2.985379E-014 7.415852E-006 1.416912E-002 0.000000E+000
  1308 5.151243E-015 4.876989E-006 3.562894E-002 0.000000E+000
  1309 3.278064E-015 4.770253E-006 4.116364E-002 0.000000E+000
  1310 6.439054E-015 6.292431E-006 2.807325E-002 0.000000E+000
  1311 2.692695E-015 3.279860E-006 2.806033E-002 0.000000E+000
  1312 1.006834E-014 8.957514E-006 2.535375E-002 0.000000E+000
  1313 1.135615E-014 5.956913E-006 4.794445E-002 0.000000E+000
  1314 2.025375E-014 5.785407E-006 2.924992E-002 0.000000E+000
  1315 1.229274E-014 5.491019E-006 2.655990E-002 0.000000E+000
  1316 5.268317E-015 7.552409E-006 2.631333E-002 0.000000E+000
  1317 7.375643E-015 4.696998E-006 3.170845E-002 0.000000E+000
  1318 1.100493E-014 3.095858E-006 4.143119E-002 0.000000E+000
  1319 1.381470E-014 5.226213E-006 3.863735E-002 0.000000E+000
  1320 4.565874E-015 6.151161E-006 3.091140E-002 0.000000E+000
  1321 7.141496E-015 4.920744E-006 3.237644E-002 0.000000E+000
  1322 8.897601E-015 8.133349E-007 2.796534E-002 0.000000E+000
  1323 8.312233E-015 6.550959E-006 2.534111E-002 0.000000E+000
  1324 2.926843E-014 8.817811E-006 4.024243E-002 0.000000E+000
