     1    595      0 3.398000E-006 3.398000E-006 3.398000E-006 1.569387E-016 0.000000E+000
     2    594      0 3.398000E-006 3.398000E-006 6.796000E-006 3.531121E-016 0.000000E+000
     3     -1    589 1.074542E-005 1.074542E-005 5.885509E-006 2.746428E-016 0.000000E+000
     4     -1    587 2.299708E-005 2.299708E-005 6.796000E-006 3.923468E-017 0.000000E+000
     5     -1    584 3.398000E-006 3.398000E-006 1.019400E-005 8.239283E-016 0.000000E+000
     6     -1    580 2.928532E-005 2.928532E-005 3.398000E-006 3.923468E-017 0.000000E+000
     7     -1    579 3.398000E-006 3.398000E-006 5.885509E-006 3.531121E-016 0.000000E+000
     8     -1    563 3.398000E-006 3.398000E-006 5.885509E-006 3.531121E-016 0.000000E+000
     9     -1    551 3.398000E-006 3.398000E-006 1.225166E-005 5.100509E-016 0.000000E+000
    10    543      0 3.398000E-006 3.398000E-006 1.359200E-005 8.239283E-016 0.000000E+000
    11    542      0 3.398000E-006 3.398000E-006 6.796000E-006 3.531121E-016 0.000000E+000
    12     -1    537 3.398000E-006 3.398000E-006 4.417400E-005 3.178009E-015 0.000000E+000
    13     -1    532 5.634946E-005 5.634946E-005 1.557159E-005 8.239283E-016 0.000000E+000
    14    529      0 4.430450E-005 4.430450E-005 4.805498E-006 1.961734E-016 0.000000E+000
    15    526      0 9.155703E-005 9.155703E-005 2.718400E-005 1.765561E-015 0.000000E+000
    16    519      0 5.186822E-005 5.186822E-005 4.805498E-006 1.569387E-016 0.000000E+000
    17     -1    506 5.361954E-005 5.361954E-005 2.038800E-005 1.451683E-015 0.000000E+000
    18     -1    485 3.398000E-006 3.398000E-006 3.276913E-005 1.451683E-015 0.000000E+000
    19    478      0 3.612124E-005 3.612124E-005 6.796000E-006 3.923468E-017 0.000000E+000
    20    476      0 3.398000E-006 3.398000E-006 2.981733E-005 1.765561E-015 0.000000E+000
    21    475      0 6.116400E-005 6.116400E-005 1.664673E-005 9.808670E-016 0.000000E+000
    22    465      0 3.398000E-006 3.398000E-006 2.760548E-005 3.531121E-016 0.000000E+000
    23    464      0 4.133845E-005 4.133845E-005 1.401031E-005 1.961734E-016 0.000000E+000
    24     -1    459 9.672985E-005 9.672985E-005 9.610995E-006 5.100509E-016 0.000000E+000
    25     -1    455 3.398000E-006 3.398000E-006 2.718400E-005 1.765561E-015 0.000000E+000
    26     -1    454 3.398000E-006 3.398000E-006 4.105819E-005 3.531121E-016 0.000000E+000
    27     -1    446 1.091281E-004 1.091281E-004 1.019400E-005 3.923468E-017 0.000000E+000
    28     -1    444 8.969713E-005 8.969713E-005 5.885509E-006 3.138774E-016 0.000000E+000
    29    441      0 4.311579E-005 4.311579E-005 6.796000E-006 3.531121E-016 0.000000E+000
    30    429      0 3.398000E-006 3.398000E-006 3.058200E-005 2.236377E-015 0.000000E+000
    31    428      0 3.722323E-005 3.722323E-005 6.796000E-006 3.531121E-016 0.000000E+000
    32     -1    425 3.659758E-005 3.659758E-005 1.126989E-005 3.531121E-016 0.000000E+000
    33    405      0 3.398000E-006 3.398000E-006 2.883299E-005 9.808670E-016 0.000000E+000
    34     -1    399 3.398000E-006 3.398000E-006 3.398000E-005 2.393316E-015 0.000000E+000
    35     -1    398 5.447408E-005 5.447408E-005 2.587840E-005 1.137806E-015 0.000000E+000
    36    382      0 3.276913E-005 3.276913E-005 1.019400E-005 8.239283E-016 0.000000E+000
    37    371      0 3.398000E-006 3.398000E-006 2.473781E-005 4.708162E-016 0.000000E+000
    38     -1    364 3.398000E-006 3.398000E-006 2.094668E-005 3.531121E-016 0.000000E+000
    39    358      0 3.398000E-006 3.398000E-006 2.378600E-005 1.765561E-015 0.000000E+000
    40    356      0 3.398000E-006 3.398000E-006 2.202156E-005 8.239283E-016 0.000000E+000
    41    354      0 3.398000E-006 3.398000E-006 2.038800E-005 1.451683E-015 0.000000E+000
    42    350      0 3.398000E-006 3.398000E-006 2.010284E-005 1.451683E-015 0.000000E+000
    43     -1    344 3.398000E-006 3.398000E-006 3.058200E-005 2.236377E-015 0.000000E+000
    44    343      0 3.398000E-006 3.398000E-006 3.737800E-005 3.923468E-017 0.000000E+000
    45    336      0 3.398000E-006 3.398000E-006 1.922199E-005 8.239283E-016 0.000000E+000
    46    334      0 3.276913E-005 3.276913E-005 6.796000E-006 3.531121E-016 0.000000E+000
    47     -1    329 3.414948E-005 3.414948E-005 6.796000E-006 3.531121E-016 0.000000E+000
    48    312      0 3.398000E-006 3.398000E-006 2.010284E-005 1.451683E-015 0.000000E+000
    49    308      0 6.179871E-005 6.179871E-005 4.805498E-006 1.177040E-016 0.000000E+000
    50    305      0 3.398000E-006 3.398000E-006 1.699000E-005 3.923468E-017 0.000000E+000
    51    300      0 3.398000E-006 3.398000E-006 1.699000E-005 1.137806E-015 0.000000E+000
    52     -1    292 3.398000E-006 3.398000E-006 2.542830E-005 8.239283E-016 0.000000E+000
    53     -1    280 3.398000E-006 3.398000E-006 2.149084E-005 5.100509E-016 0.000000E+000
    54     -1    276 3.398000E-006 3.398000E-006 1.519632E-005 5.100509E-016 0.000000E+000
    55     -1    260 3.398000E-006 3.398000E-006 1.664673E-005 9.808670E-016 0.000000E+000
    56    259      0 3.398000E-006 3.398000E-006 1.952002E-005 9.808670E-016 0.000000E+000
    57     -1    258 3.398000E-006 3.398000E-006 2.378600E-005 1.765561E-015 0.000000E+000
    58     -1    257 3.189079E-005 3.189079E-005 4.805498E-006 1.569387E-016 0.000000E+000
    59    252      0 3.398000E-006 3.398000E-006 1.829879E-005 5.100509E-016 0.000000E+000
    60    251      0 3.398000E-006 3.398000E-006 3.398000E-005 2.393316E-015 0.000000E+000
    61    248      0 3.398000E-006 3.398000E-006 1.401031E-005 1.961734E-016 0.000000E+000
    62     -1    242 3.398000E-006 3.398000E-006 1.401031E-005 1.961734E-016 0.000000E+000
    63    232      0 3.398000E-006 3.398000E-006 1.359200E-005 3.923468E-017 0.000000E+000
    64     -1    230 3.398000E-006 3.398000E-006 2.923070E-005 1.451683E-015 0.000000E+000
    65     -1    225 3.398000E-006 3.398000E-006 1.271415E-005 8.239283E-016 0.000000E+000
    66     -1    224 3.398000E-006 3.398000E-006 1.829879E-005 5.100509E-016 0.000000E+000
    67     -1    217 3.398000E-006 3.398000E-006 1.401031E-005 1.961734E-016 0.000000E+000
    68    215      0 3.398000E-006 3.398000E-006 2.610053E-005 1.451683E-015 0.000000E+000
    69     -1    212 2.426657E-005 2.426657E-005 1.359200E-005 3.923468E-017 0.000000E+000
    70    194      0 1.481154E-005 1.481154E-005 4.805498E-006 1.569387E-016 0.000000E+000
    71    193      0 3.398000E-006 3.398000E-006 1.225166E-005 5.100509E-016 0.000000E+000
    72    184      0 3.398000E-006 3.398000E-006 1.126989E-005 3.531121E-016 0.000000E+000
    73     -1    182 3.398000E-006 3.398000E-006 1.126989E-005 3.531121E-016 0.000000E+000
    74     -1    181 3.398000E-006 3.398000E-006 1.126989E-005 3.531121E-016 0.000000E+000
    75    172      0 1.664673E-005 1.664673E-005 4.805498E-006 1.569387E-016 0.000000E+000
    76    168      0 3.789674E-005 3.789674E-005 4.805498E-006 1.961734E-016 0.000000E+000
    77     -1    166 3.398000E-006 3.398000E-006 1.225166E-005 5.100509E-016 0.000000E+000
    78    161      0 3.398000E-006 3.398000E-006 1.019400E-005 8.239283E-016 0.000000E+000
    79    160      0 3.398000E-006 3.398000E-006 1.019400E-005 8.239283E-016 0.000000E+000
    80    157      0 3.398000E-006 3.398000E-006 1.019400E-005 8.239283E-016 0.000000E+000
    81    150      0 2.958191E-005 2.958191E-005 6.796000E-006 3.923468E-017 0.000000E+000
    82     -1    142 1.441649E-005 1.441649E-005 4.805498E-006 1.961734E-016 0.000000E+000
    83    139      0 3.398000E-006 3.398000E-006 1.019400E-005 8.239283E-016 0.000000E+000
    84    135      0 2.496582E-005 2.496582E-005 6.796000E-006 3.923468E-017 0.000000E+000
    85    134      0 3.398000E-006 3.398000E-006 1.765653E-005 3.531121E-016 0.000000E+000
    86    119      0 2.497010E-005 2.497010E-005 6.796000E-006 3.923468E-017 0.000000E+000
    87     -1    117 3.398000E-006 3.398000E-006 9.610995E-006 5.100509E-016 0.000000E+000
    88     -1    114 3.398000E-006 3.398000E-006 7.598159E-006 1.961734E-016 0.000000E+000
    89     -1    113 3.398000E-006 3.398000E-006 1.441649E-005 3.531121E-016 0.000000E+000
    90     -1     88 3.398000E-006 3.398000E-006 1.225166E-005 5.100509E-016 0.000000E+000
    91     83      0 3.398000E-006 3.398000E-006 6.796000E-006 3.531121E-016 0.000000E+000
    92     82      0 3.398000E-006 3.398000E-006 6.796000E-006 3.531121E-016 0.000000E+000
    93     -1     73 3.398000E-006 3.398000E-006 7.598159E-006 1.961734E-016 0.000000E+000
    94     58      0 3.398000E-006 3.398000E-006 5.885509E-006 3.531121E-016 0.000000E+000
    95     57      0 3.398000E-006 3.398000E-006 1.019400E-005 8.239283E-016 0.000000E+000
    96     -1     48 7.598159E-006 7.598159E-006 4.805498E-006 1.961734E-016 0.000000E+000
    97     47      0 3.398000E-006 3.398000E-006 6.796000E-006 3.531121E-016 0.000000E+000
    98     -1     45 3.398000E-006 3.398000E-006 6.796000E-006 3.531121E-016 0.000000E+000
    99     44      0 2.304636E-005 2.304636E-005 6.796000E-006 3.923468E-017 0.000000E+000
   100     43      0 3.398000E-006 3.398000E-006 6.796000E-006 3.531121E-016 0.000000E+000
   101     -1     27 3.398000E-006 3.398000E-006 4.805498E-006 1.961734E-016 0.000000E+000
   102     -1     15 3.398000E-006 3.398000E-006 4.805498E-006 1.961734E-016 0.000000E+000
   103     -1      7 3.398000E-006 3.398000E-006 9.610995E-006 5.100509E-016 0.000000E+000
   104      5      0 3.398000E-006 3.398000E-006 1.225166E-005 5.100509E-016 0.000000E+000
   105    233    353 7.067023E-005 1.289569E-004 1.752608E-005 1.412449E-015 0.000000E+000
   106    339    487 8.762430E-005 1.459643E-004 3.398000E-007 1.067183E-014 0.000000E+000
   107    484    461 1.107748E-004 7.276838E-005 3.398000E-007 8.631630E-016 0.000000E+000
   108    424     91 8.685602E-005 2.666175E-005 4.730682E-006 5.100509E-016 0.000000E+000
   109    179    251 5.261207E-005 1.249795E-004 1.019212E-005 2.432550E-015 0.000000E+000
   110      1    399 2.794222E-005 7.572153E-005 7.695295E-006 2.040203E-015 0.000000E+000
   111    224    113 5.551107E-005 5.411064E-005 6.010184E-006 1.530153E-015 0.000000E+000
   112      2    200 2.669972E-005 9.124468E-005 2.614041E-005 5.492855E-016 0.000000E+000
   113     83    251 1.975814E-005 6.499073E-005 7.749166E-006 4.708162E-016 0.000000E+000
   114    527    404 1.053247E-004 8.452342E-005 2.577819E-007 7.454589E-016 0.000000E+000
   115    530    484 2.037520E-004 1.196789E-004 3.095505E-006 4.315815E-015 0.000000E+000
   116    148    480 2.756321E-005 8.780114E-005 9.855522E-006 3.923468E-017 0.000000E+000
   117      3     69 1.332539E-005 3.901638E-005 1.544812E-005 8.631630E-016 0.000000E+000
   118    275    500 6.021202E-005 1.338816E-004 1.638272E-006 3.923468E-016 0.000000E+000
   119    153    295 3.111351E-005 1.277527E-004 8.258735E-006 8.239283E-016 0.000000E+000
   120      4    162 1.424245E-005 2.491455E-005 1.573937E-005 1.255510E-015 0.000000E+000
   121    376    505 6.884305E-005 9.003244E-005 3.398000E-007 1.569387E-015 0.000000E+000
   122    368     80 6.497151E-005 2.306138E-005 1.559218E-005 7.062243E-016 0.000000E+000
   123     14    539 1.016550E-005 1.358929E-004 1.157816E-006 3.923468E-017 0.000000E+000
   124     47      5 1.595613E-005 3.469137E-005 1.355581E-005 6.669896E-016 0.000000E+000
   125      6    422 2.818340E-005 6.894829E-005 1.171045E-005 1.726326E-015 0.000000E+000
   126     33    373 8.965125E-006 8.830752E-005 6.741683E-006 5.885202E-016 0.000000E+000
   127    377    407 4.607443E-005 7.259415E-005 3.398000E-007 3.923468E-017 0.000000E+000
   128      7    444 2.364417E-005 5.567549E-005 8.569725E-006 3.531121E-016 0.000000E+000
   129    111    100 2.237599E-005 2.834728E-005 3.398000E-007 7.846936E-017 0.000000E+000
   130    447    341 5.523185E-005 1.071786E-004 5.516551E-008 6.277549E-016 0.000000E+000
   131     23    230 8.066241E-006 7.934033E-005 1.171956E-005 2.746428E-016 0.000000E+000
   132    126    530 2.003847E-005 2.089472E-004 3.398000E-007 1.569387E-016 0.000000E+000
   133      8    392 1.235957E-005 8.382599E-005 8.050553E-006 1.255510E-015 0.000000E+000
   134    130    402 1.496026E-005 4.477852E-005 1.519531E-006 2.354081E-016 0.000000E+000
   135      9    541 1.595613E-005 1.117025E-004 9.108227E-006 3.531121E-016 0.000000E+000
   136     10    533 8.527535E-006 1.501253E-004 1.290415E-005 1.177040E-016 0.000000E+000
   137     11    195 9.975470E-006 2.037527E-005 9.998279E-006 1.569387E-016 0.000000E+000
   138     84    304 1.366402E-005 5.230784E-005 1.069052E-005 3.531121E-016 0.000000E+000
   139     12    271 9.156998E-006 4.939518E-005 6.099179E-006 6.669896E-016 0.000000E+000
   140     13    349 1.205976E-005 6.543800E-005 1.323584E-005 1.177040E-016 0.000000E+000
   141     14    288 6.488481E-006 4.844903E-005 1.121449E-005 8.631630E-016 0.000000E+000
   142     15    117 7.319994E-006 1.795904E-005 8.870445E-006 5.100509E-016 0.000000E+000
   143     51    541 1.083719E-005 1.654986E-004 6.146626E-006 7.846936E-017 0.000000E+000
   144     16    525 5.869052E-006 5.565799E-005 5.146529E-006 2.746428E-016 0.000000E+000
   145     18     17 4.374533E-006 2.088043E-005 7.689873E-006 2.746428E-016 0.000000E+000
   146     20     19 3.912701E-006 9.932159E-006 7.645979E-006 1.961734E-016 0.000000E+000
   147     22     21 4.374533E-006 7.365886E-006 5.586049E-006 2.354081E-016 0.000000E+000
   148     23    443 7.053723E-006 7.139107E-005 9.247307E-006 1.569387E-016 0.000000E+000
   149     24    527 3.912701E-006 1.388283E-004 7.195172E-006 1.961734E-016 0.000000E+000
   150     25    478 4.374533E-006 6.596083E-005 7.892473E-006 6.669896E-016 0.000000E+000
   151     27     26 3.398000E-006 1.439307E-005 9.604486E-006 6.669896E-016 0.000000E+000
   152     28     93 4.374533E-006 1.291878E-005 6.734172E-006 5.885202E-016 0.000000E+000
   153     29     81 3.398000E-006 1.235957E-005 6.782214E-006 3.923468E-017 0.000000E+000
   154     30     83 6.488481E-006 9.807219E-006 5.725857E-006 3.923468E-017 0.000000E+000
   155     30     82 3.912701E-006 7.888924E-006 5.854901E-006 2.746428E-016 0.000000E+000
   156     32     31 4.374533E-006 1.302813E-005 6.863912E-006 3.531121E-016 0.000000E+000
   157     34     33 4.374533E-006 4.374533E-006 3.021951E-006 3.923468E-017 0.000000E+000
   158     35    503 3.398000E-006 1.241300E-004 7.283121E-006 2.746428E-016 0.000000E+000
   159     36    530 4.374533E-006 2.434944E-004 7.682386E-006 9.023977E-016 0.000000E+000
   160     37    471 1.053527E-005 5.937275E-005 2.653401E-006 7.846936E-017 0.000000E+000
   161     38    186 1.437618E-005 1.803771E-005 1.292108E-005 2.354081E-016 0.000000E+000
   162     39    496 1.071537E-005 1.666931E-004 9.728513E-006 3.923468E-017 0.000000E+000
   163    439    170 1.199001E-004 1.784326E-005 1.319054E-005 2.605183E-014 0.000000E+000
   164    495    477 8.385498E-005 1.141052E-004 4.840959E-006 1.255510E-015 0.000000E+000
   165    414    468 6.675247E-005 2.443494E-004 2.417737E-006 2.118673E-015 0.000000E+000
   166    532    154 1.074997E-004 3.825128E-005 1.147764E-005 3.923468E-017 0.000000E+000
   167    341     40 1.305151E-004 1.644378E-005 2.553770E-005 1.294744E-015 0.000000E+000
   168     71    516 3.753367E-005 1.519200E-004 3.398000E-007 7.846936E-017 0.000000E+000
   169    490    463 1.128650E-004 1.127587E-004 1.784954E-005 7.062243E-016 0.000000E+000
   170    519     46 1.669766E-004 3.744518E-005 1.402793E-006 2.746428E-016 0.000000E+000
   171    448    416 1.690773E-004 8.653926E-005 1.286845E-005 2.275611E-015 0.000000E+000
   172    537     41 1.338725E-004 2.461233E-005 7.505861E-007 2.707193E-015 0.000000E+000
   173    412    116 6.122970E-005 1.814198E-005 7.327276E-006 1.020102E-015 0.000000E+000
   174    163    468 3.786293E-005 1.915596E-004 1.154810E-005 7.454589E-016 0.000000E+000
   175    384     95 8.394396E-005 3.591808E-005 9.619153E-006 2.275611E-015 0.000000E+000
   176    295     59 7.957820E-005 1.747907E-005 8.827375E-006 3.923468E-017 0.000000E+000
   177    345    402 5.694785E-005 5.337954E-005 3.398000E-007 3.923468E-017 0.000000E+000
   178    466    269 7.657535E-005 8.394444E-005 1.157474E-005 7.846936E-016 0.000000E+000
   179    531    328 9.605004E-005 8.097094E-005 6.250646E-006 1.922499E-015 0.000000E+000
   180    443    220 7.519437E-005 2.890147E-005 1.385931E-005 7.062243E-016 0.000000E+000
   181     42    539 1.748737E-005 1.605744E-004 1.478786E-005 1.255510E-015 0.000000E+000
   182     54    228 1.635217E-005 7.010661E-005 1.777733E-005 5.885202E-016 0.000000E+000
   183     43     44 1.716691E-005 5.023254E-005 2.029266E-005 2.314846E-015 0.000000E+000
   184     54    349 1.598048E-005 9.884155E-005 2.236630E-005 3.923468E-017 0.000000E+000
   185     44    252 4.661323E-005 8.146798E-005 1.165056E-005 2.824897E-015 0.000000E+000
   186    519    429 9.128281E-005 1.352250E-004 5.055324E-006 2.667958E-015 0.000000E+000
   187     45    212 2.256538E-005 1.903964E-005 1.070652E-005 6.669896E-016 0.000000E+000
   188    476     46 6.789578E-005 3.965562E-005 6.724508E-006 3.923468E-017 0.000000E+000
   189    334     47 5.482154E-005 1.504359E-005 9.170339E-006 4.708162E-016 0.000000E+000
   190    239    493 7.188130E-005 9.072565E-005 7.225067E-006 3.923468E-015 0.000000E+000
   191    403    268 5.200418E-005 4.898530E-005 1.803757E-005 2.942601E-015 0.000000E+000
   192     63    427 1.054342E-005 6.653252E-005 8.954556E-006 2.746428E-015 0.000000E+000
   193    123    418 1.705904E-005 1.136832E-004 9.895584E-006 1.137806E-015 0.000000E+000
   194     48    502 8.838267E-006 6.564155E-005 1.080930E-005 2.393316E-015 0.000000E+000
   195     49    167 1.326862E-005 3.624077E-005 1.681693E-005 7.454589E-016 0.000000E+000
   196    131    207 1.790749E-005 2.045917E-005 7.222299E-006 1.098571E-015 0.000000E+000
   197     92    453 1.731647E-005 7.595011E-005 1.381086E-005 1.569387E-016 0.000000E+000
   198     50    469 1.758024E-005 4.942622E-005 1.010644E-005 1.294744E-015 0.000000E+000
   199     51    326 1.350131E-005 3.505936E-005 1.473706E-005 1.020102E-015 0.000000E+000
   200     52    122 1.265130E-005 1.948830E-005 9.338275E-006 1.804795E-015 0.000000E+000
   201     68     53 1.294995E-005 1.608227E-005 1.074035E-005 5.492855E-016 0.000000E+000
   202    265    335 3.051396E-005 3.883270E-005 1.005319E-005 7.454589E-016 0.000000E+000
   203     54    496 8.666634E-006 2.323276E-004 1.700770E-005 1.687091E-015 0.000000E+000
   204    455    344 5.243689E-005 6.499566E-005 1.178084E-005 3.923468E-017 0.000000E+000
   205     55    220 1.923354E-005 2.408057E-005 1.622365E-005 3.138774E-016 0.000000E+000
   206     97    293 1.229485E-005 3.779727E-005 1.154201E-005 3.923468E-017 0.000000E+000
   207     77    253 1.071537E-005 5.290735E-005 1.563157E-005 1.059336E-015 0.000000E+000
   208     56    530 8.130023E-006 2.237691E-004 1.188221E-005 1.647857E-015 0.000000E+000
   209     58     57 6.249599E-006 3.092080E-005 1.783104E-005 1.844030E-015 0.000000E+000
   210     78     59 1.071537E-005 1.252676E-005 1.710688E-005 8.631630E-016 0.000000E+000
   211     60    541 1.267729E-005 1.374581E-004 8.081555E-006 3.374183E-015 0.000000E+000
   212     61    530 3.875836E-006 4.183137E-004 7.815245E-006 1.126035E-014 0.000000E+000
   213     63     62 3.875836E-006 8.066241E-006 6.669535E-006 7.846936E-016 0.000000E+000
   214     64    214 4.902588E-006 6.222286E-005 1.249223E-005 1.020102E-015 0.000000E+000
   215     66     65 5.199980E-006 1.053527E-005 1.269446E-005 7.062243E-016 0.000000E+000
   216     67    530 5.199980E-006 1.702898E-004 3.398000E-007 2.628724E-015 0.000000E+000
   217     68    278 4.966080E-006 1.180139E-004 3.398000E-007 9.102446E-015 0.000000E+000
   218    503    447 2.023793E-004 6.132916E-005 1.378560E-005 2.338387E-014 0.000000E+000
   219    448    398 1.427382E-004 1.223396E-004 4.565857E-006 9.337854E-015 0.000000E+000
   220    376     69 1.185942E-004 3.181806E-005 1.924967E-005 2.785662E-015 0.000000E+000
   221    431    369 8.962112E-005 1.088365E-004 1.682654E-005 1.333979E-015 0.000000E+000
   222    355    229 6.934700E-005 3.051746E-005 1.283445E-005 2.746428E-016 0.000000E+000
   223    540    376 1.946390E-004 9.864411E-005 2.062294E-005 9.690966E-015 0.000000E+000
   224    339    502 6.420318E-005 8.495163E-005 1.316862E-005 1.844030E-015 0.000000E+000
   225    341    215 1.348793E-004 5.080732E-005 1.765468E-005 2.511020E-015 0.000000E+000
   226    494     70 1.314309E-004 2.256538E-005 3.398000E-007 3.727295E-015 0.000000E+000
   227    401    510 9.325388E-005 9.716021E-005 1.326760E-005 4.982804E-015 0.000000E+000
   228     71    484 1.682917E-005 8.854349E-005 9.054713E-006 6.199080E-015 0.000000E+000
   229    102    175 2.422539E-005 5.203275E-005 3.363971E-005 2.864132E-015 0.000000E+000
   230    512    468 9.467314E-005 1.562446E-004 4.927073E-006 1.647857E-015 0.000000E+000
   231    216    276 4.675486E-005 4.166461E-005 2.231572E-005 3.923468E-017 0.000000E+000
   232    382    135 6.402264E-005 1.570412E-005 1.062426E-005 3.531121E-016 0.000000E+000
   233    284    106 4.033354E-005 1.382668E-005 1.687342E-005 3.923468E-017 0.000000E+000
   234    310    169 3.649857E-005 5.270234E-005 2.643098E-005 1.706709E-014 0.000000E+000
   235     72    310 1.682917E-005 4.884825E-005 2.396799E-005 2.393316E-015 0.000000E+000
   236    124    530 1.872912E-005 4.000964E-004 3.398000E-007 1.490918E-015 0.000000E+000
   237     73    399 1.712994E-005 6.053882E-005 1.407724E-005 8.239283E-016 0.000000E+000
   238    101    424 1.712994E-005 6.950013E-005 1.941802E-005 3.923468E-017 0.000000E+000
   239     74    536 9.781753E-006 9.756189E-005 1.298587E-005 3.334948E-015 0.000000E+000
   240     75    462 8.300093E-006 8.191592E-005 1.018324E-005 1.530153E-015 0.000000E+000
   241     76    305 1.075154E-005 4.343398E-005 1.453478E-005 1.059336E-015 0.000000E+000
   242     77    527 8.066241E-006 8.406584E-005 1.099036E-005 9.023977E-016 0.000000E+000
   243     78    295 6.186524E-006 7.440540E-005 1.246614E-005 6.669896E-016 0.000000E+000
   244     79     99 3.398000E-006 6.557605E-006 5.240713E-006 4.315815E-016 0.000000E+000
   245     80    361 5.869052E-006 9.050948E-005 1.123672E-005 6.552192E-015 0.000000E+000
   246     81    526 5.869052E-006 1.528889E-004 8.332441E-006 2.354081E-016 0.000000E+000
   247     83     82 3.912701E-006 5.869052E-006 7.208247E-006 3.923468E-017 0.000000E+000
   248     84    499 6.488481E-006 6.537381E-005 6.069784E-006 1.294744E-015 0.000000E+000
   249     85    360 6.925464E-006 8.436931E-005 2.021970E-005 1.451683E-015 0.000000E+000
   250     86    295 1.205976E-005 1.123497E-004 2.079295E-005 3.923468E-017 0.000000E+000
   251     86    387 5.533395E-006 6.530286E-005 1.078651E-005 1.647857E-014 0.000000E+000
   252     87    158 5.869052E-006 2.601898E-005 1.149473E-005 1.255510E-015 0.000000E+000
   253    468    471 1.589802E-004 1.260045E-004 1.430941E-005 2.040203E-015 0.000000E+000
   254    454     88 1.210911E-004 2.409580E-005 2.889488E-006 6.591426E-015 0.000000E+000
   255    371    157 8.935525E-005 1.723149E-005 1.733548E-005 3.256479E-015 0.000000E+000
   256    374    423 8.627121E-005 8.611661E-005 3.398000E-007 3.923468E-017 0.000000E+000
   257    215    529 9.160598E-005 1.367320E-004 1.437535E-005 5.206442E-014 0.000000E+000
   258    453    510 1.237571E-004 1.187488E-004 1.876471E-005 7.846936E-016 0.000000E+000
   259    375    457 7.718996E-005 9.841435E-005 3.398000E-007 9.455558E-015 0.000000E+000
   260    487    374 9.878270E-005 8.933557E-005 1.759408E-005 2.110826E-014 0.000000E+000
   261    356    405 6.490099E-005 7.377808E-005 3.398000E-007 3.413417E-015 0.000000E+000
   262    416    239 9.179543E-005 1.095534E-004 2.242952E-005 6.944539E-015 0.000000E+000
   263    390    483 8.579658E-005 1.211113E-004 2.617117E-005 3.923468E-017 0.000000E+000
   264    386    315 6.811701E-005 3.135012E-005 1.601489E-005 2.393316E-015 0.000000E+000
   265    479    398 9.160078E-005 1.591282E-004 3.398000E-007 1.122112E-014 0.000000E+000
   266    414    400 6.634831E-005 8.627193E-005 1.150702E-005 2.079438E-015 0.000000E+000
   267    168    341 3.656156E-005 1.182191E-004 1.453412E-006 1.451683E-015 0.000000E+000
   268    496    452 1.563999E-004 8.481605E-005 3.398000E-007 5.885202E-016 0.000000E+000
   269    525    470 7.084250E-005 1.618536E-004 3.398000E-007 4.511988E-015 0.000000E+000
   270     89    367 2.883899E-005 5.474191E-005 6.193204E-006 3.805764E-015 0.000000E+000
   271    433    247 7.252252E-005 2.368097E-005 8.253928E-006 5.885202E-016 0.000000E+000
   272    480    216 8.958298E-005 3.870348E-005 1.739226E-005 1.687091E-015 0.000000E+000
   273    272     96 4.878815E-005 8.693773E-006 1.387607E-005 8.631630E-016 0.000000E+000
   274    469    213 6.776519E-005 7.584500E-005 1.537120E-005 5.139743E-015 0.000000E+000
   275    250    424 4.549623E-005 6.904481E-005 1.462765E-005 4.708162E-016 0.000000E+000
   276    512    254 8.864263E-005 5.205059E-005 7.811432E-006 1.114265E-014 0.000000E+000
   277    385     90 5.748853E-005 3.453392E-005 1.777029E-005 4.355050E-015 0.000000E+000
   278    303    387 5.616876E-005 7.638110E-005 2.036014E-005 5.924437E-015 0.000000E+000
   279    137    296 2.658270E-005 3.950435E-005 2.929936E-005 3.531121E-016 0.000000E+000
   280     91    514 1.416998E-005 9.048011E-005 2.289944E-005 1.012255E-014 0.000000E+000
   281    101    144 1.703019E-005 2.691109E-005 3.391668E-005 3.923468E-015 0.000000E+000
   282     92    199 1.613248E-005 2.767320E-005 1.707449E-005 2.314846E-015 0.000000E+000
   283     93    443 1.818752E-005 4.926512E-005 1.817426E-005 4.668927E-015 0.000000E+000
   284    121    256 2.089148E-005 4.589187E-005 1.658891E-005 4.433519E-015 0.000000E+000
   285    206    540 3.052331E-005 1.578844E-004 3.398000E-007 6.905304E-015 0.000000E+000
   286    293    143 3.276353E-005 1.855888E-005 1.077831E-005 5.885202E-016 0.000000E+000
   287    184    168 2.591098E-005 2.572202E-005 3.890773E-006 1.804795E-015 0.000000E+000
   288    362    536 4.181090E-005 1.433043E-004 3.683016E-008 7.846936E-017 0.000000E+000
   289    265    527 3.318230E-005 1.414689E-004 1.475490E-005 5.689029E-015 0.000000E+000
   290    257     94 3.379767E-005 3.901462E-005 1.540493E-005 5.022039E-015 0.000000E+000
   291    237    540 2.515989E-005 1.474916E-004 5.021999E-006 1.569387E-016 0.000000E+000
   292     95    468 2.032277E-005 1.759020E-004 8.587589E-006 8.945507E-015 0.000000E+000
   293    203    389 2.138756E-005 5.193742E-005 1.324069E-005 1.569387E-016 0.000000E+000
   294    466    318 6.289574E-005 3.776979E-005 3.398000E-007 3.923468E-017 0.000000E+000
   295    104    346 7.498908E-006 4.940235E-005 1.597772E-005 2.903366E-015 0.000000E+000
   296     96    271 9.314524E-006 5.007478E-005 1.817148E-005 2.824897E-015 0.000000E+000
   297     97    164 9.889975E-006 2.024242E-005 1.134549E-005 3.923468E-017 0.000000E+000
   298     98    540 7.889470E-006 1.201941E-004 3.739577E-006 4.943570E-015 0.000000E+000
   299    100     99 8.334570E-006 7.498908E-006 1.218715E-005 8.631630E-016 0.000000E+000
   300    131    192 1.312311E-005 3.071743E-005 3.398000E-007 3.138774E-016 0.000000E+000
   301    109    370 1.484269E-005 1.002886E-004 2.521883E-005 2.236377E-014 0.000000E+000
   302    101    486 5.891022E-006 1.120676E-004 2.002697E-005 5.375151E-015 0.000000E+000
   303    102    452 5.963879E-006 8.699676E-005 8.297478E-006 8.200048E-015 0.000000E+000
   304    103    468 6.032119E-006 2.623942E-004 1.704611E-005 7.454589E-016 0.000000E+000
   305    104    454 7.602484E-006 8.116585E-005 1.070663E-005 2.354081E-015 0.000000E+000
   306    105    271 7.602484E-006 5.768564E-005 1.008316E-005 1.726326E-015 0.000000E+000
   307    106    494 6.805148E-006 8.438996E-005 6.877087E-006 6.669896E-016 0.000000E+000
   308    107    243 6.491590E-006 2.970060E-005 1.870418E-005 3.923468E-016 0.000000E+000
   309    108    505 6.805148E-006 6.947367E-005 1.297934E-005 7.062243E-016 0.000000E+000
   310    110    109 4.714860E-006 1.116728E-005 5.608698E-006 1.530153E-015 0.000000E+000
   311    111    369 1.350131E-005 4.382078E-005 1.231620E-005 3.531121E-016 0.000000E+000
   312    114    112 6.032119E-006 1.777295E-005 1.231617E-005 5.100509E-016 0.000000E+000
   313    114    113 6.805148E-006 2.751367E-005 1.337438E-005 2.197142E-015 0.000000E+000
   314    115    281 2.480447E-005 2.949256E-005 2.990209E-005 2.275611E-015 0.000000E+000
   315    349    382 1.275543E-004 4.187153E-005 1.057195E-005 5.885202E-015 0.000000E+000
   316    539    496 1.168443E-004 2.190514E-004 3.398000E-007 5.924437E-015 0.000000E+000
   317    397    450 1.583507E-004 1.669183E-004 5.403637E-006 3.923468E-017 0.000000E+000
   318    218    470 6.991799E-005 1.492469E-004 2.468748E-005 2.467861E-014 0.000000E+000
   319    530    499 2.715050E-004 1.134403E-004 3.398000E-007 3.923468E-017 0.000000E+000
   320    377    277 8.111585E-005 4.457844E-005 3.398000E-007 3.923468E-017 0.000000E+000
   321    377    274 8.798858E-005 4.809002E-005 2.015551E-005 3.923468E-017 0.000000E+000
   322    287    356 5.209939E-005 4.340149E-005 3.398000E-007 7.533059E-015 0.000000E+000
   323    439    456 9.744064E-005 1.254387E-004 3.398000E-007 1.016178E-014 0.000000E+000
   324    381    428 8.623385E-005 6.805677E-005 3.398000E-007 1.165270E-014 0.000000E+000
   325    286    321 8.695582E-005 3.323782E-005 1.513041E-005 9.023977E-016 0.000000E+000
   326    431    497 9.273353E-005 9.999168E-005 3.398000E-007 3.727295E-015 0.000000E+000
   327    310    480 6.490161E-005 8.258858E-005 3.398000E-007 1.647857E-015 0.000000E+000
   328    518    489 1.054424E-004 7.481843E-005 1.685246E-005 6.159845E-015 0.000000E+000
   329    539    165 1.138414E-004 2.947459E-005 2.373984E-005 3.923468E-017 0.000000E+000
   330    327    467 8.056460E-005 1.243191E-004 1.058808E-005 1.455607E-014 0.000000E+000
   331    156    493 2.067779E-005 8.028262E-005 1.507022E-005 2.562025E-014 0.000000E+000
   332    125    256 4.165419E-005 6.371807E-005 1.505316E-005 8.867038E-015 0.000000E+000
   333    361    402 6.036706E-005 4.621057E-005 1.864225E-005 7.846936E-017 0.000000E+000
   334    195    278 4.474311E-005 8.974262E-005 1.947779E-005 6.905304E-015 0.000000E+000
   335    406    452 9.251086E-005 1.040870E-004 3.035695E-005 3.178009E-015 0.000000E+000
   336    282    291 5.768823E-005 3.933087E-005 2.359793E-005 3.923468E-017 0.000000E+000
   337    286    309 6.598716E-005 4.576106E-005 1.733106E-005 4.668927E-015 0.000000E+000
   338    418    408 8.092109E-005 5.238282E-005 2.293020E-005 3.766529E-015 0.000000E+000
   339    478    261 1.008735E-004 2.902065E-005 2.092498E-005 2.746428E-016 0.000000E+000
   340    402    183 5.586779E-005 1.512133E-005 1.300406E-005 2.079438E-015 0.000000E+000
   341    135    381 2.483040E-005 5.515914E-005 1.527574E-005 3.138774E-016 0.000000E+000
   342    138    215 4.196822E-005 5.482548E-005 8.653860E-006 3.178009E-015 0.000000E+000
   343    471    116 6.478224E-005 1.540432E-005 1.705800E-005 5.178978E-015 0.000000E+000
   344    286    223 4.675667E-005 1.876343E-005 1.114227E-005 2.118673E-015 0.000000E+000
   345    260    117 4.184470E-005 1.267860E-005 1.787882E-005 4.158876E-015 0.000000E+000
   346    241    202 3.576253E-005 2.562280E-005 2.051986E-005 2.118673E-015 0.000000E+000
   347    118    493 2.387665E-005 5.266118E-005 1.323627E-005 7.846936E-016 0.000000E+000
   348    433    505 5.969156E-005 6.541375E-005 1.000525E-005 1.294744E-015 0.000000E+000
   349    152    527 3.529375E-005 1.030698E-004 1.871819E-005 4.982804E-015 0.000000E+000
   350    119    125 4.284325E-005 2.045917E-005 7.812457E-006 2.432550E-015 0.000000E+000
   351    255    314 3.795587E-005 4.258176E-005 2.077748E-005 6.983773E-015 0.000000E+000
   352    375    380 4.173419E-005 5.262733E-005 1.458665E-005 6.630661E-015 0.000000E+000
   353    488    323 7.502946E-005 3.729867E-005 6.407537E-006 5.100509E-016 0.000000E+000
   354    159    406 1.723149E-005 6.343816E-005 3.398000E-007 4.315815E-016 0.000000E+000
   355    155    482 1.855888E-005 6.890825E-005 3.398000E-007 3.923468E-017 0.000000E+000
   356    131    205 1.615833E-005 1.763770E-005 2.110034E-005 3.923468E-017 0.000000E+000
   357    158    442 1.560290E-005 4.971413E-005 2.131531E-005 3.923468E-017 0.000000E+000
   358    120    158 1.297696E-005 2.108951E-005 2.309673E-005 3.962703E-015 0.000000E+000
   359    121    349 1.879681E-005 6.438919E-005 1.881062E-005 2.903366E-015 0.000000E+000
   360    122    329 1.297103E-005 8.145283E-005 1.709061E-005 1.353596E-014 0.000000E+000
   361    123    348 1.369445E-005 4.812311E-005 2.029881E-005 4.237346E-015 0.000000E+000
   362    167    124 2.443352E-005 1.811488E-005 4.166375E-006 3.138774E-015 0.000000E+000
   363    125    404 1.944402E-005 4.967653E-005 1.193439E-005 3.923468E-017 0.000000E+000
   364    126    246 8.309840E-006 2.685170E-005 7.954246E-006 2.864132E-015 0.000000E+000
   365    127    533 4.245766E-006 8.898519E-005 1.061673E-005 3.923468E-017 0.000000E+000
   366    127    532 8.309840E-006 9.037414E-005 4.550368E-006 3.923468E-017 0.000000E+000
   367    128    519 8.309840E-006 1.311595E-004 3.932692E-006 6.669896E-016 0.000000E+000
   368    129    147 7.042680E-006 5.924112E-006 7.979887E-006 2.511020E-015 0.000000E+000
   369    130    406 3.875836E-006 7.658395E-005 1.571022E-005 2.354081E-016 0.000000E+000
   370    132    131 3.398000E-006 1.157904E-005 9.993059E-006 5.492855E-016 0.000000E+000
   371    132    205 7.146689E-006 1.386950E-005 1.031182E-005 1.961734E-016 0.000000E+000
   372    133    462 8.883593E-006 7.717978E-005 7.674630E-006 2.354081E-016 0.000000E+000
   373    135    134 1.644378E-005 3.919898E-005 2.101961E-005 4.315815E-015 0.000000E+000
   374    496    136 2.495649E-004 1.466268E-005 1.591691E-005 2.942601E-015 0.000000E+000
   375    303    137 1.126546E-004 2.488673E-005 2.342490E-005 9.651731E-015 0.000000E+000
   376    496    231 1.546940E-004 2.566343E-005 1.625729E-005 6.316784E-015 0.000000E+000
   377    404    161 7.408597E-005 1.680064E-005 9.282377E-006 1.075030E-014 0.000000E+000
   378    251    528 1.270406E-004 1.063087E-004 3.398000E-007 1.259433E-014 0.000000E+000
   379    453    534 1.188527E-004 9.349105E-005 5.048595E-006 4.747396E-015 0.000000E+000
   380    346    271 6.112415E-005 5.468961E-005 1.232283E-005 2.471785E-015 0.000000E+000
   381    341    138 1.251988E-004 3.273678E-005 1.162431E-005 5.649794E-015 0.000000E+000
   382    490    376 9.683160E-005 4.673821E-005 1.464714E-005 1.231969E-014 0.000000E+000
   383    374    170 6.561992E-005 1.406290E-005 1.938506E-005 2.746428E-015 0.000000E+000
   384    485    421 7.317957E-005 8.996631E-005 1.236995E-005 1.965658E-014 0.000000E+000
   385    139    478 3.063526E-005 8.227978E-005 3.192907E-005 9.063211E-015 0.000000E+000
   386    153    530 3.279117E-005 2.054150E-004 3.398000E-007 3.923468E-017 0.000000E+000
   387    269    297 6.493125E-005 6.427585E-005 1.212683E-005 1.718479E-014 0.000000E+000
   388    426    319 6.216292E-005 3.996269E-005 1.612284E-005 3.923468E-017 0.000000E+000
   389    539    497 8.832517E-005 7.680901E-005 7.529698E-006 1.883265E-015 0.000000E+000
   390    188    270 2.818328E-005 4.131398E-005 3.255595E-005 6.787600E-015 0.000000E+000
   391    531    153 7.786317E-005 2.412808E-005 2.864406E-005 3.923468E-017 0.000000E+000
   392    284    494 3.711128E-005 9.138821E-005 2.474994E-005 1.412449E-015 0.000000E+000
   393    349    140 4.896074E-005 1.256801E-005 1.330444E-005 5.139743E-015 0.000000E+000
   394    316    384 3.901638E-005 7.589383E-005 1.800329E-005 9.612497E-015 0.000000E+000
   395    192    526 3.429914E-005 1.938144E-004 5.089272E-006 1.020102E-015 0.000000E+000
   396    293    147 3.983082E-005 1.090011E-005 7.134924E-006 3.923468E-017 0.000000E+000
   397    328    530 5.744063E-005 2.528487E-004 3.398000E-007 1.765561E-015 0.000000E+000
   398    141    470 2.133416E-005 8.050805E-005 2.333155E-005 1.459530E-014 0.000000E+000
   399    142    398 2.554609E-005 1.341955E-004 1.741121E-005 1.836183E-014 0.000000E+000
   400    156    159 1.690531E-005 1.502695E-005 2.421191E-005 2.354081E-016 0.000000E+000
   401    168    172 1.943793E-005 3.604751E-005 2.185172E-005 1.255510E-015 0.000000E+000
   402    143    164 1.256801E-005 1.188814E-005 1.603569E-005 1.844030E-015 0.000000E+000
   403    144    445 1.908911E-005 5.998339E-005 1.373708E-005 1.585081E-014 0.000000E+000
   404    145    293 9.369432E-006 3.757595E-005 1.440711E-005 3.256479E-015 0.000000E+000
   405    146    219 9.369432E-006 2.411110E-005 1.323425E-005 4.355050E-015 0.000000E+000
   406    147    164 9.119535E-006 1.132440E-005 1.106782E-005 2.354081E-016 0.000000E+000
   407    148    310 8.930935E-006 3.255105E-005 1.930328E-005 5.924437E-015 0.000000E+000
   408    149    539 8.899906E-006 9.867092E-005 9.844707E-006 8.239283E-016 0.000000E+000
   409    149    496 7.785809E-006 2.061382E-004 3.398000E-007 7.846936E-015 0.000000E+000
   410    423    180 1.168029E-004 2.237898E-005 1.749505E-005 7.925406E-015 0.000000E+000
   411    456    411 1.187943E-004 3.646819E-005 2.107371E-005 3.178009E-015 0.000000E+000
   412    510    450 9.016693E-005 1.127790E-004 3.398000E-007 1.024025E-014 0.000000E+000
   413    505    526 9.418451E-005 1.903015E-004 3.222479E-006 1.310438E-014 0.000000E+000
   414    192    540 6.100673E-005 1.046565E-004 2.219938E-006 3.217244E-015 0.000000E+000
   415    275    150 8.351096E-005 2.442658E-005 2.941901E-005 3.334948E-015 0.000000E+000
   416    498    541 1.322310E-004 1.532058E-004 7.107185E-006 3.134851E-014 0.000000E+000
   417    496    151 1.924701E-004 1.264475E-005 1.118592E-005 1.404602E-014 0.000000E+000
   418    322    457 7.409617E-005 9.138041E-005 3.398000E-007 1.043643E-014 0.000000E+000
   419    433    526 6.349218E-005 1.317123E-004 1.210139E-005 7.689997E-015 0.000000E+000
   420    430    384 8.939178E-005 9.905890E-005 2.364551E-005 8.827803E-015 0.000000E+000
   421    353    228 6.761684E-005 1.084772E-004 2.792745E-005 9.812594E-014 0.000000E+000
   422    430    366 1.114770E-004 4.963608E-005 1.939715E-005 8.592395E-015 0.000000E+000
   423    454    511 1.092894E-004 1.112816E-004 1.320059E-005 3.923468E-017 0.000000E+000
   424    286    329 8.753821E-005 7.531203E-005 5.753577E-006 1.204505E-014 0.000000E+000
   425    463    363 7.701377E-005 7.096382E-005 3.198814E-005 1.530153E-014 0.000000E+000
   426    380    456 4.580777E-005 1.154798E-004 7.965533E-006 4.708162E-016 0.000000E+000
   427    502    244 6.812507E-005 2.113401E-005 1.733201E-005 5.885202E-016 0.000000E+000
   428    467    171 7.746851E-005 1.330217E-005 8.238901E-006 8.631630E-016 0.000000E+000
   429    289    515 2.929898E-005 9.762090E-005 1.043667E-005 3.923468E-017 0.000000E+000
   430    491    152 6.792524E-005 2.045535E-005 1.701220E-005 1.024025E-014 0.000000E+000
   431    214    363 4.656210E-005 5.498146E-005 1.719211E-005 1.608622E-015 0.000000E+000
   432    435    298 7.076199E-005 2.377279E-005 1.324129E-005 3.923468E-017 0.000000E+000
   433    417    517 6.084030E-005 8.237625E-005 3.398000E-007 4.355050E-015 0.000000E+000
   434    322    338 3.207103E-005 4.422402E-005 1.744295E-005 3.923468E-017 0.000000E+000
   435    490    264 6.349992E-005 2.434002E-005 1.261681E-005 4.472754E-015 0.000000E+000
   436    382    174 5.134456E-005 1.075154E-005 1.701238E-005 3.060305E-015 0.000000E+000
   437    290    289 3.040687E-005 2.108010E-005 1.162808E-005 3.923468E-017 0.000000E+000
   438    372    275 3.648008E-005 6.948087E-005 3.545465E-005 3.487963E-014 0.000000E+000
   439    180    290 1.985695E-005 1.989297E-005 1.566978E-005 1.333979E-015 0.000000E+000
   440    207    192 1.548655E-005 1.755174E-005 1.113571E-005 3.923468E-016 0.000000E+000
   441    166    212 1.978610E-005 4.731265E-005 2.972934E-005 5.767498E-015 0.000000E+000
   442    153    328 1.530833E-005 8.550244E-005 3.591387E-005 9.259385E-015 0.000000E+000
   443    181    517 1.207993E-005 1.182153E-004 3.312704E-005 2.565948E-014 0.000000E+000
   444    154    502 9.334250E-006 9.222101E-005 1.987274E-005 7.807701E-015 0.000000E+000
   445    155    165 8.786370E-006 2.449055E-005 8.616441E-006 1.216275E-015 0.000000E+000
   446    155    539 9.760287E-006 1.110898E-004 1.962341E-005 3.923468E-017 0.000000E+000
   447    156    496 8.400318E-006 1.426244E-004 1.239752E-005 1.255510E-015 0.000000E+000
   448    157    172 9.202087E-006 2.067283E-005 9.459778E-006 5.845967E-015 0.000000E+000
   449    158    421 7.943101E-006 5.181304E-005 6.308526E-006 1.137806E-015 0.000000E+000
   450    159    496 1.202742E-005 1.658265E-004 1.580226E-005 1.726326E-015 0.000000E+000
   451    160    211 9.577836E-006 1.733337E-005 1.791150E-005 1.373214E-015 0.000000E+000
   452    161    193 1.041694E-005 2.242910E-005 8.212153E-006 4.590458E-015 0.000000E+000
   453    162    268 8.309840E-006 1.857857E-005 6.750077E-006 2.785662E-015 0.000000E+000
   454    163    430 9.988039E-006 9.252627E-005 1.291771E-005 2.275611E-015 0.000000E+000
   455    164    293 9.342955E-006 2.131200E-005 1.259452E-005 1.451683E-015 0.000000E+000
   456    165    482 8.007563E-006 5.580129E-005 3.639517E-006 6.395253E-015 0.000000E+000
   457    418    536 1.411763E-004 1.357297E-004 3.766143E-005 1.530153E-015 0.000000E+000
   458    294    360 1.037652E-004 7.847549E-005 3.398000E-007 4.519835E-014 0.000000E+000
   459    241    245 4.444945E-005 2.162557E-005 3.152510E-005 3.923468E-017 0.000000E+000
   460    456    434 1.203670E-004 5.746860E-005 2.539207E-005 9.690966E-015 0.000000E+000
   461    218    525 5.492011E-005 7.562323E-005 2.092516E-005 7.768467E-015 0.000000E+000
   462    457    321 9.648496E-005 7.695869E-005 3.398000E-007 5.414386E-015 0.000000E+000
   463    430    221 1.080974E-004 2.101915E-005 2.663649E-005 1.220199E-014 0.000000E+000
   464    254    213 8.944805E-005 3.861021E-005 1.997915E-005 1.090724E-014 0.000000E+000
   465    429    239 1.028806E-004 9.058875E-005 3.203091E-005 3.923468E-017 0.000000E+000
   466    448    402 1.345940E-004 5.953264E-005 3.748637E-005 3.334948E-015 0.000000E+000
   467    519    388 1.473091E-004 7.042215E-005 1.124960E-005 3.923468E-017 0.000000E+000
   468    388    520 7.525585E-005 8.964117E-005 2.075323E-005 3.923468E-017 0.000000E+000
   469    478    275 8.588811E-005 6.088411E-005 1.361914E-005 6.669896E-016 0.000000E+000
   470    462    516 1.148947E-004 6.625929E-005 1.938558E-005 1.137806E-014 0.000000E+000
   471    394    503 6.350991E-005 9.293041E-005 2.094049E-005 3.923468E-017 0.000000E+000
   472    348    216 5.159866E-005 2.357710E-005 2.458897E-005 9.730201E-015 0.000000E+000
   473    205    192 2.980377E-005 2.882323E-005 1.232532E-005 1.177040E-016 0.000000E+000
   474    517    330 8.586568E-005 7.165085E-005 3.261971E-005 1.530153E-015 0.000000E+000
   475    539    482 9.994415E-005 5.495664E-005 2.234978E-005 1.765561E-015 0.000000E+000
   476    459    272 6.601914E-005 1.667808E-005 1.555142E-005 7.454589E-015 0.000000E+000
   477    376    377 4.601727E-005 4.826977E-005 1.061160E-005 3.923468E-017 0.000000E+000
   478    421    515 5.265788E-005 9.397659E-005 2.772632E-005 3.923468E-017 0.000000E+000
   479    507    385 7.316928E-005 3.333805E-005 1.898887E-005 9.102446E-015 0.000000E+000
   480    442    289 6.391669E-005 1.790545E-005 2.654157E-005 3.923468E-017 0.000000E+000
   481    166    242 2.394949E-005 1.890284E-005 2.286187E-005 4.590458E-015 0.000000E+000
   482    169    443 2.769803E-005 5.770629E-005 2.210359E-005 1.000484E-014 0.000000E+000
   483    394    411 3.971448E-005 5.280818E-005 1.862882E-005 3.923468E-017 0.000000E+000
   484    403    426 4.892386E-005 6.014478E-005 1.405906E-005 3.923468E-017 0.000000E+000
   485    259    447 5.369104E-005 4.923003E-005 2.651553E-005 7.572293E-015 0.000000E+000
   486    316    369 4.262478E-005 2.803334E-005 3.020011E-005 1.251586E-014 0.000000E+000
   487    460    271 6.068512E-005 5.435428E-005 1.977173E-005 7.846936E-015 0.000000E+000
   488    399    395 6.949860E-005 5.129067E-005 2.005363E-005 3.531121E-016 0.000000E+000
   489    425    329 7.049275E-005 7.744537E-005 1.734585E-005 1.745943E-014 0.000000E+000
   490    377    438 5.489150E-005 7.723851E-005 4.467900E-006 8.435456E-015 0.000000E+000
   491    277    376 3.854157E-005 5.121365E-005 2.097996E-005 1.177040E-016 0.000000E+000
   492    282    516 4.149101E-005 1.159107E-004 4.227240E-005 3.923468E-017 0.000000E+000
   493    450    453 6.205851E-005 1.341455E-004 4.046369E-005 1.271204E-014 0.000000E+000
   494    167    500 2.578942E-005 9.655254E-005 1.618647E-005 9.494793E-015 0.000000E+000
   495    178    426 2.186290E-005 8.916140E-005 2.391523E-005 7.572293E-015 0.000000E+000
   496    180    535 1.866073E-005 1.187616E-004 2.575244E-005 1.224122E-014 0.000000E+000
   497    167    530 3.038676E-005 3.632834E-004 1.507970E-005 1.553693E-014 0.000000E+000
   498    196    250 1.412054E-005 2.781867E-005 1.865580E-005 1.098571E-014 0.000000E+000
   499    173    168 1.383349E-005 1.493513E-005 1.769833E-005 7.219181E-015 0.000000E+000
   500    189    526 1.728829E-005 1.606008E-004 2.333115E-006 1.961734E-016 0.000000E+000
   501    220    169 1.458968E-005 1.546282E-005 1.800248E-005 2.707193E-015 0.000000E+000
   502    206    335 1.666387E-005 3.612086E-005 1.701915E-005 6.473722E-015 0.000000E+000
   503    170    423 1.060506E-005 7.402370E-005 1.781967E-005 6.277549E-016 0.000000E+000
   504    266    503 2.191946E-005 9.781882E-005 1.689718E-006 7.062243E-016 0.000000E+000
   505    185    419 2.102494E-005 5.192614E-005 1.042118E-005 3.923468E-017 0.000000E+000
   506    171    186 4.374533E-006 1.214065E-005 8.222632E-006 1.024025E-014 0.000000E+000
   507    173    172 4.854957E-006 2.458696E-005 1.627349E-005 5.885202E-015 0.000000E+000
   508    174    349 8.904097E-006 9.981703E-005 3.488207E-005 2.616953E-014 0.000000E+000
   509    175    233 9.314524E-006 5.271822E-005 3.083902E-005 2.471785E-014 0.000000E+000
   510    176    419 8.017697E-006 4.867358E-005 2.049644E-005 8.200048E-015 0.000000E+000
   511    177    467 1.025095E-005 1.161716E-004 3.398000E-007 3.923468E-017 0.000000E+000
   512    177    531 1.053527E-005 9.713851E-005 1.919500E-005 7.062243E-016 0.000000E+000
   513    526    482 2.070215E-004 5.710554E-005 1.651160E-005 3.923468E-017 0.000000E+000
   514    501    282 9.195297E-005 2.965923E-005 3.849919E-007 3.923468E-017 0.000000E+000
   515    536    384 1.677743E-004 5.944963E-005 1.312305E-005 1.251586E-014 0.000000E+000
   516    240    429 3.457277E-005 8.640414E-005 1.717593E-005 1.483071E-014 0.000000E+000
   517    327    413 5.595696E-005 5.899409E-005 9.482579E-006 1.177040E-014 0.000000E+000
   518    233    228 4.575328E-005 1.077969E-004 3.688947E-005 6.030370E-014 0.000000E+000
   519    504    467 8.566845E-005 1.021024E-004 2.097812E-005 1.177040E-016 0.000000E+000
   520    294    389 7.660054E-005 3.468925E-005 2.930695E-005 9.769436E-015 0.000000E+000
   521    500    497 1.207549E-004 8.249917E-005 2.342083E-005 1.424219E-014 0.000000E+000
   522    337    295 4.396491E-005 1.117025E-004 1.273083E-005 1.137806E-014 0.000000E+000
   523    178    209 1.381557E-005 1.284481E-005 2.234627E-005 7.807701E-015 0.000000E+000
   524    179    530 1.869195E-005 3.452751E-004 2.243504E-005 8.780722E-014 0.000000E+000
   525    180    514 2.316930E-005 7.355893E-005 1.969977E-005 3.295713E-015 0.000000E+000
   526    322    311 3.247446E-005 2.941448E-005 2.106681E-005 3.923468E-017 0.000000E+000
   527    182    181 1.680731E-005 9.192618E-006 3.024698E-005 6.120610E-015 0.000000E+000
   528    183    400 3.398000E-006 4.610799E-005 1.212815E-005 8.945507E-015 0.000000E+000
   529    184    194 1.019006E-005 9.975470E-006 1.398395E-005 8.121579E-015 0.000000E+000
   530    185    420 1.089656E-005 6.709787E-005 2.171240E-005 7.846936E-016 0.000000E+000
   531    186    499 9.648601E-006 5.532576E-005 1.391487E-005 7.454589E-015 0.000000E+000
   532    187    253 1.051411E-005 3.331028E-005 1.522656E-005 4.590458E-015 0.000000E+000
   533    187    496 1.042590E-005 1.876128E-004 9.823326E-006 3.923468E-017 0.000000E+000
   534    188    500 8.935634E-006 1.854423E-004 3.196555E-005 2.071591E-014 0.000000E+000
   535    189    197 8.671362E-006 1.053527E-005 1.266943E-005 3.923468E-017 0.000000E+000
   536    189    207 9.200410E-006 2.244292E-005 1.106887E-005 1.569387E-016 0.000000E+000
   537    190    278 1.162379E-005 9.196624E-005 3.398000E-007 2.903366E-015 0.000000E+000
   538    536    355 1.706882E-004 2.903451E-005 2.705399E-005 2.966142E-014 0.000000E+000
   539    323    211 5.286032E-005 1.238795E-005 3.697450E-005 2.271688E-014 0.000000E+000
   540    526    197 1.605805E-004 1.071537E-005 5.954702E-006 3.923468E-017 0.000000E+000
   541    526    540 1.508462E-004 1.345008E-004 3.398000E-007 3.923468E-017 0.000000E+000
   542    343    441 1.022642E-004 8.246804E-005 3.398000E-007 1.589005E-014 0.000000E+000
   543    540    205 1.254724E-004 1.336014E-005 1.025405E-005 1.910729E-014 0.000000E+000
   544    278    541 8.677500E-005 1.436732E-004 2.753135E-005 2.232453E-014 0.000000E+000
   545    396    500 6.204863E-005 1.477640E-004 1.738501E-006 1.294744E-014 0.000000E+000
   546    489    201 1.008320E-004 1.382724E-005 2.286537E-005 3.923468E-017 0.000000E+000
   547    490    245 9.568414E-005 1.624316E-005 1.719670E-005 5.885202E-016 0.000000E+000
   548    191    407 5.134504E-005 4.532073E-005 2.979280E-005 1.883265E-015 0.000000E+000
   549    477    336 6.547781E-005 2.856688E-005 2.188638E-005 1.804795E-015 0.000000E+000
   550    363    191 3.762726E-005 3.577432E-005 3.149705E-005 1.471301E-014 0.000000E+000
   551    429    496 7.337204E-005 1.441175E-004 1.756265E-005 7.846936E-017 0.000000E+000
   552    274    277 2.913178E-005 4.614358E-005 2.581157E-005 7.023008E-015 0.000000E+000
   553    192    335 1.950543E-005 3.665474E-005 1.774145E-005 8.160814E-015 0.000000E+000
   554    332    230 3.193609E-005 6.356473E-005 1.606542E-005 7.846936E-016 0.000000E+000
   555    289    535 2.247926E-005 9.407516E-005 1.509341E-005 2.628724E-015 0.000000E+000
   556    193    350 1.877829E-005 4.900755E-005 3.595061E-005 1.408525E-014 0.000000E+000
   557    393    361 4.033669E-005 5.964580E-005 1.302336E-005 7.572293E-015 0.000000E+000
   558    194    341 1.779019E-005 8.792144E-005 2.824027E-005 2.091208E-014 0.000000E+000
   559    342    487 3.445744E-005 4.941610E-005 1.047834E-005 9.259385E-015 0.000000E+000
   560    196    195 1.237843E-005 1.450217E-005 1.946195E-005 1.867571E-014 0.000000E+000
   561    197    207 1.045212E-005 1.006690E-005 7.086464E-006 5.532090E-015 0.000000E+000
   562    198    471 1.199525E-005 7.040537E-005 1.448707E-005 1.310438E-014 0.000000E+000
   563    452    239 1.391167E-004 7.088198E-005 4.755540E-005 2.773892E-014 0.000000E+000
   564    510    199 1.398070E-004 1.026386E-005 2.339363E-005 4.943570E-014 0.000000E+000
   565    540    200 2.119737E-004 4.693739E-005 6.611646E-006 4.147106E-014 0.000000E+000
   566    414    368 7.530338E-005 5.837655E-005 3.202266E-005 1.596852E-014 0.000000E+000
   567    229    538 3.143956E-005 2.097424E-004 1.150684E-005 3.138774E-016 0.000000E+000
   568    351    467 5.906778E-005 1.287096E-004 2.532359E-005 5.689029E-015 0.000000E+000
   569    273    420 2.239159E-005 4.660621E-005 2.723222E-005 3.923468E-017 0.000000E+000
   570    204    401 1.618770E-005 7.375195E-005 3.323492E-005 7.258416E-015 0.000000E+000
   571    201    475 1.666387E-005 9.020985E-005 3.398000E-007 3.923468E-017 0.000000E+000
   572    202    392 1.312964E-005 4.163231E-005 2.471058E-005 1.137806E-014 0.000000E+000
   573    203    294 1.584965E-005 5.934042E-005 2.381951E-005 7.062243E-015 0.000000E+000
   574    204    510 1.148973E-005 8.392311E-005 1.485213E-005 1.330056E-014 0.000000E+000
   575    206    205 1.178008E-005 1.932384E-005 1.201187E-005 2.240300E-014 0.000000E+000
   576    207    335 1.138673E-005 4.005568E-005 2.031898E-005 5.218213E-015 0.000000E+000
   577    208    538 1.244086E-005 9.526698E-005 1.452573E-005 3.256479E-015 0.000000E+000
   578    209    385 1.173717E-005 4.120925E-005 1.669185E-005 2.746428E-015 0.000000E+000
   579    210    494 1.089566E-005 1.423004E-004 3.279594E-005 1.820489E-014 0.000000E+000
   580    211    441 1.083984E-005 7.092300E-005 1.542233E-005 8.317752E-015 0.000000E+000
   581    450    422 1.539330E-004 7.800593E-005 6.245421E-005 1.451683E-015 0.000000E+000
   582    254    212 7.564529E-005 2.077832E-005 4.441929E-005 7.964640E-015 0.000000E+000
   583    540    265 1.788849E-004 1.757274E-005 1.151552E-005 8.631630E-016 0.000000E+000
   584    346    510 5.094370E-005 9.509931E-005 4.093963E-005 3.923468E-017 0.000000E+000
   585    381    496 8.052931E-005 1.646031E-004 1.943196E-005 3.531121E-016 0.000000E+000
   586    538    352 1.375689E-004 3.761873E-005 5.929257E-006 3.923468E-017 0.000000E+000
   587    327    351 6.483650E-005 5.633533E-005 2.918727E-005 9.298619E-015 0.000000E+000
   588    292    213 6.753328E-005 2.718325E-005 3.854400E-005 1.934270E-014 0.000000E+000
   589    506    426 9.059484E-005 4.676912E-005 2.802476E-005 6.081376E-015 0.000000E+000
   590    487    330 8.474565E-005 4.340034E-005 3.238928E-005 1.694938E-014 0.000000E+000
   591    264    214 2.881885E-005 5.913372E-005 3.568981E-005 1.985275E-014 0.000000E+000
   592    356    334 4.957380E-005 7.441648E-005 2.556033E-005 4.296198E-014 0.000000E+000
   593    226    503 2.650856E-005 1.198991E-004 4.366784E-005 2.769968E-014 0.000000E+000
   594    277    535 5.274592E-005 7.914608E-005 6.469619E-006 1.906805E-014 0.000000E+000
   595    345    390 4.208662E-005 4.866637E-005 2.866145E-005 1.887188E-014 0.000000E+000
   596    305    359 3.760442E-005 8.431548E-005 5.441633E-005 1.471301E-014 0.000000E+000
   597    312    215 4.402083E-005 5.739108E-005 3.228115E-005 1.722402E-014 0.000000E+000
   598    520    475 8.807086E-005 1.243584E-004 2.577032E-005 3.923468E-017 0.000000E+000
   599    258    216 4.198394E-005 1.855957E-005 2.608883E-005 1.008331E-014 0.000000E+000
   600    420    457 4.856564E-005 5.447379E-005 1.738600E-005 5.100509E-016 0.000000E+000
   601    530    282 1.787025E-004 3.053096E-005 2.138037E-005 1.483071E-014 0.000000E+000
   602    339    217 4.359728E-005 1.599516E-005 1.462100E-005 1.953887E-014 0.000000E+000
   603    255    218 2.077394E-005 3.006184E-005 1.470247E-005 4.433519E-015 0.000000E+000
   604    307    487 2.909439E-005 9.013952E-005 1.153392E-005 1.549770E-014 0.000000E+000
   605    249    377 1.485584E-005 4.656128E-005 1.433619E-005 3.923468E-017 0.000000E+000
   606    220    219 2.071436E-005 1.826369E-005 3.334429E-005 9.220150E-015 0.000000E+000
   607    221    492 1.252076E-005 1.310970E-004 5.468907E-006 2.181448E-014 0.000000E+000
   608    222    519 1.289459E-005 7.901606E-005 3.398000E-007 3.923468E-017 0.000000E+000
   609    222    520 1.144616E-005 5.811828E-005 1.149051E-005 2.511020E-015 0.000000E+000
   610    223    486 1.289459E-005 8.583604E-005 1.554528E-005 9.965609E-015 0.000000E+000
   611    225    224 1.072118E-005 3.851337E-005 1.940169E-005 7.219181E-015 0.000000E+000
   612    226    539 1.185271E-005 1.189241E-004 1.342814E-005 7.062243E-016 0.000000E+000
   613    227    510 1.173742E-005 9.774154E-005 1.518644E-005 5.885202E-016 0.000000E+000
   614    227    379 1.156288E-005 5.401801E-005 3.088880E-005 3.923468E-017 0.000000E+000
   615    227    511 1.271899E-005 7.668720E-005 2.150842E-006 1.177040E-016 0.000000E+000
   616    227    346 1.289459E-005 3.889195E-005 1.867588E-005 3.923468E-017 0.000000E+000
   617    530    251 4.109209E-004 1.340948E-004 8.367902E-007 3.158392E-014 0.000000E+000
   618    475    519 1.264648E-004 1.376253E-004 7.324759E-006 7.846936E-016 0.000000E+000
   619    418    362 1.158545E-004 3.239347E-005 1.977272E-005 1.710632E-014 0.000000E+000
   620    452    228 9.501725E-005 9.783331E-005 4.967240E-005 1.142122E-013 0.000000E+000
   621    339    442 7.957154E-005 5.111894E-005 1.652568E-005 3.888157E-014 0.000000E+000
   622    393    229 4.233882E-005 2.868653E-005 2.897059E-005 1.871494E-014 0.000000E+000
   623    404    356 5.137415E-005 6.456042E-005 3.716409E-005 1.263357E-014 0.000000E+000
   624    473    538 6.160365E-005 2.095872E-004 1.763915E-005 1.027949E-014 0.000000E+000
   625    230    443 4.873746E-005 1.042016E-004 2.457187E-005 1.196658E-014 0.000000E+000
   626    423    535 6.033088E-005 1.416703E-004 6.858377E-006 7.964640E-015 0.000000E+000
   627    418    348 7.315965E-005 3.305401E-005 3.524276E-005 3.923468E-017 0.000000E+000
   628    237    359 1.648743E-005 2.960319E-005 2.271364E-005 3.138774E-016 0.000000E+000
   629    352    266 3.455813E-005 1.814679E-005 1.609934E-005 3.923468E-017 0.000000E+000
   630    232    231 1.297696E-005 1.305469E-005 1.814235E-005 8.435456E-015 0.000000E+000
   631    361    449 8.699790E-005 6.945685E-005 1.684325E-005 1.997045E-014 0.000000E+000
   632    463    376 9.288822E-005 6.788721E-005 3.765147E-005 7.807701E-015 0.000000E+000
   633    488    470 1.130901E-004 4.799917E-005 2.862033E-006 2.126520E-014 0.000000E+000
   634    504    341 8.695943E-005 1.454814E-004 1.186094E-005 1.949964E-014 0.000000E+000
   635    254    302 3.943831E-005 3.026338E-005 3.370029E-005 9.377089E-015 0.000000E+000
   636    281    398 3.053393E-005 1.049605E-004 1.899321E-005 2.746428E-015 0.000000E+000
   637    426    494 5.198134E-005 1.527474E-004 2.678456E-005 1.451683E-015 0.000000E+000
   638    449    536 7.652016E-005 1.199429E-004 2.653996E-005 2.236377E-015 0.000000E+000
   639    415    337 6.675249E-005 3.401250E-005 4.275778E-005 3.923468E-016 0.000000E+000
   640    234    233 1.691152E-005 5.733812E-005 4.017772E-005 2.707193E-014 0.000000E+000
   641    235    496 1.812969E-005 1.644733E-004 1.532873E-005 4.033325E-014 0.000000E+000
   642    236    484 1.458082E-005 1.204618E-004 3.725303E-005 2.903366E-015 0.000000E+000
   643    236    330 1.340189E-005 4.181364E-005 2.619477E-005 1.600775E-014 0.000000E+000
   644    237    526 1.199637E-005 1.623346E-004 3.398000E-007 4.786631E-015 0.000000E+000
   645    238    438 1.335399E-005 4.851215E-005 1.365818E-005 1.463454E-014 0.000000E+000
   646    240    239 1.240598E-005 7.478580E-005 3.347310E-005 2.460014E-014 0.000000E+000
   647    241    490 1.340189E-005 1.269469E-004 2.293212E-005 2.871979E-014 0.000000E+000
   648    242    444 1.280237E-005 7.269205E-005 2.055367E-005 8.082344E-015 0.000000E+000
   649    243    446 1.340189E-005 3.159566E-005 1.775055E-005 1.918576E-014 0.000000E+000
   650    244    340 1.336632E-005 2.768513E-005 1.342263E-005 8.396222E-015 0.000000E+000
   651    245    496 1.225913E-005 2.182850E-004 1.514793E-005 1.224122E-014 0.000000E+000
   652    246    270 1.449781E-005 1.894798E-005 1.124792E-005 1.016178E-014 0.000000E+000
   653    247    526 1.232510E-005 1.453878E-004 5.567960E-006 3.923468E-017 0.000000E+000
   654    247    540 1.417190E-005 1.280676E-004 1.735803E-005 3.923468E-017 0.000000E+000
   655    247    522 1.341235E-005 1.108255E-004 2.627480E-005 1.098571E-015 0.000000E+000
   656    248    341 1.341235E-005 8.191064E-005 9.630669E-006 1.961734E-015 0.000000E+000
   657    249    490 1.561668E-005 1.193848E-004 3.109570E-006 3.217244E-015 0.000000E+000
   658    249    378 1.298514E-005 2.886548E-005 2.071319E-005 7.846936E-016 0.000000E+000
   659    519    518 1.637191E-004 8.382773E-005 5.622749E-005 1.922499E-015 0.000000E+000
   660    519    476 1.369955E-004 4.899119E-005 1.613003E-005 1.153500E-014 0.000000E+000
   661    250    514 3.852571E-005 7.934738E-005 1.377475E-005 1.404602E-014 0.000000E+000
   662    457    309 4.763143E-005 2.066473E-005 3.504998E-005 2.565948E-014 0.000000E+000
   663    412    468 4.661576E-005 1.989281E-004 4.900611E-005 6.002906E-015 0.000000E+000
   664    441    251 9.787076E-005 5.495561E-005 2.350986E-005 2.628724E-014 0.000000E+000
   665    502    442 6.051437E-005 4.965421E-005 9.920802E-006 1.785178E-014 0.000000E+000
   666    300    252 4.311891E-005 4.335037E-005 4.094440E-005 1.486994E-014 0.000000E+000
   667    439    424 5.137971E-005 7.439776E-005 3.817383E-005 2.181448E-014 0.000000E+000
   668    541    435 1.084105E-004 6.154830E-005 2.432243E-005 3.001453E-014 0.000000E+000
   669    253    404 4.838112E-005 5.164131E-005 1.097312E-005 2.444321E-014 0.000000E+000
   670    324    254 3.983037E-005 4.061880E-005 3.065036E-005 2.852361E-014 0.000000E+000
   671    254    469 5.251896E-005 4.300619E-005 2.301587E-005 2.401162E-014 0.000000E+000
   672    495    497 5.520299E-005 5.379938E-005 1.103893E-005 1.177040E-016 0.000000E+000
   673    255    471 2.655205E-005 5.267416E-005 3.398000E-007 9.769436E-015 0.000000E+000
   674    256    349 4.095563E-005 4.977834E-005 2.036556E-005 5.453621E-015 0.000000E+000
   675    351    298 4.716276E-005 1.763042E-005 1.654617E-005 3.413417E-015 0.000000E+000
   676    345    392 2.860573E-005 3.319345E-005 2.073796E-005 3.766529E-015 0.000000E+000
   677    270    468 2.011037E-005 1.379728E-004 2.656929E-005 4.237346E-015 0.000000E+000
   678    257    506 1.762878E-005 6.990205E-005 2.623876E-005 9.808670E-015 0.000000E+000
   679    276    258 1.532182E-005 3.966487E-005 2.712969E-005 1.306515E-014 0.000000E+000
   680    259    526 3.226330E-005 2.788448E-004 4.339300E-005 8.101962E-014 0.000000E+000
   681    307    260 2.909577E-005 2.213041E-005 2.839151E-005 1.624316E-014 0.000000E+000
   682    299    514 2.063866E-005 6.579875E-005 1.696457E-005 1.812642E-014 0.000000E+000
   683    261    539 2.338934E-005 1.133196E-004 4.044393E-005 1.322209E-014 0.000000E+000
   684    262    536 1.313475E-005 1.003327E-004 2.367879E-005 6.748365E-015 0.000000E+000
   685    263    527 1.432276E-005 5.643878E-005 1.093192E-005 9.455558E-015 0.000000E+000
   686    264    491 1.252676E-005 3.742897E-005 1.680439E-005 5.414386E-015 0.000000E+000
   687    265    505 1.157904E-005 9.191923E-005 3.028113E-005 2.236377E-015 0.000000E+000
   688    266    394 1.251220E-005 5.221876E-005 1.808548E-005 9.023977E-016 0.000000E+000
   689    266    461 1.300682E-005 5.001508E-005 2.617155E-005 3.138774E-016 0.000000E+000
   690    267    381 3.398000E-006 6.106598E-005 2.243452E-005 1.133882E-014 0.000000E+000
   691    425    268 1.068665E-004 1.653488E-005 4.595407E-005 5.547784E-014 0.000000E+000
   692    467    269 9.187984E-005 2.664949E-005 3.013073E-005 4.449213E-014 0.000000E+000
   693    373    421 6.564691E-005 3.374033E-005 1.925114E-005 1.345750E-014 0.000000E+000
   694    518    472 9.975966E-005 4.712669E-005 2.144331E-005 3.648825E-015 0.000000E+000
   695    466    283 9.208754E-005 1.865464E-005 6.279340E-006 3.923468E-017 0.000000E+000
   696    534    397 1.280438E-004 8.180857E-005 3.947840E-005 3.923468E-017 0.000000E+000
   697    269    327 5.556178E-005 3.389981E-005 3.862994E-005 1.981351E-014 0.000000E+000
   698    484    456 7.523711E-005 8.086954E-005 1.208576E-005 1.408525E-014 0.000000E+000
   699    538    438 1.010309E-004 4.044601E-005 2.254485E-005 2.597336E-014 0.000000E+000
   700    313    297 4.332606E-005 2.755087E-005 3.230148E-005 3.923468E-017 0.000000E+000
   701    291    270 3.367700E-005 1.487318E-005 3.639982E-005 3.923468E-017 0.000000E+000
   702    273    311 1.620478E-005 1.876163E-005 2.553326E-005 5.335917E-015 0.000000E+000
   703    272    271 2.885643E-005 4.685173E-005 3.355749E-005 9.455558E-015 0.000000E+000
   704    273    457 3.827177E-006 5.403128E-005 2.326768E-005 3.295713E-015 0.000000E+000
   705    514    274 9.121283E-005 2.050493E-005 9.615109E-006 4.982804E-015 0.000000E+000
   706    355    368 7.299163E-005 8.924386E-005 3.398000E-007 3.923468E-017 0.000000E+000
   707    471    365 5.630147E-005 3.886524E-005 3.440362E-005 1.094648E-014 0.000000E+000
   708    484    517 7.406357E-005 8.622133E-005 1.595309E-005 3.923468E-017 0.000000E+000
   709    407    534 3.523338E-005 1.392873E-004 1.811927E-005 3.217244E-015 0.000000E+000
   710    285    534 2.296256E-005 1.162366E-004 4.191771E-005 4.496294E-014 0.000000E+000
   711    275    539 2.428461E-005 1.563134E-004 4.003661E-005 2.102979E-014 0.000000E+000
   712    488    343 6.192718E-005 8.197987E-005 2.741417E-005 7.411431E-014 0.000000E+000
   713    276    398 1.279083E-005 9.854585E-005 3.064931E-005 5.084815E-014 0.000000E+000
   714    501    516 7.326565E-005 9.344558E-005 3.799304E-006 1.800872E-014 0.000000E+000
   715    416    492 6.430995E-005 8.148890E-005 5.075716E-005 4.810172E-014 0.000000E+000
   716    516    506 1.158755E-004 8.024203E-005 1.241008E-005 3.923468E-017 0.000000E+000
   717    511    395 9.144898E-005 3.491426E-005 3.517584E-005 1.534076E-014 0.000000E+000
   718    486    424 1.182708E-004 4.561296E-005 3.648306E-005 1.534076E-014 0.000000E+000
   719    415    467 5.040163E-005 1.277231E-004 3.298922E-005 7.572293E-015 0.000000E+000
   720    413    320 4.888848E-005 1.534847E-005 2.813617E-005 2.628724E-014 0.000000E+000
   721    407    277 4.978557E-005 2.262191E-005 1.908647E-005 2.354081E-016 0.000000E+000
   722    408    492 4.859274E-005 1.164932E-004 4.196912E-005 2.416856E-014 0.000000E+000
   723    279    278 1.408161E-005 9.660211E-005 2.493862E-005 1.008331E-014 0.000000E+000
   724    281    395 1.715906E-005 3.922362E-005 3.485853E-005 7.650763E-015 0.000000E+000
   725    281    280 1.544026E-005 3.480537E-005 2.365599E-005 1.243739E-014 0.000000E+000
   726    468    369 1.938194E-004 3.322036E-005 4.219683E-005 2.354081E-016 0.000000E+000
   727    473    317 7.340153E-005 3.936933E-005 3.163415E-005 4.119641E-015 0.000000E+000
   728    507    516 7.737077E-005 8.835848E-005 1.895447E-005 3.923468E-017 0.000000E+000
   729    355    369 4.314390E-005 2.596709E-005 2.517968E-005 1.608622E-015 0.000000E+000
   730    321    486 4.964832E-005 1.157596E-004 4.627904E-006 2.616953E-014 0.000000E+000
   731    317    282 2.977219E-005 1.555251E-005 2.981645E-005 1.804795E-014 0.000000E+000
   732    383    536 4.174133E-005 1.387189E-004 4.618917E-005 3.495810E-014 0.000000E+000
   733    297    327 3.025126E-005 3.504093E-005 3.883309E-005 5.296682E-015 0.000000E+000
   734    283    467 1.837459E-005 6.567783E-005 1.996190E-005 1.879341E-014 0.000000E+000
   735    284    484 1.837916E-005 6.110257E-005 3.949680E-005 9.494793E-015 0.000000E+000
   736    285    397 1.489956E-005 7.104292E-005 1.946904E-006 4.606152E-014 0.000000E+000
   737    286    338 5.833283E-005 2.861027E-005 3.992567E-005 2.228530E-014 0.000000E+000
   738    319    494 2.396817E-005 1.266631E-004 1.587072E-005 1.177040E-016 0.000000E+000
   739    290    299 1.839679E-005 1.635793E-005 2.545800E-005 1.502688E-014 0.000000E+000
   740    287    496 2.606165E-005 1.476818E-004 4.057313E-005 7.458513E-014 0.000000E+000
   741    347    461 2.512978E-005 7.707655E-005 4.374954E-005 3.766529E-015 0.000000E+000
   742    288    496 1.744729E-005 1.875733E-004 3.398000E-007 7.348656E-014 0.000000E+000
   743    289    421 1.529117E-005 2.419624E-005 2.024398E-005 1.200581E-014 0.000000E+000
   744    290    373 1.626063E-005 5.704331E-005 2.441441E-005 1.997045E-014 0.000000E+000
   745    291    468 2.361688E-005 1.587389E-004 3.394506E-005 5.492855E-016 0.000000E+000
   746    291    317 1.325279E-005 2.142365E-005 3.668156E-005 1.918576E-014 0.000000E+000
   747    293    292 1.665568E-005 5.631832E-005 2.947443E-005 2.675805E-014 0.000000E+000
   748    303    328 5.740952E-005 4.288456E-005 4.656872E-005 5.253524E-014 0.000000E+000
   749    504    528 1.048838E-004 1.416642E-004 5.794766E-005 8.788568E-015 0.000000E+000
   750    297    521 4.994187E-005 9.458749E-005 4.414380E-005 2.369775E-014 0.000000E+000
   751    465    526 7.624979E-005 1.787817E-004 3.398000E-007 3.923468E-017 0.000000E+000
   752    427    507 4.733532E-005 6.621251E-005 4.123843E-005 3.923468E-017 0.000000E+000
   753    401    361 5.083622E-005 3.961194E-005 2.498385E-005 1.569387E-016 0.000000E+000
   754    475    518 1.065708E-004 5.860973E-005 3.237158E-005 5.649794E-015 0.000000E+000
   755    294    365 7.100779E-005 1.866642E-005 3.022271E-005 6.238314E-014 0.000000E+000
   756    306    505 1.767307E-005 8.147443E-005 3.201707E-005 3.923468E-017 0.000000E+000
   757    372    451 3.999784E-005 3.707983E-005 3.303011E-005 2.197142E-015 0.000000E+000
   758    296    295 1.649497E-005 3.952802E-005 1.904129E-005 4.857253E-014 0.000000E+000
   759    298    297 9.546903E-006 2.755087E-005 2.175731E-005 1.412449E-015 0.000000E+000
   760    298    313 1.694697E-005 3.522667E-005 1.354056E-005 2.040203E-015 0.000000E+000
   761    299    515 1.658357E-005 6.787808E-005 1.230681E-005 3.923468E-017 0.000000E+000
   762    299    442 1.564045E-005 7.970208E-005 4.150873E-005 3.923468E-017 0.000000E+000
   763    300    523 1.658357E-005 8.016278E-005 2.861177E-005 2.507096E-014 0.000000E+000
   764    301    461 1.131406E-005 5.899385E-005 2.598208E-005 1.204505E-014 0.000000E+000
   765    301    484 1.724172E-005 5.869994E-005 1.742608E-005 5.885202E-015 0.000000E+000
   766    302    386 1.415679E-005 5.235409E-005 4.185284E-005 3.762606E-014 0.000000E+000
   767    304    499 1.553061E-005 7.836609E-005 2.118469E-005 3.923468E-017 0.000000E+000
   768    304    303 1.521065E-005 4.116138E-005 2.616510E-005 7.984258E-014 0.000000E+000
   769    305    465 2.051627E-005 6.014384E-005 1.652507E-005 6.159845E-015 0.000000E+000
   770    306    458 1.226014E-005 3.863046E-005 2.821788E-005 3.923468E-017 0.000000E+000
   771    306    541 1.566152E-005 1.275889E-004 2.671754E-005 3.648825E-015 0.000000E+000
   772    307    339 1.610615E-005 3.328633E-005 2.489871E-005 2.102979E-014 0.000000E+000
   773    468    530 1.380214E-004 1.726012E-004 3.398000E-007 2.148491E-013 0.000000E+000
   774    531    456 1.169800E-004 5.169735E-005 2.291080E-005 2.236377E-015 0.000000E+000
   775    433    540 6.070570E-005 1.585866E-004 2.848227E-005 3.923468E-017 0.000000E+000
   776    485    373 6.277738E-005 7.253120E-005 3.319249E-005 5.022039E-015 0.000000E+000
   777    418    430 7.039461E-005 7.375195E-005 2.901813E-005 2.118673E-014 0.000000E+000
   778    498    308 9.258470E-005 4.275802E-005 4.865200E-005 3.535045E-014 0.000000E+000
   779    325    462 3.299333E-005 9.235896E-005 2.154982E-005 3.923468E-017 0.000000E+000
   780    309    484 1.717064E-005 1.041457E-004 1.750347E-005 3.844999E-014 0.000000E+000
   781    310    331 1.671507E-005 2.728066E-005 2.447207E-005 5.602712E-014 0.000000E+000
   782    311    338 1.451966E-005 1.697171E-005 2.938880E-005 9.808670E-015 0.000000E+000
   783    344    409 7.582854E-005 6.547288E-005 3.398000E-007 6.611044E-014 0.000000E+000
   784    514    424 1.006320E-004 5.132797E-005 7.637582E-006 2.252071E-014 0.000000E+000
   785    341    522 1.170671E-004 9.884782E-005 5.142800E-005 3.103463E-014 0.000000E+000
   786    343    489 1.342048E-004 4.661085E-005 3.021625E-005 5.375151E-015 0.000000E+000
   787    341    312 9.095149E-005 2.774985E-005 2.242820E-005 4.802325E-014 0.000000E+000
   788    526    405 9.677949E-005 5.556686E-005 4.418029E-005 2.244224E-014 0.000000E+000
   789    369    474 6.130955E-005 3.465465E-005 2.041420E-005 2.016663E-014 0.000000E+000
   790    438    514 5.814587E-005 9.488834E-005 3.447260E-005 2.126520E-014 0.000000E+000
   791    441    371 7.464705E-005 5.103486E-005 4.641262E-005 8.859191E-014 0.000000E+000
   792    452    353 5.555955E-005 2.328969E-005 3.120610E-005 3.821458E-014 0.000000E+000
   793    427    506 4.427556E-005 8.270600E-005 1.897431E-005 3.923468E-017 0.000000E+000
   794    380    436 3.055007E-005 3.979951E-005 3.542596E-005 3.127004E-014 0.000000E+000
   795    313    521 1.635471E-005 7.754381E-005 1.885161E-005 3.923468E-017 0.000000E+000
   796    313    435 1.602206E-005 3.981129E-005 3.039823E-005 1.541923E-014 0.000000E+000
   797    315    314 1.189829E-005 1.581379E-005 3.382832E-005 5.398692E-014 0.000000E+000
   798    316    468 1.727567E-005 1.761871E-004 3.016074E-005 3.872463E-014 0.000000E+000
   799    462    317 1.181112E-004 1.855957E-005 3.861466E-005 4.453136E-014 0.000000E+000
   800    427    329 5.723767E-005 3.800924E-005 4.851700E-005 3.888157E-014 0.000000E+000
   801    390    401 4.566969E-005 4.042689E-005 2.868341E-005 2.071591E-014 0.000000E+000
   802    467    466 6.558614E-005 7.713138E-005 4.772212E-005 2.275611E-015 0.000000E+000
   803    479    331 5.559037E-005 3.044932E-005 4.028184E-005 3.782223E-014 0.000000E+000
   804    318    528 2.006779E-005 8.427973E-005 3.372172E-005 1.416372E-014 0.000000E+000
   805    366    468 2.783974E-005 2.155226E-004 4.249414E-005 3.162315E-014 0.000000E+000
   806    325    417 2.987171E-005 3.748225E-005 4.565189E-005 3.923468E-017 0.000000E+000
   807    319    507 1.153686E-005 4.876032E-005 1.242320E-005 3.060305E-014 0.000000E+000
   808    320    434 1.459326E-005 4.665440E-005 4.001046E-005 6.787600E-014 0.000000E+000
   809    322    321 1.663566E-005 3.680465E-005 2.718615E-005 4.001937E-014 0.000000E+000
   810    323    441 1.686880E-005 1.040280E-004 2.505905E-005 3.531121E-016 0.000000E+000
   811    323    530 1.817578E-005 4.079706E-004 1.045362E-005 3.923468E-017 0.000000E+000
   812    324    443 1.538982E-005 6.866544E-005 3.394882E-005 2.546331E-014 0.000000E+000
   813    325    473 1.746795E-005 7.481334E-005 3.719990E-005 8.945507E-015 0.000000E+000
   814    326    540 1.639020E-005 1.156757E-004 2.294395E-005 8.278518E-015 0.000000E+000
   815    461    456 6.368741E-005 7.979022E-005 5.059547E-005 2.922984E-014 0.000000E+000
   816    358    465 4.690271E-005 5.297981E-005 5.393095E-005 3.923468E-017 0.000000E+000
   817    379    399 4.751641E-005 7.560011E-005 2.884667E-005 9.306466E-014 0.000000E+000
   818    464    526 5.424272E-005 1.771838E-004 3.398000E-007 3.923468E-017 0.000000E+000
   819    464    358 4.756737E-005 3.113953E-005 2.949686E-005 4.551223E-015 0.000000E+000
   820    327    504 4.211845E-005 6.362690E-005 3.097929E-005 5.124049E-014 0.000000E+000
   821    354    526 3.210705E-005 2.737964E-004 5.556455E-005 7.505594E-014 0.000000E+000
   822    328    499 3.075285E-005 5.472533E-005 2.245848E-005 2.204989E-014 0.000000E+000
   823    445    486 6.835804E-005 6.107314E-005 2.100468E-005 9.812594E-014 0.000000E+000
   824    330    329 2.667562E-005 6.022516E-005 4.752437E-005 5.763575E-014 0.000000E+000
   825    348    480 2.289850E-005 7.223753E-005 4.230457E-005 3.923468E-017 0.000000E+000
   826    332    331 1.614273E-005 3.287422E-005 4.127016E-005 3.401647E-014 0.000000E+000
   827    333    344 1.707129E-005 9.288919E-005 4.730489E-005 4.649310E-014 0.000000E+000
   828    496    334 1.159969E-004 4.446564E-005 4.370046E-005 7.513441E-014 0.000000E+000
   829    335    527 2.128070E-005 1.241573E-004 3.414240E-005 1.106418E-014 0.000000E+000
   830    336    343 1.541489E-005 7.940812E-005 3.367352E-005 4.504141E-014 0.000000E+000
   831    438    449 8.462293E-005 6.818070E-005 5.031038E-005 3.609591E-015 0.000000E+000
   832    540    359 1.648814E-004 2.752202E-005 1.739385E-005 4.143182E-014 0.000000E+000
   833    467    337 1.061779E-004 1.919148E-005 4.398610E-005 2.895519E-014 0.000000E+000
   834    493    388 7.308598E-005 4.177076E-005 3.235943E-005 3.923468E-017 0.000000E+000
   835    472    388 7.344413E-005 4.437683E-005 8.088581E-006 3.923468E-017 0.000000E+000
   836    367    338 4.017492E-005 2.311658E-005 3.842171E-005 3.213320E-014 0.000000E+000
   837    474    461 5.207347E-005 7.096034E-005 1.292866E-005 5.885202E-016 0.000000E+000
   838    394    352 3.559727E-005 2.422522E-005 2.313326E-005 4.708162E-016 0.000000E+000
   839    340    445 1.780724E-005 5.918014E-005 1.990031E-005 2.000969E-014 0.000000E+000
   840    340    339 1.824816E-005 2.663477E-005 2.467239E-005 2.573795E-014 0.000000E+000
   841    526    341 2.020417E-004 9.363099E-005 1.865608E-005 3.613514E-014 0.000000E+000
   842    503    411 1.077932E-004 3.127408E-005 4.978939E-005 3.923468E-017 0.000000E+000
   843    500    475 1.073320E-004 9.179269E-005 4.158233E-005 1.216275E-015 0.000000E+000
   844    511    346 7.252528E-005 1.535168E-005 4.398996E-005 3.923468E-017 0.000000E+000
   845    390    497 5.160845E-005 9.170692E-005 5.215087E-005 3.923468E-017 0.000000E+000
   846    358    341 3.583388E-005 1.049992E-004 3.839329E-005 6.638508E-014 0.000000E+000
   847    485    342 5.021753E-005 2.313159E-005 2.635771E-005 1.235892E-014 0.000000E+000
   848    391    497 3.446917E-005 8.859543E-005 1.123165E-005 8.631630E-016 0.000000E+000
   849    500    343 7.257315E-005 1.013649E-004 5.926476E-005 1.343788E-013 0.000000E+000
   850    344    453 4.915623E-005 4.024300E-005 3.264527E-005 2.726810E-014 0.000000E+000
   851    420    531 4.338377E-005 8.387103E-005 5.092826E-006 3.178009E-015 0.000000E+000
   852    420    456 4.315115E-005 6.059902E-005 4.303400E-005 2.985759E-014 0.000000E+000
   853    345    401 1.272196E-005 3.011921E-005 2.287302E-005 1.259433E-014 0.000000E+000
   854    345    361 1.982064E-005 3.697447E-005 2.289506E-005 7.179947E-015 0.000000E+000
   855    346    379 1.722471E-005 2.438999E-005 2.249863E-005 6.461952E-014 0.000000E+000
   856    347    432 2.064751E-005 4.457351E-005 6.056031E-006 7.376120E-015 0.000000E+000
   857    347    530 1.917880E-005 1.763445E-004 1.714369E-005 4.708162E-016 0.000000E+000
   858    348    383 1.957111E-005 3.183895E-005 9.184961E-006 2.550254E-014 0.000000E+000
   859    530    500 3.170958E-004 1.278366E-004 2.246243E-005 1.517990E-013 0.000000E+000
   860    349    496 5.802557E-005 2.099193E-004 5.047148E-005 5.885202E-014 0.000000E+000
   861    391    406 4.987412E-005 3.629543E-005 3.358283E-005 3.923468E-017 0.000000E+000
   862    382    350 3.342566E-005 1.691566E-005 4.140469E-005 1.510535E-014 0.000000E+000
   863    431    500 4.366094E-005 1.261193E-004 3.528561E-005 4.052943E-014 0.000000E+000
   864    435    351 4.019028E-005 4.359518E-005 3.934223E-005 4.139259E-014 0.000000E+000
   865    410    477 2.984828E-005 4.589979E-005 3.679706E-005 7.846936E-017 0.000000E+000
   866    424    437 4.716441E-005 3.311109E-005 2.728610E-005 7.846936E-017 0.000000E+000
   867    352    503 7.337771E-006 8.056247E-005 2.788134E-005 3.923468E-017 0.000000E+000
   868    352    411 1.907524E-005 2.915717E-005 3.260858E-005 4.511988E-015 0.000000E+000
   869    416    353 5.437543E-005 1.853990E-005 5.105346E-005 1.314362E-013 0.000000E+000
   870    412    500 3.497474E-005 1.445364E-004 4.552783E-005 8.235359E-014 0.000000E+000
   871    354    478 3.225126E-005 6.669228E-005 4.008409E-005 2.824897E-014 0.000000E+000
   872    355    473 2.015003E-005 5.086229E-005 2.198368E-005 1.224122E-014 0.000000E+000
   873    526    356 2.421069E-004 2.070515E-005 1.727052E-005 1.161739E-013 0.000000E+000
   874    357    443 3.245545E-005 4.526541E-005 1.650857E-005 2.950448E-014 0.000000E+000
   875    358    526 2.516749E-005 1.690494E-004 4.245080E-005 7.223105E-014 0.000000E+000
   876    454    399 6.675701E-005 5.570063E-005 3.825734E-005 8.466844E-014 0.000000E+000
   877    395    398 3.173333E-005 1.005933E-004 3.845453E-005 3.923468E-017 0.000000E+000
   878    359    526 1.902140E-005 1.210875E-004 5.053747E-006 8.321676E-014 0.000000E+000
   879    468    462 1.399868E-004 6.991060E-005 5.658031E-005 8.898426E-014 0.000000E+000
   880    514    535 1.191729E-004 9.794831E-005 2.088435E-005 3.923468E-017 0.000000E+000
   881    360    365 4.625672E-005 2.488673E-005 4.201557E-005 3.986244E-014 0.000000E+000
   882    362    361 2.338495E-005 4.573734E-005 2.871415E-005 1.459530E-014 0.000000E+000
   883    363    490 2.176382E-005 5.421779E-005 2.946594E-005 1.400678E-014 0.000000E+000
   884    364    454 1.954472E-005 8.346247E-005 1.475202E-005 5.422233E-014 0.000000E+000
   885    366    365 7.409688E-006 2.241777E-005 2.652200E-005 5.300605E-014 0.000000E+000
   886    367    494 1.237438E-005 1.015809E-004 2.390475E-005 2.134367E-014 0.000000E+000
   887    535    515 9.903244E-005 7.456810E-005 2.601570E-005 3.923468E-017 0.000000E+000
   888    466    529 5.181758E-005 5.221372E-005 3.039385E-005 3.923468E-017 0.000000E+000
   889    521    541 7.408986E-005 1.017570E-004 1.358974E-005 5.265294E-014 0.000000E+000
   890    369    368 2.376613E-005 6.868798E-005 4.669803E-005 3.256479E-014 0.000000E+000
   891    492    370 6.722491E-005 6.262795E-005 4.381120E-005 5.226059E-014 0.000000E+000
   892    372    371 3.890853E-005 3.029709E-005 5.743542E-005 6.591426E-014 0.000000E+000
   893    402    408 3.648029E-005 3.439846E-005 4.089428E-005 1.224122E-014 0.000000E+000
   894    392    449 4.120448E-005 4.293797E-005 2.464663E-005 1.204505E-014 0.000000E+000
   895    374    373 2.150376E-005 4.753125E-005 6.489311E-006 3.970550E-014 0.000000E+000
   896    375    456 2.067768E-005 9.074896E-005 3.261810E-005 3.880310E-014 0.000000E+000
   897    378    376 2.241190E-005 2.932355E-005 6.230088E-006 3.923468E-016 0.000000E+000
   898    378    377 1.835766E-005 1.744962E-005 2.205857E-005 4.049019E-014 0.000000E+000
   899    464    522 5.592325E-005 7.893734E-005 5.560935E-005 3.923468E-017 0.000000E+000
   900    400    396 5.057515E-005 4.636620E-005 7.138831E-005 8.721870E-014 0.000000E+000
   901    379    511 1.524316E-005 6.020980E-005 4.176572E-005 7.689997E-015 0.000000E+000
   902    390    496 4.360656E-005 1.829496E-004 7.010308E-005 3.923468E-017 0.000000E+000
   903    486    436 1.211179E-004 6.738816E-005 2.570277E-005 1.785963E-013 0.000000E+000
   904    390    406 4.757836E-005 3.784574E-005 3.272666E-005 3.923468E-017 0.000000E+000
   905    503    451 1.041078E-004 3.170820E-005 6.144365E-005 1.117796E-013 0.000000E+000
   906    380    435 2.532105E-005 3.726368E-005 4.406051E-005 1.375176E-013 0.000000E+000
   907    382    381 3.425731E-005 3.714895E-005 3.171618E-005 4.904335E-014 0.000000E+000
   908    384    383 5.900650E-005 2.479805E-005 2.776169E-005 4.009784E-014 0.000000E+000
   909    385    530 5.850528E-006 1.957372E-004 2.719133E-005 2.146137E-014 0.000000E+000
   910    386    468 2.084266E-005 1.299996E-004 1.762451E-005 6.940615E-014 0.000000E+000
   911    387    415 2.111199E-005 6.852032E-005 3.398000E-007 6.603197E-014 0.000000E+000
   912    434    458 3.189944E-005 4.087672E-005 5.625839E-005 1.124074E-013 0.000000E+000
   913    501    473 5.138225E-005 5.002118E-005 3.340769E-005 1.059336E-015 0.000000E+000
   914    507    530 5.759375E-005 1.809495E-004 2.345558E-005 9.439864E-014 0.000000E+000
   915    389    388 2.117939E-005 2.511128E-005 2.251358E-005 8.867038E-014 0.000000E+000
   916    451    528 3.202703E-005 1.538293E-004 6.582515E-005 2.153984E-014 0.000000E+000
   917    391    496 2.005548E-005 1.964365E-004 4.713236E-005 3.923468E-017 0.000000E+000
   918    391    390 2.016616E-005 1.859424E-005 2.825864E-005 3.075999E-014 0.000000E+000
   919    393    392 2.144551E-005 2.242526E-005 1.748172E-005 2.785662E-015 0.000000E+000
   920    393    449 1.810210E-005 3.104090E-005 3.262110E-005 1.177040E-015 0.000000E+000
   921    394    538 2.168993E-005 1.087474E-004 3.199279E-005 1.585081E-014 0.000000E+000
   922    395    454 2.083211E-005 6.748483E-005 3.740906E-005 7.101477E-015 0.000000E+000
   923    396    495 2.561043E-005 4.331522E-005 4.160080E-005 6.752289E-014 0.000000E+000
   924    530    488 3.304381E-004 9.237451E-005 6.576735E-005 2.386253E-013 0.000000E+000
   925    422    397 4.288152E-005 9.937812E-005 9.320975E-005 6.089222E-014 0.000000E+000
   926    432    530 4.502488E-005 2.535763E-004 3.398000E-007 4.049019E-014 0.000000E+000
   927    399    398 4.574084E-005 8.962818E-005 2.211646E-005 3.664519E-014 0.000000E+000
   928    406    400 3.437130E-005 3.957765E-005 3.489318E-005 6.230467E-014 0.000000E+000
   929    402    401 2.344813E-005 2.128201E-005 8.565404E-006 4.904335E-014 0.000000E+000
   930    403    494 2.193594E-005 1.060481E-004 4.276292E-006 3.232938E-014 0.000000E+000
   931    438    423 6.021507E-005 3.308493E-005 5.375923E-005 6.316784E-014 0.000000E+000
   932    405    404 3.643099E-005 4.076103E-005 5.215534E-005 1.090332E-013 0.000000E+000
   933    496    406 1.852697E-004 3.147053E-005 1.224064E-005 3.923468E-017 0.000000E+000
   934    417    536 4.033712E-005 7.572017E-005 4.372099E-005 1.108380E-013 0.000000E+000
   935    407    463 2.308216E-005 3.785579E-005 2.208737E-005 7.689997E-015 0.000000E+000
   936    407    535 2.305658E-005 6.762867E-005 2.726989E-005 3.923468E-017 0.000000E+000
   937    408    448 3.441097E-005 8.226335E-005 4.022353E-005 5.135820E-014 0.000000E+000
   938    409    534 2.206468E-005 9.151517E-005 2.394473E-005 2.950448E-014 0.000000E+000
   939    410    476 2.145169E-005 3.895459E-005 1.286771E-005 1.687091E-015 0.000000E+000
   940    410    475 2.463529E-005 9.044876E-005 1.899709E-005 1.177040E-016 0.000000E+000
   941    538    411 1.386202E-004 3.263901E-005 1.563075E-005 7.862630E-014 0.000000E+000
   942    493    472 4.727522E-005 3.872670E-005 5.076495E-005 4.641463E-014 0.000000E+000
   943    436    541 4.775661E-005 1.171329E-004 5.493242E-005 3.923468E-017 0.000000E+000
   944    414    412 2.828278E-005 2.454460E-005 3.597686E-005 5.457544E-014 0.000000E+000
   945    440    522 2.921713E-005 7.893734E-005 2.168292E-005 1.479147E-014 0.000000E+000
   946    413    522 2.223047E-005 7.279763E-005 3.431925E-005 3.923468E-017 0.000000E+000
   947    413    521 2.129565E-005 6.200028E-005 4.224626E-005 3.021070E-015 0.000000E+000
   948    414    430 2.246648E-005 8.100844E-005 5.763472E-005 9.561492E-014 0.000000E+000
   949    415    499 6.034701E-005 6.519665E-005 1.344243E-005 1.117011E-013 0.000000E+000
   950    452    416 6.024715E-005 2.267890E-005 2.967036E-005 4.676774E-014 0.000000E+000
   951    516    417 5.264440E-005 5.171343E-005 5.552882E-005 1.362228E-013 0.000000E+000
   952    480    418 5.865070E-005 3.086663E-005 3.247986E-005 4.755243E-014 0.000000E+000
   953    420    419 2.239582E-005 2.440707E-005 3.787483E-005 7.992104E-014 0.000000E+000
   954    421    442 2.215870E-005 2.645658E-005 4.268917E-005 1.012255E-014 0.000000E+000
   955    422    483 3.398000E-006 4.527149E-005 3.849434E-005 1.012647E-013 0.000000E+000
   956    423    449 2.371416E-005 4.163247E-005 2.048231E-005 1.136236E-013 0.000000E+000
   957    424    436 2.265179E-005 2.912834E-005 3.166136E-005 1.836183E-014 0.000000E+000
   958    464    498 5.391132E-005 5.239396E-005 4.814494E-005 3.923468E-017 0.000000E+000
   959    426    425 4.173877E-005 3.670276E-005 4.265319E-005 9.530104E-014 0.000000E+000
   960    427    516 1.761380E-005 6.597473E-005 4.176958E-005 7.007314E-014 0.000000E+000
   961    429    428 4.092527E-005 4.845066E-005 5.035585E-005 6.454105E-014 0.000000E+000
   962    480    430 5.775509E-005 5.977515E-005 6.759061E-005 8.788568E-014 0.000000E+000
   963    432    431 3.151252E-005 3.814975E-005 3.676621E-005 4.786631E-014 0.000000E+000
   964    475    489 7.083557E-005 5.461899E-005 4.488661E-005 1.734173E-014 0.000000E+000
   965    522    433 8.155692E-005 2.969252E-005 4.502162E-005 7.454589E-015 0.000000E+000
   966    435    434 3.517300E-005 2.650402E-005 5.529515E-005 7.803778E-014 0.000000E+000
   967    437    541 2.502223E-005 1.247605E-004 9.959436E-006 2.354081E-016 0.000000E+000
   968    437    436 2.550178E-005 3.058208E-005 1.687429E-005 2.856285E-014 0.000000E+000
   969    439    438 2.382493E-005 5.066409E-005 3.743886E-005 7.580140E-014 0.000000E+000
   970    440    464 4.619988E-006 2.873397E-005 3.443593E-005 3.844999E-015 0.000000E+000
   971    440    498 2.572128E-005 5.485329E-005 2.514638E-005 9.808670E-016 0.000000E+000
   972    530    441 3.711809E-004 6.470358E-005 1.000955E-004 9.396706E-014 0.000000E+000
   973    442    515 3.023635E-005 4.541757E-005 5.405001E-005 4.825866E-014 0.000000E+000
   974    444    443 1.843417E-005 4.875125E-005 5.096534E-005 8.137273E-014 0.000000E+000
   975    446    445 2.161905E-005 6.497706E-005 3.820813E-005 8.243206E-014 0.000000E+000
   976    447    526 2.437889E-005 2.223201E-004 6.552893E-005 1.364582E-013 0.000000E+000
   977    448    511 7.586380E-005 4.884958E-005 3.354006E-005 5.226059E-014 0.000000E+000
   978    454    453 6.881212E-005 3.754743E-005 4.655045E-005 4.119641E-015 0.000000E+000
   979    450    449 2.646840E-005 4.733008E-005 7.965613E-006 1.171548E-013 0.000000E+000
   980    451    530 2.636333E-005 3.179240E-004 4.620182E-005 2.354081E-014 0.000000E+000
   981    452    483 4.830656E-005 3.133194E-005 4.064303E-005 7.415355E-014 0.000000E+000
   982    455    453 3.398000E-006 3.622316E-005 3.860667E-005 2.981836E-015 0.000000E+000
   983    455    454 2.374425E-005 7.197617E-005 1.527514E-005 3.138774E-016 0.000000E+000
   984    457    456 1.383349E-005 6.669401E-005 4.615913E-005 5.610559E-014 0.000000E+000
   985    458    505 2.836206E-005 6.991679E-005 2.319668E-005 4.829789E-014 0.000000E+000
   986    460    459 2.757286E-005 2.105010E-005 1.950672E-005 1.040896E-013 0.000000E+000
   987    532    515 1.387034E-004 5.025598E-005 7.764828E-005 3.923468E-017 0.000000E+000
   988    534    463 1.180196E-004 2.768513E-005 2.679190E-005 3.923468E-017 0.000000E+000
   989    461    530 6.481044E-005 1.794729E-004 2.271381E-005 5.422233E-014 0.000000E+000
   990    513    462 5.324775E-005 6.953852E-005 3.807234E-005 2.259918E-014 0.000000E+000
   991    463    535 2.469288E-005 9.646232E-005 4.454740E-005 5.787115E-014 0.000000E+000
   992    465    464 2.662732E-005 2.811198E-005 2.588716E-005 4.390361E-014 0.000000E+000
   993    466    528 2.497564E-005 7.171358E-005 4.501186E-005 6.618891E-014 0.000000E+000
   994    500    477 7.955404E-005 3.388331E-005 3.638324E-005 1.012255E-014 0.000000E+000
   995    531    467 5.156664E-005 8.526918E-005 6.062862E-005 3.503657E-014 0.000000E+000
   996    469    468 2.857916E-005 1.132489E-004 2.219368E-005 2.091208E-013 0.000000E+000
   997    470    489 2.799785E-005 3.362759E-005 1.180595E-005 1.203720E-013 0.000000E+000
   998    471    524 3.433459E-005 5.042238E-005 4.174724E-005 2.836667E-014 0.000000E+000
   999    472    519 2.725642E-005 1.141087E-004 4.269230E-005 4.484524E-014 0.000000E+000
  1000    474    473 3.039502E-005 2.707568E-005 2.478617E-005 4.060789E-014 0.000000E+000
  1001    526    539 1.724540E-004 9.817551E-005 5.766025E-005 2.081792E-013 0.000000E+000
  1002    476    475 3.336033E-005 7.145964E-005 2.439343E-005 7.686074E-014 0.000000E+000
  1003    478    477 2.818005E-005 3.805542E-005 3.915732E-005 8.733640E-014 0.000000E+000
  1004    481    515 3.466432E-005 5.072991E-005 4.088160E-005 5.335917E-015 0.000000E+000
  1005    480    479 2.735851E-005 2.471399E-005 4.098557E-005 1.336726E-013 0.000000E+000
  1006    482    496 2.988973E-005 1.610968E-004 4.721302E-005 1.490918E-015 0.000000E+000
  1007    481    533 2.782049E-005 8.414185E-005 3.716302E-005 6.669896E-015 0.000000E+000
  1008    481    532 3.067065E-005 8.442535E-005 2.537750E-005 3.923468E-017 0.000000E+000
  1009    481    502 2.982867E-005 2.329298E-005 3.087153E-005 6.199080E-015 0.000000E+000
  1010    482    527 2.766045E-005 5.841093E-005 4.056967E-005 8.392298E-014 0.000000E+000
  1011    496    483 1.567909E-004 2.970554E-005 2.222485E-005 1.368113E-013 0.000000E+000
  1012    484    501 4.265397E-005 3.976984E-005 4.293430E-005 8.313829E-014 0.000000E+000
  1013    537    485 9.848733E-005 3.384186E-005 5.335216E-005 4.539845E-013 0.000000E+000
  1014    487    486 6.303200E-005 4.887527E-005 5.904286E-005 1.470516E-013 0.000000E+000
  1015    489    488 3.440576E-005 5.492242E-005 3.685618E-005 7.442819E-014 0.000000E+000
  1016    491    527 2.828455E-005 7.707333E-005 5.478131E-005 1.647857E-015 0.000000E+000
  1017    491    490 3.035371E-005 5.156743E-005 2.943791E-005 8.243206E-014 0.000000E+000
  1018    493    492 2.947148E-005 6.673778E-005 6.749537E-005 2.547900E-013 0.000000E+000
  1019    530    494 1.618831E-004 5.732156E-005 3.926679E-005 3.321216E-013 0.000000E+000
  1020    522    498 4.947834E-005 6.526778E-005 4.037546E-005 3.923468E-017 0.000000E+000
  1021    522    541 4.422411E-005 1.400911E-004 4.087758E-005 3.923468E-017 0.000000E+000
  1022    495    496 3.388752E-005 2.066545E-004 8.997115E-006 7.493824E-014 0.000000E+000
  1023    497    496 3.331418E-005 2.004142E-004 6.777591E-005 4.912182E-014 0.000000E+000
  1024    521    498 5.916854E-005 6.797001E-005 3.877295E-005 5.975442E-014 0.000000E+000
  1025    499    528 2.608904E-005 5.891579E-005 4.090472E-005 1.472478E-013 0.000000E+000
  1026    500    518 1.159237E-004 4.660155E-005 3.450015E-005 1.825590E-013 0.000000E+000
  1027    501    517 2.841212E-005 3.409084E-005 6.522750E-005 1.058552E-013 0.000000E+000
  1028    502    532 3.076109E-005 3.745307E-005 4.621321E-005 6.783676E-014 0.000000E+000
  1029    504    503 3.478415E-005 5.545877E-005 2.398246E-005 3.074430E-013 0.000000E+000
  1030    505    540 2.924105E-005 1.150708E-004 7.752316E-005 3.852846E-014 0.000000E+000
  1031    506    508 3.741958E-006 3.073512E-005 3.950262E-005 9.655655E-014 0.000000E+000
  1032    507    508 3.867392E-005 3.495439E-005 3.626954E-005 1.071107E-014 0.000000E+000
  1033    508    513 2.471818E-005 4.115256E-005 2.915183E-005 1.345357E-013 0.000000E+000
  1034    509    523 1.195078E-005 4.462150E-005 2.979309E-005 3.923468E-017 0.000000E+000
  1035    509    525 3.377414E-005 3.321741E-005 1.603377E-005 4.355050E-014 0.000000E+000
  1036    511    510 3.586621E-005 3.748524E-005 1.895915E-005 1.618038E-013 0.000000E+000
  1037    513    512 3.133797E-005 3.977007E-005 5.074710E-005 1.791063E-013 0.000000E+000
  1038    515    514 1.258456E-005 6.449269E-005 5.047228E-005 1.197050E-013 0.000000E+000
  1039    517    516 3.668185E-005 3.867882E-005 3.941933E-005 1.268850E-013 0.000000E+000
  1040    518    524 3.004370E-005 2.940888E-005 4.350178E-005 2.341133E-013 0.000000E+000
  1041    520    519 3.915232E-005 8.853272E-005 2.113029E-005 1.769484E-013 0.000000E+000
  1042    520    523 3.126154E-005 4.418965E-005 1.660890E-005 7.846936E-016 0.000000E+000
  1043    522    540 3.617927E-005 1.115130E-004 5.408147E-005 2.236377E-014 0.000000E+000
  1044    522    521 3.786575E-005 3.879379E-005 2.064437E-005 8.486461E-014 0.000000E+000
  1045    525    523 3.261079E-005 4.140682E-005 6.538325E-005 1.726326E-015 0.000000E+000
  1046    525    524 3.697571E-005 3.395757E-005 4.283631E-005 2.363497E-013 0.000000E+000
  1047    527    526 3.447325E-005 1.150095E-004 3.928217E-005 3.095616E-013 0.000000E+000
  1048    529    528 4.026738E-005 5.257459E-005 5.092194E-005 5.010269E-014 0.000000E+000
  1049    531    530 3.962850E-005 1.497725E-004 3.602246E-005 4.029402E-013 0.000000E+000
  1050    533    532 3.715675E-005 2.527480E-005 2.650261E-005 6.334832E-013 0.000000E+000
  1051    535    534 6.949520E-005 3.929142E-005 8.262065E-005 2.417249E-013 0.000000E+000
  1052    537    536 2.071518E-005 7.161455E-005 5.315072E-005 1.059415E-012 0.000000E+000
  1053    539    538 3.790905E-005 3.239718E-005 8.112414E-005 6.173969E-013 0.000000E+000
  1054    541    540 7.089599E-005 5.614494E-005 1.137620E-004 6.098246E-013 0.000000E+000
