  1054
     1    595      0 1.496366E-006 2.282252E-002 7.598159E-006
     2    594      0 3.725870E-006 4.239639E-002 3.398000E-006
     3     -1    589 2.880990E-006 3.662814E-002 1.074542E-005
     4     -1    587 5.347257E-006 2.555372E-002 2.299708E-005
     5     -1    584 8.813824E-006 3.667194E-002 3.398000E-006
     6     -1    580 3.092805E-006 1.965529E-002 2.928532E-005
     7     -1    579 2.834388E-006 3.359300E-002 3.398000E-006
     8     -1    563 3.194766E-006 4.142739E-002 3.398000E-006
     9     -1    551 1.183109E-005 2.069288E-002 3.398000E-006
    10    543      0 1.260522E-005 3.307679E-002 3.398000E-006
    11    542      0 4.837870E-006 2.763288E-002 3.398000E-006
    12     -1    537 4.375883E-005 3.395926E-002 3.398000E-006
    13     -1    532 1.453232E-005 2.831475E-002 5.634946E-005
    14    529      0 1.870978E-006 2.765472E-002 4.430450E-005
    15    526      0 2.716800E-005 3.310199E-002 9.155703E-005
    16    519      0 3.189277E-006 2.592619E-002 5.186822E-005
    17     -1    506 1.713647E-005 1.805909E-002 5.361954E-005
    18     -1    485 3.209452E-005 2.509756E-002 3.398000E-006
    19    478      0 5.037733E-006 2.863992E-002 3.612124E-005
    20    476      0 2.725165E-005 2.933425E-002 3.398000E-006
    21    475      0 1.540659E-005 2.477298E-002 6.116400E-005
    22    465      0 2.461713E-005 2.574135E-002 3.398000E-006
    23    464      0 1.094848E-005 2.955049E-002 7.565657E-005
    24     -1    459 5.588021E-006 3.139104E-002 9.672985E-005
    25     -1    455 2.383581E-005 3.141199E-002 3.398000E-006
    26     -1    454 3.753943E-005 2.481500E-002 3.398000E-006
    27     -1    446 9.633668E-006 2.801666E-002 1.091281E-004
    28     -1    444 5.197688E-006 2.335654E-002 8.969713E-005
    29    441      0 5.645605E-006 2.374814E-002 4.311579E-005
    30    429      0 2.919509E-005 2.339726E-002 3.398000E-006
    31    428      0 2.726555E-006 3.542590E-002 3.722323E-005
    32     -1    425 7.820146E-006 2.320594E-002 3.659758E-005
    33    405      0 2.658658E-005 3.645753E-002 3.398000E-006
    34     -1    399 3.286944E-005 3.162551E-002 3.398000E-006
    35     -1    398 2.558790E-005 4.076836E-002 5.447408E-005
    36    382      0 8.343641E-006 2.447984E-002 3.276913E-005
    37    371      0 2.177280E-005 3.185445E-002 3.398000E-006
    38     -1    364 1.911271E-005 3.283638E-002 3.398000E-006
    39    358      0 2.319447E-005 3.099876E-002 3.398000E-006
    40    356      0 1.972597E-005 3.155956E-002 3.398000E-006
    41    354      0 1.800300E-005 3.144340E-002 3.398000E-006
    42    350      0 1.789748E-005 2.499546E-002 3.398000E-006
    43     -1    344 2.787705E-005 3.632030E-002 3.398000E-006
    44    343      0 3.662921E-005 3.514684E-002 3.398000E-006
    45    336      0 1.669931E-005 2.829810E-002 3.398000E-006
    46    334      0 3.750063E-006 3.963172E-002 3.276913E-005
    47     -1    329 5.808125E-006 2.871233E-002 3.414948E-005
    48    312      0 1.982545E-005 2.638018E-002 3.398000E-006
    49    308      0 3.987915E-006 3.048202E-002 6.179871E-005
    50    305      0 1.566748E-005 3.316546E-002 3.398000E-006
    51    300      0 1.576087E-005 3.229201E-002 3.398000E-006
    52     -1    292 2.332644E-005 2.712710E-002 3.398000E-006
    53     -1    280 1.839818E-005 2.970987E-002 3.398000E-006
    54     -1    276 1.477679E-005 3.069144E-002 3.398000E-006
    55     -1    260 1.445621E-005 3.701322E-002 3.398000E-006
    56    259      0 1.683263E-005 3.076014E-002 3.398000E-006
    57     -1    258 2.377989E-005 2.437173E-002 3.398000E-006
    58     -1    257 9.346903E-007 3.511645E-002 3.189079E-005
    59    252      0 1.719104E-005 3.752515E-002 3.398000E-006
    60    251      0 3.108184E-005 2.691025E-002 3.398000E-006
    61    248      0 1.262283E-005 3.360140E-002 3.398000E-006
    62     -1    242 1.229718E-005 2.555567E-002 3.398000E-006
    63    232      0 1.034052E-005 4.383792E-002 3.398000E-006
    64     -1    230 2.735529E-005 2.281230E-002 3.398000E-006
    65     -1    225 1.008202E-005 2.953783E-002 3.398000E-006
    66     -1    224 1.503040E-005 3.477144E-002 3.398000E-006
    67     -1    217 1.250065E-005 3.433451E-002 3.398000E-006
    68    215      0 2.325752E-005 2.323157E-002 3.398000E-006
    69     -1    212 1.317599E-005 2.540994E-002 2.426657E-005
    70    194      0 1.939258E-006 3.736072E-002 1.481154E-005
    71    193      0 1.057637E-005 3.158361E-002 3.398000E-006
    72    184      0 7.599884E-006 3.062528E-002 3.398000E-006
    73     -1    182 1.025944E-005 3.688916E-002 3.398000E-006
    74     -1    181 1.014296E-005 3.392668E-002 3.398000E-006
    75    172      0 2.824847E-006 4.391546E-002 1.664673E-005
    76    168      0 2.416260E-006 2.648926E-002 3.789674E-005
    77     -1    166 9.851701E-006 2.418893E-002 3.398000E-006
    78    161      0 9.590416E-006 3.621120E-002 3.398000E-006
    79    160      0 1.007032E-005 3.711082E-002 3.398000E-006
    80    157      0 9.677892E-006 3.315812E-002 3.398000E-006
    81    150      0 3.932570E-006 3.060830E-002 2.958191E-005
    82     -1    142 9.582679E-007 3.126925E-002 1.441649E-005
    83    139      0 7.026521E-006 3.412785E-002 3.398000E-006
    84    135      0 6.264917E-006 3.658731E-002 2.496582E-005
    85    134      0 1.598188E-005 2.075330E-002 3.398000E-006
    86    119      0 5.597086E-006 2.806009E-002 2.497010E-005
    87     -1    117 8.656338E-006 3.289691E-002 3.398000E-006
    88     -1    114 5.317150E-006 3.983850E-002 3.398000E-006
    89     -1    113 1.095109E-005 3.573786E-002 3.398000E-006
    90     -1     88 1.163341E-005 3.890544E-002 3.398000E-006
    91     83      0 3.568741E-006 2.862543E-002 3.398000E-006
    92     82      0 4.022640E-006 2.878862E-002 3.398000E-006
    93     -1     73 5.781043E-006 2.190688E-002 3.398000E-006
    94     58      0 1.441253E-006 4.508813E-002 3.398000E-006
    95     57      0 8.156783E-006 2.260619E-002 3.398000E-006
    96     -1     48 5.318276E-007 3.036292E-002 7.598159E-006
    97     47      0 3.255666E-006 2.421865E-002 3.398000E-006
    98     -1     45 5.988133E-006 3.127039E-002 3.398000E-006
    99     44      0 6.314620E-006 1.573208E-002 2.304636E-005
   100     43      0 4.798686E-006 3.493599E-002 3.398000E-006
   101     -1     27 4.537831E-006 3.172352E-002 3.398000E-006
   102     -1     15 2.761610E-006 4.286544E-002 3.398000E-006
   103     -1      7 5.506512E-006 2.840290E-002 3.398000E-006
   104      5      0 8.626685E-006 2.348666E-002 3.398000E-006
   105    233    353 2.495482E-006 3.559258E-002 2.365746E-004
   106    339    487 2.255900E-006 3.566955E-002 3.152325E-004
   107    484    461 2.528055E-006 3.081231E-002 2.113219E-004
   108    424     91 2.654893E-006 2.747968E-002 1.607224E-004
   109    179    251 3.236909E-006 2.657019E-002 2.331891E-004
   110      1    399 1.940625E-006 3.401592E-002 1.282750E-004
   111    224    113 3.241856E-006 3.801197E-002 1.310368E-004
   112      2    200 1.901053E-006 2.437282E-002 1.571034E-004
   113     83    251 3.130325E-006 3.015801E-002 1.068721E-004
   114    527    404 3.846926E-007 3.608201E-002 2.224043E-004
   115    530    484 3.349188E-006 2.747799E-002 3.677881E-004
   116    148    480 8.333381E-007 3.399048E-002 1.493506E-004
   117      3     69 3.771327E-007 1.893415E-002 7.473721E-005
   118    275    500 2.085290E-006 2.513483E-002 2.210609E-004
   119    153    295 5.515696E-007 3.350567E-002 2.134545E-004
   120      4    162 2.406164E-006 2.376862E-002 5.944972E-005
   121    376    505 5.672494E-007 3.742568E-002 2.008431E-004
   122    368     80 3.303455E-006 3.149372E-002 1.098572E-004
   123     14    539 2.595627E-006 2.952227E-002 1.921262E-004
   124     47      5 3.327908E-006 3.611339E-002 7.068087E-005
   125      6    422 3.221883E-006 2.603894E-002 1.513246E-004
   126     33    373 1.793161E-006 2.962097E-002 1.165867E-004
   127    377    407 6.614211E-007 3.590828E-002 1.389394E-004
   128      7    444 9.451494E-007 2.123801E-002 9.312529E-005
   129    111    100 9.141633E-007 1.944246E-002 7.737597E-005
   130    447    341 1.460434E-006 2.950491E-002 2.439624E-004
   131     23    230 1.931106E-006 2.432278E-002 1.073263E-004
   132    126    530 2.087996E-006 2.761179E-002 2.660299E-004
   133      8    392 2.091636E-006 2.122932E-002 1.217930E-004
   134    130    402 2.124769E-006 2.414964E-002 7.336354E-005
   135      9    541 3.084592E-006 2.971943E-002 1.486868E-004
   136     10    533 2.332899E-006 2.336105E-002 2.440252E-004
   137     11    195 1.258277E-006 1.574840E-002 4.542834E-005
   138     84    304 2.033117E-006 3.281464E-002 8.477197E-005
   139     12    271 1.566179E-006 3.636115E-002 7.490800E-005
   140     13    349 2.163875E-006 3.467225E-002 9.655546E-005
   141     14    288 2.886262E-006 1.267623E-002 6.822460E-005
   142     15    117 2.274100E-006 2.744626E-002 3.688883E-005
   143     51    541 5.194635E-007 3.484708E-002 2.274479E-004
   144     16    525 3.141711E-006 2.397761E-002 9.835498E-005
   145     18     17 2.485589E-006 3.079626E-002 3.553856E-005
   146     20     19 2.523762E-006 2.534085E-002 2.199232E-005
   147     22     21 1.119493E-006 4.282737E-002 2.000182E-005
   148     23    443 3.285069E-006 3.595942E-002 1.349927E-004
   149     24    527 2.752238E-006 2.829160E-002 1.824895E-004
   150     25    478 2.875436E-006 3.949717E-002 8.414681E-005
   151     27     26 1.157666E-006 3.576897E-002 2.940519E-005
   152     28     93 1.189212E-006 3.899896E-002 2.594174E-005
   153     29     81 3.952390E-007 2.675252E-002 2.422909E-005
   154     30     83 2.382178E-006 3.438077E-002 2.679782E-005
   155     30     82 2.086596E-006 3.235336E-002 1.919966E-005
   156     32     31 6.930605E-007 2.686206E-002 2.646621E-005
   157     34     33 9.136033E-007 3.183324E-002 1.519632E-005
   158     35    503 8.836438E-007 2.468673E-002 1.525791E-004
   159     36    530 2.162848E-006 2.070048E-002 2.602932E-004
   160     37    471 1.504020E-006 3.467661E-002 9.808693E-005
   161     38    186 1.287677E-006 4.248534E-002 5.313483E-005
   162     39    496 2.852103E-006 3.561089E-002 2.048788E-004
   163    439    170 1.102507E-006 3.593039E-002 1.600234E-004
   164    495    477 2.824290E-006 3.235339E-002 2.350634E-004
   165    414    468 6.558482E-007 3.600245E-002 3.751880E-004
   166    532    154 1.963118E-006 3.317632E-002 2.175487E-004
   167    341     40 4.698240E-006 3.328877E-002 2.031244E-004
   168     71    516 2.938435E-006 2.821691E-002 2.267617E-004
   169    490    463 3.378579E-006 3.239946E-002 2.780768E-004
   170    519     46 1.265371E-006 3.076793E-002 2.371800E-004
   171    448    416 8.491024E-007 3.529217E-002 2.969282E-004
   172    537     41 1.501966E-006 3.592045E-002 1.850721E-004
   173    412    116 1.055094E-006 3.879837E-002 9.887416E-005
   174    163    468 6.981937E-007 3.820853E-002 2.837231E-004
   175    384     95 1.982905E-006 2.595803E-002 1.565848E-004
   176    295     59 1.184732E-006 4.096468E-002 1.202269E-004
   177    345    402 9.079101E-007 2.788313E-002 1.359181E-004
   178    466    269 2.024437E-006 2.911170E-002 1.893757E-004
   179    531    328 1.419741E-006 2.990264E-002 2.125274E-004
   180    443    220 4.556094E-006 3.222513E-002 1.321776E-004
   181     42    539 2.774824E-006 4.391134E-002 2.106320E-004
   182     54    228 2.700554E-006 3.801470E-002 1.230608E-004
   183     43     44 5.367339E-007 2.537632E-002 9.940693E-005
   184     54    349 1.296395E-006 2.591151E-002 1.602964E-004
   185     44    252 1.942585E-006 2.878334E-002 1.545374E-004
   186    519    429 3.174564E-006 3.280696E-002 2.494084E-004
   187     45    212 1.111373E-006 2.931775E-002 6.019967E-005
   188    476     46 1.978891E-006 3.746999E-002 1.299229E-004
   189    334     47 1.348436E-006 3.292287E-002 8.321466E-005
   190    239    493 3.150391E-006 3.341827E-002 2.035706E-004
   191    403    268 1.559018E-006 4.543103E-002 1.268495E-004
   192     63    427 4.711187E-006 2.969674E-002 1.217154E-004
   193    123    418 1.480517E-006 3.364390E-002 1.892055E-004
   194     48    502 6.318618E-007 2.918780E-002 1.013119E-004
   195     49    167 2.908936E-006 2.758144E-002 6.839629E-005
   196    131    207 9.960192E-007 2.601949E-002 6.887205E-005
   197     92    453 3.532991E-006 3.644069E-002 1.202804E-004
   198     50    469 2.431457E-006 3.082451E-002 8.247805E-005
   199     51    326 3.199498E-006 2.352954E-002 6.646994E-005
   200     52    122 4.665123E-006 3.132564E-002 5.302824E-005
   201     68     53 1.042121E-006 3.981542E-002 4.031413E-005
   202    265    335 5.822536E-007 2.504569E-002 9.887685E-005
   203     54    496 2.457964E-006 3.895514E-002 2.777207E-004
   204    455    344 4.029074E-006 3.479744E-002 1.391268E-004
   205     55    220 3.558477E-006 4.412947E-002 6.245099E-005
   206     97    293 8.867175E-007 2.928087E-002 7.010541E-005
   207     77    253 2.974353E-006 3.105960E-002 8.181462E-005
   208     56    530 3.058714E-006 3.383479E-002 2.608695E-004
   209     58     57 1.217485E-006 3.449719E-002 5.700921E-005
   210     78     59 2.947368E-006 4.349217E-002 4.287320E-005
   211     60    541 2.450683E-006 3.415359E-002 1.697029E-004
   212     61    530 4.559637E-006 3.516272E-002 6.013818E-004
   213     63     62 2.070229E-006 2.106501E-002 2.367355E-005
   214     64    214 2.152273E-006 3.684093E-002 8.622203E-005
   215     66     65 4.298921E-006 2.830100E-002 2.956318E-005
   216     67    530 3.410470E-006 3.257218E-002 2.274505E-004
   217     68    278 1.229811E-006 2.109221E-002 1.653694E-004
   218    503    447 4.720728E-006 3.326270E-002 3.135106E-004
   219    448    398 2.411899E-006 3.750660E-002 3.114343E-004
   220    376     69 2.850890E-006 3.274145E-002 1.933729E-004
   221    431    369 1.440461E-006 2.468607E-002 2.377791E-004
   222    355    229 1.013055E-006 3.411004E-002 1.255283E-004
   223    540    376 3.148255E-006 4.019964E-002 3.471540E-004
   224    339    502 6.517597E-007 3.795939E-002 1.821427E-004
   225    341    215 3.736905E-006 3.588868E-002 2.385828E-004
   226    494     70 1.602358E-006 1.552470E-002 1.853648E-004
   227    401    510 4.562772E-006 3.485448E-002 2.249741E-004
   228     71    484 1.714385E-006 1.846736E-002 1.597665E-004
   229    102    175 3.731561E-006 3.314795E-002 1.184170E-004
   230    512    468 3.342872E-006 3.247396E-002 2.874665E-004
   231    216    276 1.891285E-006 2.199555E-002 1.207034E-004
   232    382    135 4.182532E-006 3.773323E-002 1.124694E-004
   233    284    106 2.224641E-006 2.779330E-002 8.375180E-005
   234    310    169 3.375844E-006 2.178680E-002 1.248045E-004
   235     72    310 4.717320E-006 2.979909E-002 9.764277E-005
   236    124    530 2.228049E-006 3.633498E-002 5.117896E-004
   237     73    399 7.268535E-007 3.171052E-002 9.533919E-005
   238    101    424 4.047881E-006 2.958810E-002 1.287279E-004
   239     74    536 4.144508E-006 1.747686E-002 1.267111E-004
   240     75    462 4.218785E-006 3.304604E-002 1.101724E-004
   241     76    305 4.736400E-006 3.560182E-002 7.580658E-005
   242     77    527 4.313504E-006 2.296273E-002 1.087117E-004
   243     78    295 4.370199E-006 3.077739E-002 9.771007E-005
   244     79     99 3.244648E-006 3.789232E-002 1.564966E-005
   245     80    361 3.453945E-006 3.527635E-002 1.167376E-004
   246     81    526 1.763857E-006 2.873121E-002 1.857753E-004
   247     83     82 8.578247E-007 3.402390E-002 1.699000E-005
   248     84    499 1.050806E-006 1.759454E-002 9.931819E-005
   249     85    360 1.876932E-006 3.807934E-002 1.149558E-004
   250     86    295 4.750165E-006 3.111505E-002 1.578827E-004
   251     86    387 4.155957E-006 3.693769E-002 1.164100E-004
   252     87    158 1.115542E-006 3.385063E-002 5.073141E-005
   253    468    471 4.187302E-006 2.908105E-002 3.697065E-004
   254    454     88 2.625460E-006 4.398526E-002 1.778697E-004
   255    371    157 1.328149E-006 2.742834E-002 1.313972E-004
   256    374    423 4.140059E-006 3.870600E-002 2.536335E-004
   257    215    529 3.007949E-006 3.420128E-002 2.745187E-004
   258    453    510 3.051900E-006 3.888156E-002 3.130025E-004
   259    375    457 4.786721E-006 3.304068E-002 2.617273E-004
   260    487    374 2.970401E-006 3.290950E-002 2.466273E-004
   261    356    405 2.868595E-006 3.539578E-002 1.765061E-004
   262    416    239 2.423581E-006 3.631219E-002 2.589913E-004
   263    390    483 2.692368E-006 1.927729E-002 2.669865E-004
   264    386    315 5.692132E-006 2.122851E-002 1.245339E-004
   265    479    398 5.505438E-006 2.528297E-002 3.733733E-004
   266    414    400 2.187435E-006 3.522736E-002 1.837244E-004
   267    168    341 1.839496E-006 2.311364E-002 2.237501E-004
   268    496    452 5.682161E-007 3.156688E-002 3.029257E-004
   269    525    470 4.601068E-006 4.099642E-002 2.729065E-004
   270     89    367 8.253886E-007 2.689915E-002 1.135201E-004
   271    433    247 1.061573E-006 3.382206E-002 1.201933E-004
   272    480    216 3.899602E-006 3.118775E-002 1.544353E-004
   273    272     96 4.054151E-006 3.215527E-002 9.256903E-005
   274    469    213 1.606582E-006 3.681141E-002 1.781730E-004
   275    250    424 3.557250E-006 1.985498E-002 1.492711E-004
   276    512    254 2.728922E-006 3.268723E-002 1.725347E-004
   277    385     90 5.038476E-006 2.278589E-002 1.219573E-004
   278    303    387 4.959628E-006 2.987523E-002 1.660773E-004
   279    137    296 4.472594E-006 2.748230E-002 1.088834E-004
   280     91    514 3.404511E-006 3.743364E-002 1.676669E-004
   281    101    144 6.220605E-006 2.678516E-002 8.591149E-005
   282     92    199 4.473909E-006 3.314886E-002 7.447315E-005
   283     93    443 3.980984E-006 2.280281E-002 9.354286E-005
   284    121    256 6.315277E-006 2.181127E-002 1.029373E-004
   285    206    540 3.282497E-006 1.477820E-002 3.053749E-004
   286    293    143 1.050943E-006 3.038964E-002 7.100943E-005
   287    184    168 3.099328E-006 3.592068E-002 7.610573E-005
   288    362    536 3.155134E-006 2.458895E-002 2.305231E-004
   289    265    527 4.622465E-006 2.823306E-002 2.199281E-004
   290    257     94 1.706480E-006 3.274193E-002 9.284223E-005
   291    237    540 3.898030E-006 3.657022E-002 2.108803E-004
   292     95    468 2.874728E-006 2.541470E-002 2.550539E-004
   293    203    389 3.575578E-006 2.838599E-002 1.090861E-004
   294    466    318 5.667169E-007 3.268755E-002 1.332902E-004
   295    104    346 5.332573E-006 3.554488E-002 7.731294E-005
   296     96    271 2.662389E-006 4.463348E-002 8.380710E-005
   297     97    164 4.401136E-006 2.036809E-002 4.864777E-005
   298     98    540 4.691358E-007 2.533358E-002 2.098315E-004
   299    100     99 5.053099E-006 3.932154E-002 3.107489E-005
   300    131    192 1.695577E-006 3.412006E-002 8.179274E-005
   301    109    370 2.941145E-006 3.907022E-002 1.478131E-004
   302    101    486 4.718347E-006 2.572363E-002 1.741761E-004
   303    102    452 1.072067E-006 3.768961E-002 1.194565E-004
   304    103    468 3.963628E-006 3.831984E-002 3.447757E-004
   305    104    454 1.024776E-006 2.797581E-002 1.054568E-004
   306    105    271 1.253601E-006 2.960450E-002 8.305699E-005
   307    106    494 2.498882E-006 2.664935E-002 1.169396E-004
   308    107    243 5.753952E-006 3.334890E-002 6.047245E-005
   309    108    505 1.456969E-006 3.567164E-002 9.095552E-005
   310    110    109 2.163040E-006 3.123814E-002 2.371031E-005
   311    111    369 2.216328E-006 2.500069E-002 8.283143E-005
   312    114    112 1.973006E-006 2.552891E-002 3.643180E-005
   313    114    113 3.175770E-006 4.008443E-002 5.226049E-005
   314    115    281 4.462172E-006 2.885865E-002 8.756386E-005
   315    349    382 3.116045E-006 1.905097E-002 2.044973E-004
   316    539    496 2.996159E-006 3.596917E-002 4.149537E-004
   317    397    450 4.356678E-006 3.656581E-002 4.458003E-004
   318    218    470 3.956501E-006 2.350860E-002 2.981145E-004
   319    530    499 4.569178E-006 3.448128E-002 5.516393E-004
   320    377    277 4.651024E-006 3.556259E-002 1.812813E-004
   321    377    274 1.948934E-006 3.243611E-002 1.784622E-004
   322    287    356 3.739056E-006 3.485273E-002 1.523983E-004
   323    439    456 4.550961E-006 3.032325E-002 3.003709E-004
   324    381    428 8.631399E-007 2.403684E-002 1.796780E-004
   325    286    321 2.996704E-006 3.668372E-002 1.504984E-004
   326    431    497 3.698443E-006 2.940617E-002 2.625496E-004
   327    310    480 3.116636E-006 3.009014E-002 1.880165E-004
   328    518    489 5.186660E-006 3.185521E-002 2.272014E-004
   329    539    165 4.643924E-006 2.460491E-002 2.167389E-004
   330    327    467 2.905528E-006 3.385444E-002 2.504035E-004
   331    156    493 2.127742E-006 2.664094E-002 1.383933E-004
   332    125    256 3.767131E-006 3.881836E-002 1.417483E-004
   333    361    402 6.029815E-006 3.439591E-002 1.413373E-004
   334    195    278 1.103685E-006 2.873617E-002 1.651389E-004
   335    406    452 3.879054E-006 3.208161E-002 2.729648E-004
   336    282    291 2.734576E-006 2.952550E-002 1.358819E-004
   337    286    309 3.613809E-006 2.924449E-002 1.495235E-004
   338    418    408 7.299237E-006 2.912607E-002 1.697916E-004
   339    478    261 3.851428E-006 3.770470E-002 1.638709E-004
   340    402    183 4.957436E-006 3.207480E-002 1.004747E-004
   341    135    381 3.735785E-006 3.642173E-002 1.008761E-004
   342    138    215 2.438066E-006 3.557114E-002 1.124796E-004
   343    471    116 5.568179E-006 1.365204E-002 1.013931E-004
   344    286    223 3.183689E-006 3.189189E-002 7.804045E-005
   345    260    117 4.940037E-006 2.745964E-002 7.792850E-005
   346    241    202 3.564847E-006 2.961236E-002 8.442769E-005
   347    118    493 4.194798E-006 2.812392E-002 9.380213E-005
   348    433    505 3.165794E-006 2.077075E-002 1.493501E-004
   349    152    527 4.858902E-006 2.165240E-002 1.703624E-004
   350    119    125 6.844684E-007 2.333897E-002 7.856330E-005
   351    255    314 5.735938E-006 2.235403E-002 1.073752E-004
   352    375    380 4.490051E-006 3.431787E-002 1.147621E-004
   353    488    323 2.643607E-006 2.584595E-002 1.422176E-004
   354    159    406 4.079909E-006 1.481114E-002 1.111878E-004
   355    155    482 7.336678E-007 2.525350E-002 1.193130E-004
   356    131    205 4.209011E-006 4.649174E-002 5.766422E-005
   357    158    442 3.446838E-006 2.990486E-002 1.061841E-004
   358    120    158 5.491237E-006 3.766774E-002 6.007673E-005
   359    121    349 4.581335E-006 3.284371E-002 1.085152E-004
   360    122    329 5.147920E-006 2.933696E-002 1.663549E-004
   361    123    348 3.858125E-006 3.020693E-002 8.316872E-005
   362    167    124 3.711254E-006 1.686477E-002 5.847753E-005
   363    125    404 4.798138E-006 3.608289E-002 8.941143E-005
   364    126    246 2.360655E-006 2.702751E-002 4.801217E-005
   365    127    533 2.665544E-006 3.382308E-002 1.114601E-004
   366    127    532 4.602022E-006 2.958819E-002 1.404276E-004
   367    128    519 3.072888E-006 3.067392E-002 2.126659E-004
   368    129    147 5.402263E-006 4.052659E-002 2.684148E-005
   369    130    406 4.509016E-006 3.026786E-002 9.784786E-005
   370    132    131 5.314330E-006 4.331937E-002 2.797525E-005
   371    132    205 5.986029E-006 3.361547E-002 3.382389E-005
   372    133    462 2.868459E-006 3.188585E-002 9.931514E-005
   373    135    134 6.462676E-006 2.797421E-002 8.904466E-005
   374    496    136 2.050195E-006 2.761440E-002 4.018835E-004
   375    303    137 6.658331E-006 1.577334E-002 1.851915E-004
   376    496    231 4.219779E-006 4.112949E-002 2.447537E-004
   377    404    161 4.737893E-006 3.092956E-002 1.439970E-004
   378    251    528 4.640591E-006 4.120479E-002 3.019771E-004
   379    453    534 4.620489E-007 2.842063E-002 2.339553E-004
   380    346    271 4.955947E-006 3.141682E-002 1.594608E-004
   381    341    138 5.281643E-006 2.503496E-002 2.094396E-004
   382    490    376 5.912558E-006 3.160979E-002 1.771204E-004
   383    374    170 3.519202E-006 2.142594E-002 1.009441E-004
   384    485    421 3.912452E-006 3.508663E-002 2.216947E-004
   385    139    478 5.221269E-006 3.981994E-002 1.864648E-004
   386    153    530 4.396984E-006 2.166028E-002 3.168585E-004
   387    269    297 5.302025E-006 4.873998E-002 1.685818E-004
   388    426    319 4.896119E-006 3.711708E-002 1.293824E-004
   389    539    497 4.714040E-006 2.969462E-002 2.273429E-004
   390    188    270 3.422355E-006 3.742492E-002 1.067433E-004
   391    531    153 4.836721E-006 4.011718E-002 1.373611E-004
   392    284    494 5.780017E-006 2.968489E-002 1.585952E-004
   393    349    140 6.413499E-006 3.347406E-002 8.700972E-005
   394    316    384 4.417483E-006 3.217756E-002 1.638998E-004
   395    192    526 4.126121E-006 3.035503E-002 3.234183E-004
   396    293    147 3.041542E-006 4.179701E-002 6.999918E-005
   397    328    530 1.056803E-006 1.862131E-002 4.577418E-004
   398    141    470 6.923534E-006 3.204659E-002 1.677497E-004
   399    142    398 2.736943E-006 4.092252E-002 2.814617E-004
   400    156    159 7.509072E-006 3.559304E-002 5.883980E-005
   401    168    172 6.884823E-006 2.691379E-002 8.393906E-005
   402    143    164 3.778728E-006 3.309046E-002 4.230552E-005
   403    144    445 5.430591E-006 3.756702E-002 1.022841E-004
   404    145    293 5.282145E-006 1.132539E-002 6.629046E-005
   405    146    219 5.489052E-006 3.035334E-002 4.733926E-005
   406    147    164 5.290208E-006 3.628666E-002 3.328454E-005
   407    148    310 7.560858E-006 4.579476E-002 6.539993E-005
   408    149    539 7.310784E-007 3.455060E-002 1.228796E-004
   409    149    496 4.021608E-006 3.623162E-002 2.793442E-004
   410    423    180 5.348966E-006 3.000452E-002 2.109538E-004
   411    456    411 4.423717E-006 3.120825E-002 1.951618E-004
   412    510    450 4.979992E-006 2.441065E-002 3.048737E-004
   413    505    526 7.832613E-006 3.606377E-002 3.377793E-004
   414    192    540 4.687746E-006 4.165055E-002 2.050054E-004
   415    275    150 5.804058E-006 2.854886E-002 1.428367E-004
   416    498    541 7.529197E-006 2.450144E-002 3.626336E-004
   417    496    151 2.879477E-006 2.854691E-002 2.698682E-004
   418    322    457 4.162362E-006 2.654689E-002 2.204657E-004
   419    433    526 7.109783E-006 3.155246E-002 2.540921E-004
   420    430    384 5.823984E-006 3.276374E-002 2.376064E-004
   421    353    228 6.568987E-006 2.672924E-002 2.377932E-004
   422    430    366 6.465043E-006 2.386911E-002 2.033400E-004
   423    454    511 3.512852E-006 2.681942E-002 2.712408E-004
   424    286    329 5.876499E-006 2.920029E-002 2.082721E-004
   425    463    363 7.069406E-006 3.125783E-002 1.923792E-004
   426    380    456 1.329648E-006 2.992240E-002 1.964259E-004
   427    502    244 6.070094E-006 3.049761E-002 1.113495E-004
   428    467    171 4.951422E-006 3.498134E-002 1.331609E-004
   429    289    515 4.206832E-006 3.106823E-002 1.685591E-004
   430    491    152 5.933171E-006 3.869485E-002 1.083941E-004
   431    214    363 4.568179E-006 2.915234E-002 1.383542E-004
   432    435    298 4.491007E-006 3.301712E-002 1.185695E-004
   433    417    517 5.303562E-006 3.077616E-002 1.992580E-004
   434    322    338 4.393338E-006 3.985147E-002 1.184690E-004
   435    490    264 4.832116E-006 3.437498E-002 1.038013E-004
   436    382    174 5.508331E-006 3.117823E-002 8.336113E-005
   437    290    289 4.054782E-006 2.192754E-002 6.596967E-005
   438    372    275 8.245475E-006 2.830996E-002 1.456652E-004
   439    180    290 7.538041E-006 3.139822E-002 6.637689E-005
   440    207    192 2.736811E-006 2.466921E-002 4.619895E-005
   441    166    212 3.400564E-006 3.412926E-002 1.043117E-004
   442    153    328 6.420502E-006 2.992148E-002 1.414181E-004
   443    181    517 6.524946E-006 3.236059E-002 1.755739E-004
   444    154    502 5.167446E-006 3.235254E-002 1.284056E-004
   445    155    165 2.704233E-006 2.964769E-002 4.919517E-005
   446    155    539 5.137951E-006 2.885953E-002 1.658652E-004
   447    156    496 4.601378E-006 3.833498E-002 1.789611E-004
   448    157    172 6.488995E-006 3.346794E-002 4.797250E-005
   449    158    421 6.392064E-006 2.667640E-002 9.163331E-005
   450    159    496 5.946783E-006 2.476693E-002 2.118456E-004
   451    160    211 5.355092E-006 2.289410E-002 4.846965E-005
   452    161    193 3.434745E-006 3.550264E-002 4.896614E-005
   453    162    268 4.828153E-006 3.228975E-002 3.678138E-005
   454    163    430 6.493576E-006 2.761437E-002 1.455878E-004
   455    164    293 2.965996E-006 2.720318E-002 4.622864E-005
   456    165    482 4.032779E-006 3.875882E-002 1.031174E-004
   457    418    536 7.175413E-006 2.951010E-002 3.573047E-004
   458    294    360 5.446005E-006 2.847615E-002 2.400411E-004
   459    241    245 4.168890E-006 3.168515E-002 1.200981E-004
   460    456    434 5.842798E-006 2.039316E-002 2.511325E-004
   461    218    525 4.396460E-006 3.392010E-002 1.820638E-004
   462    457    321 4.572376E-006 3.285561E-002 2.451976E-004
   463    430    221 5.991134E-006 3.175950E-002 1.867449E-004
   464    254    213 7.133625E-006 3.835347E-002 1.819569E-004
   465    429    239 7.443827E-006 3.235079E-002 2.669457E-004
   466    448    402 7.468307E-006 4.061476E-002 2.531966E-004
   467    519    388 9.626500E-006 2.553030E-002 2.971717E-004
   468    388    520 4.926939E-006 3.175018E-002 2.164714E-004
   469    478    275 5.810071E-006 2.560057E-002 2.018646E-004
   470    462    516 5.113211E-006 4.428119E-002 2.152673E-004
   471    394    503 6.684533E-006 2.951480E-002 2.229622E-004
   472    348    216 5.943834E-006 2.897793E-002 1.035170E-004
   473    205    192 5.021428E-006 3.220747E-002 9.286205E-005
   474    517    330 5.944598E-006 2.725313E-002 2.068640E-004
   475    539    482 9.904479E-006 2.256286E-002 2.271878E-004
   476    459    272 5.828900E-006 2.223699E-002 1.016976E-004
   477    376    377 3.628344E-006 4.436222E-002 1.289969E-004
   478    421    515 5.444910E-006 3.784526E-002 1.879926E-004
   479    507    385 7.565215E-006 3.457672E-002 1.301751E-004
   480    442    289 9.009973E-006 3.305610E-002 1.180599E-004
   481    166    242 6.582953E-006 2.430587E-002 6.881547E-005
   482    169    443 4.583689E-006 2.895889E-002 1.136859E-004
   483    394    411 5.494111E-006 3.208205E-002 1.347422E-004
   484    403    426 2.828722E-006 2.789963E-002 1.381042E-004
   485    259    447 3.895733E-006 3.270678E-002 1.336773E-004
   486    316    369 8.661915E-006 3.791894E-002 1.045628E-004
   487    460    271 4.974646E-006 3.142427E-002 1.512142E-004
   488    399    395 5.832316E-006 2.803240E-002 1.465801E-004
   489    425    329 7.037467E-006 2.631859E-002 1.852110E-004
   490    377    438 5.070455E-006 3.018318E-002 1.855419E-004
   491    277    376 6.520656E-006 3.174535E-002 1.296766E-004
   492    282    516 6.371545E-006 2.958034E-002 2.078693E-004
   493    450    453 5.427434E-006 2.328811E-002 2.639137E-004
   494    167    500 5.441161E-006 2.402351E-002 1.526607E-004
   495    178    426 3.689447E-006 2.485980E-002 1.432101E-004
   496    180    535 6.503354E-006 3.725741E-002 1.717873E-004
   497    167    530 1.655918E-006 2.295796E-002 4.326942E-004
   498    196    250 4.547798E-006 2.780076E-002 7.143224E-005
   499    173    168 5.693366E-006 3.683475E-002 5.453774E-005
   500    189    526 5.031303E-006 3.965490E-002 2.988759E-004
   501    220    169 6.514878E-006 3.248463E-002 4.888047E-005
   502    206    335 6.449130E-006 3.550392E-002 8.345381E-005
   503    170    423 7.426924E-006 3.349936E-002 1.713658E-004
   504    266    503 5.133720E-006 3.115171E-002 1.728756E-004
   505    185    419 6.071760E-006 3.630614E-002 9.901084E-005
   506    171    186 5.064502E-006 3.074672E-002 2.929495E-005
   507    173    172 9.803274E-006 2.781941E-002 5.526293E-005
   508    174    349 7.893748E-006 3.410602E-002 1.552522E-004
   509    175    233 7.469737E-006 2.715266E-002 9.623966E-005
   510    176    419 9.553239E-006 3.074492E-002 8.443434E-005
   511    177    467 3.794252E-006 3.199307E-002 1.881861E-004
   512    177    531 7.204254E-006 2.930221E-002 1.317322E-004
   513    526    482 5.436538E-006 2.224744E-002 3.701862E-004
   514    501    282 9.970572E-006 3.955701E-002 1.849170E-004
   515    536    384 3.485805E-006 3.225136E-002 2.745130E-004
   516    240    429 7.452577E-006 3.646668E-002 1.995409E-004
   517    327    413 7.101964E-006 3.795251E-002 1.650738E-004
   518    233    228 9.063009E-006 3.426942E-002 2.129403E-004
   519    504    467 8.827364E-006 3.146173E-002 2.785413E-004
   520    294    389 8.435977E-006 2.698653E-002 1.608748E-004
   521    500    497 5.492247E-006 3.129474E-002 2.450768E-004
   522    337    295 5.777838E-006 3.604820E-002 2.154689E-004
   523    178    209 8.470726E-006 3.207433E-002 5.122436E-005
   524    179    530 7.051610E-006 4.743373E-002 5.162517E-004
   525    180    514 3.910346E-006 3.975557E-002 1.232659E-004
   526    322    311 3.563612E-006 3.462175E-002 8.400973E-005
   527    182    181 7.741637E-006 2.554388E-002 5.809853E-005
   528    183    400 6.798359E-006 2.497471E-002 6.409545E-005
   529    184    194 7.069177E-006 2.357727E-002 3.562526E-005
   530    185    420 3.716534E-006 2.484592E-002 1.046767E-004
   531    186    499 5.708533E-006 3.208680E-002 8.336028E-005
   532    187    253 4.586894E-006 3.338677E-002 6.183053E-005
   533    187    496 6.713849E-007 3.613156E-002 2.177438E-004
   534    188    500 6.782201E-006 4.069979E-002 2.468402E-004
   535    189    197 5.862176E-006 2.635805E-002 3.387038E-005
   536    189    207 6.752872E-006 3.108726E-002 5.122128E-005
   537    190    278 6.249294E-006 3.771251E-002 1.503773E-004
   538    536    355 9.630023E-006 3.607029E-002 2.721067E-004
   539    323    211 9.887470E-006 2.466100E-002 1.222062E-004
   540    526    197 6.048537E-006 3.027652E-002 3.010323E-004
   541    526    540 7.296846E-006 2.765322E-002 3.672064E-004
   542    343    441 8.303407E-006 2.351143E-002 2.508813E-004
   543    540    205 4.966186E-006 3.781339E-002 1.726057E-004
   544    278    541 8.960225E-006 2.738239E-002 2.919018E-004
   545    396    500 6.878029E-006 2.295706E-002 2.637647E-004
   546    489    201 4.489090E-006 3.296173E-002 1.550879E-004
   547    490    245 9.476577E-006 3.068073E-002 1.480115E-004
   548    191    407 4.911122E-006 3.568337E-002 1.384230E-004
   549    477    336 7.541559E-006 3.092374E-002 1.181622E-004
   550    363    191 7.084642E-006 3.747755E-002 1.110774E-004
   551    429    496 7.088933E-006 3.077678E-002 2.807095E-004
   552    274    277 6.135866E-006 2.487038E-002 1.086441E-004
   553    192    335 7.126935E-006 1.608176E-002 8.079261E-005
   554    332    230 7.236411E-006 3.934688E-002 1.283489E-004
   555    289    535 6.844061E-006 3.643888E-002 1.355231E-004
   556    193    350 9.095057E-006 2.977243E-002 1.059215E-004
   557    393    361 2.626229E-006 3.047395E-002 1.191309E-004
   558    194    341 9.056789E-006 3.488359E-002 1.624725E-004
   559    342    487 4.612786E-006 2.631124E-002 1.039331E-004
   560    196    195 7.900305E-006 3.032233E-002 5.396439E-005
   561    197    207 7.537648E-006 3.108769E-002 4.186066E-005
   562    198    471 7.049362E-006 3.913558E-002 1.429007E-004
   563    452    239 8.736703E-006 3.471943E-002 3.000900E-004
   564    510    199 5.948876E-006 4.115663E-002 2.276470E-004
   565    540    200 6.284544E-006 3.975136E-002 3.325527E-004
   566    414    368 8.602428E-006 3.913578E-002 1.881818E-004
   567    229    538 8.953543E-006 2.570033E-002 3.447772E-004
   568    351    467 9.118411E-006 2.801550E-002 2.357762E-004
   569    273    420 8.996187E-006 3.549844E-002 1.052868E-004
   570    204    401 7.733140E-006 2.849262E-002 1.336759E-004
   571    201    475 3.515031E-006 2.751349E-002 1.425999E-004
   572    202    392 5.548696E-006 3.252289E-002 8.268946E-005
   573    203    294 6.585345E-006 3.962205E-002 1.029446E-004
   574    204    510 5.429053E-006 2.448625E-002 1.370437E-004
   575    206    205 3.534553E-006 2.948903E-002 4.630871E-005
   576    207    335 6.316437E-006 3.026802E-002 7.444623E-005
   577    208    538 3.718200E-006 2.941464E-002 1.373237E-004
   578    209    385 6.863061E-006 2.320515E-002 7.619576E-005
   579    210    494 9.226662E-006 3.359971E-002 2.245159E-004
   580    211    441 6.399614E-006 4.247709E-002 1.114663E-004
   581    450    422 7.161207E-006 3.076331E-002 3.469368E-004
   582    254    212 8.716254E-006 2.413492E-002 1.554027E-004
   583    540    265 6.372212E-006 1.953792E-002 2.547276E-004
   584    346    510 7.605630E-006 2.427759E-002 2.246008E-004
   585    381    496 4.603583E-006 3.281319E-002 2.966738E-004
   586    538    352 4.124539E-006 2.466070E-002 2.244584E-004
   587    327    351 6.336046E-006 2.703238E-002 1.742574E-004
   588    292    213 1.069302E-005 3.627499E-002 1.417922E-004
   589    506    426 5.420713E-006 3.340615E-002 1.713242E-004
   590    487    330 5.618622E-006 2.323338E-002 1.719509E-004
   591    264    214 6.369480E-006 2.845369E-002 1.451520E-004
   592    356    334 6.976060E-006 2.578246E-002 1.677410E-004
   593    226    503 1.000398E-005 3.139210E-002 2.013910E-004
   594    277    535 4.274835E-006 3.320746E-002 1.553197E-004
   595    345    390 1.005999E-005 3.246520E-002 1.288208E-004
   596    305    359 7.316528E-006 3.427603E-002 1.977963E-004
   597    312    215 7.817223E-006 3.767636E-002 1.422375E-004
   598    520    475 7.799416E-006 2.968067E-002 3.056504E-004
   599    258    216 4.947531E-006 2.830272E-002 8.889056E-005
   600    420    457 3.617705E-006 1.489009E-002 1.353878E-004
   601    530    282 6.441864E-006 2.886198E-002 2.399661E-004
   602    339    217 5.308459E-006 2.984426E-002 1.083907E-004
   603    255    218 6.018085E-006 3.453867E-002 8.567996E-005
   604    307    487 8.683937E-006 3.864149E-002 1.955177E-004
   605    249    377 5.207938E-006 2.227389E-002 8.847156E-005
   606    220    219 6.550507E-006 3.656897E-002 7.255984E-005
   607    221    492 6.569366E-006 4.856510E-002 1.878436E-004
   608    222    519 5.180635E-006 1.985824E-002 1.958891E-004
   609    222    520 7.482893E-006 2.780849E-002 1.108692E-004
   610    223    486 7.517148E-006 3.404539E-002 1.197866E-004
   611    225    224 5.787305E-006 3.518886E-002 7.092610E-005
   612    226    539 7.031050E-006 4.184415E-002 1.643598E-004
   613    227    510 3.926369E-006 3.126126E-002 1.331716E-004
   614    227    379 8.255801E-006 2.464988E-002 1.080834E-004
   615    227    511 8.148079E-006 3.478829E-002 1.491562E-004
   616    227    346 4.039938E-006 1.693200E-002 7.097588E-005
   617    530    251 6.635978E-006 2.931266E-002 7.284250E-004
   618    475    519 9.484087E-006 2.747133E-002 3.815483E-004
   619    418    362 6.895590E-006 3.264129E-002 1.931706E-004
   620    452    228 1.075416E-005 2.399903E-002 2.791265E-004
   621    339    442 1.004264E-005 3.140006E-002 2.030800E-004
   622    393    229 8.030551E-006 3.248140E-002 1.046457E-004
   623    404    356 7.256632E-006 3.221659E-002 1.706177E-004
   624    473    538 5.880171E-006 3.750925E-002 3.489482E-004
   625    230    443 9.576444E-006 3.010411E-002 2.029275E-004
   626    423    535 7.706256E-006 2.916465E-002 2.571854E-004
   627    418    348 9.033608E-006 3.474211E-002 1.447004E-004
   628    237    359 6.337905E-006 4.151868E-002 7.102762E-005
   629    352    266 6.303771E-006 2.910080E-002 7.555171E-005
   630    232    231 6.746737E-006 3.566553E-002 4.429760E-005
   631    361    449 7.536539E-006 3.143373E-002 2.226849E-004
   632    463    376 6.309019E-006 4.181888E-002 2.186309E-004
   633    488    470 8.666186E-006 4.297808E-002 2.321681E-004
   634    504    341 9.729892E-006 3.232396E-002 3.513567E-004
   635    254    302 1.031235E-005 2.991082E-002 1.105791E-004
   636    281    398 7.603862E-006 2.803011E-002 2.371225E-004
   637    426    494 6.584525E-006 2.729701E-002 2.558665E-004
   638    449    536 7.384309E-006 1.723892E-002 2.550115E-004
   639    415    337 1.072291E-005 3.821345E-002 1.499762E-004
   640    234    233 6.887483E-006 2.902296E-002 1.176257E-004
   641    235    496 1.015935E-005 3.263712E-002 3.767739E-004
   642    236    484 7.491845E-006 3.024598E-002 1.873723E-004
   643    236    330 8.764133E-006 2.986023E-002 1.014668E-004
   644    237    526 8.658340E-006 3.421996E-002 2.597090E-004
   645    238    438 1.037877E-005 2.997872E-002 9.041717E-005
   646    240    239 8.655568E-006 3.972905E-002 1.329498E-004
   647    241    490 6.504703E-006 3.238142E-002 1.810756E-004
   648    242    444 4.991288E-006 3.208691E-002 1.204004E-004
   649    243    446 6.759477E-006 2.459492E-002 6.837831E-005
   650    244    340 6.519887E-006 3.163847E-002 5.672398E-005
   651    245    496 6.837476E-006 3.505195E-002 2.813862E-004
   652    246    270 5.587487E-006 2.732682E-002 4.857851E-005
   653    247    526 6.625474E-006 3.932108E-002 1.872417E-004
   654    247    540 6.323862E-006 2.378307E-002 1.906685E-004
   655    247    522 7.062192E-006 2.916707E-002 1.595913E-004
   656    248    341 7.034021E-006 3.351684E-002 1.531312E-004
   657    249    490 8.135873E-006 1.892601E-002 1.872128E-004
   658    249    378 7.264650E-006 2.610040E-002 6.358805E-005
   659    519    518 1.356704E-005 2.899516E-002 3.380998E-004
   660    519    476 7.001494E-006 1.337277E-002 2.452467E-004
   661    250    514 5.897945E-006 2.680547E-002 1.846034E-004
   662    457    309 1.173418E-005 1.962912E-002 1.086132E-004
   663    412    468 1.186222E-005 4.131524E-002 3.646196E-004
   664    441    251 7.620872E-006 3.271075E-002 1.863695E-004
   665    502    442 6.554404E-006 2.505887E-002 1.398666E-004
   666    300    252 7.189174E-006 3.729451E-002 1.358165E-004
   667    439    424 8.343763E-006 2.260844E-002 1.995695E-004
   668    541    435 8.783064E-006 3.218511E-002 2.032495E-004
   669    253    404 7.578988E-006 3.980973E-002 1.435146E-004
   670    324    254 9.874105E-006 3.001545E-002 1.395653E-004
   671    254    469 4.335527E-006 3.278273E-002 1.234600E-004
   672    495    497 7.985476E-006 3.573533E-002 1.556740E-004
   673    255    471 8.640608E-006 2.615338E-002 1.473912E-004
   674    256    349 7.298981E-006 2.879466E-002 1.135955E-004
   675    351    298 7.049044E-006 2.900265E-002 8.236644E-005
   676    345    392 7.868417E-006 3.276822E-002 8.626811E-005
   677    270    468 4.990573E-006 2.952946E-002 2.052911E-004
   678    257    506 7.339855E-006 2.981170E-002 1.178675E-004
   679    276    258 7.412182E-006 2.981005E-002 8.414643E-005
   680    259    526 9.000139E-006 3.551160E-002 3.923950E-004
   681    307    260 7.124810E-006 2.608634E-002 8.081330E-005
   682    299    514 7.771709E-006 2.986390E-002 1.085172E-004
   683    261    539 1.076990E-005 3.413899E-002 1.926449E-004
   684    262    536 7.930996E-006 3.842817E-002 1.697532E-004
   685    263    527 4.014302E-006 2.917624E-002 9.002549E-005
   686    264    491 7.395986E-006 2.163487E-002 7.018454E-005
   687    265    505 8.875993E-006 3.173873E-002 1.373454E-004
   688    266    394 7.339615E-006 2.874566E-002 8.918080E-005
   689    266    461 1.092686E-005 2.212770E-002 9.888406E-005
   690    267    381 8.822233E-006 3.806437E-002 9.394390E-005
   691    425    268 1.173404E-005 3.207716E-002 2.231849E-004
   692    467    269 1.080965E-005 3.305893E-002 1.719136E-004
   693    373    421 6.355144E-006 4.267392E-002 1.569829E-004
   694    518    472 6.450540E-006 3.788959E-002 1.801965E-004
   695    466    283 6.786348E-006 3.361654E-002 1.604247E-004
   696    534    397 7.421878E-006 3.065677E-002 2.667845E-004
   697    269    327 7.228584E-006 2.877716E-002 1.292152E-004
   698    484    456 7.627660E-006 4.275918E-002 2.139235E-004
   699    538    438 9.601837E-006 1.981205E-002 1.705230E-004
   700    313    297 1.189238E-005 3.923094E-002 1.337750E-004
   701    291    270 1.156263E-005 2.825759E-002 9.193915E-005
   702    273    311 1.091544E-005 1.789289E-002 6.162103E-005
   703    272    271 7.252015E-006 2.587988E-002 1.135096E-004
   704    273    457 9.232032E-006 2.184050E-002 8.834811E-005
   705    514    274 9.712233E-006 2.403796E-002 2.161246E-004
   706    355    368 2.609852E-006 2.888890E-002 2.078645E-004
   707    471    365 1.100226E-005 2.819326E-002 1.453186E-004
   708    484    517 1.008551E-005 3.421287E-002 2.256976E-004
   709    407    534 1.217985E-005 3.310910E-002 2.273959E-004
   710    285    534 9.507544E-006 3.180225E-002 2.111863E-004
   711    275    539 1.105657E-005 3.439313E-002 2.235411E-004
   712    488    343 7.643208E-006 3.142787E-002 2.087727E-004
   713    276    398 1.305307E-005 3.407037E-002 1.815588E-004
   714    501    516 9.806970E-006 2.144479E-002 2.173614E-004
   715    416    492 1.037616E-005 3.922870E-002 2.231857E-004
   716    516    506 1.078256E-005 3.094071E-002 2.861560E-004
   717    511    395 8.770861E-006 3.328121E-002 1.739757E-004
   718    486    424 8.922076E-006 3.194796E-002 2.049940E-004
   719    415    467 1.286150E-005 2.647499E-002 2.493753E-004
   720    413    320 9.817019E-006 3.521150E-002 1.009485E-004
   721    407    277 8.887329E-006 3.508748E-002 1.183299E-004
   722    408    492 8.540867E-006 2.510546E-002 2.220520E-004
   723    279    278 9.475969E-006 2.432035E-002 1.584330E-004
   724    281    395 1.114437E-005 3.115760E-002 9.597581E-005
   725    281    280 8.017065E-006 3.472263E-002 7.418440E-005
   726    468    369 1.110749E-005 4.833354E-002 2.899178E-004
   727    473    317 8.724119E-006 4.191997E-002 1.592393E-004
   728    507    516 1.215730E-005 2.220573E-002 2.378898E-004
   729    355    369 6.391349E-006 1.619745E-002 1.024140E-004
   730    321    486 1.046197E-005 3.410084E-002 2.603944E-004
   731    317    282 9.512021E-006 3.545383E-002 7.579791E-005
   732    383    536 1.288209E-005 2.929676E-002 2.498494E-004
   733    297    327 1.140874E-005 3.693422E-002 1.178979E-004
   734    283    467 7.711263E-006 3.468332E-002 1.124267E-004
   735    284    484 1.108941E-005 2.762838E-002 1.213243E-004
   736    285    397 8.696649E-006 2.598838E-002 1.188686E-004
   737    286    338 1.120516E-005 4.264392E-002 1.342929E-004
   738    319    494 1.113401E-005 3.375852E-002 2.353698E-004
   739    290    299 8.904264E-006 2.647470E-002 6.432238E-005
   740    287    496 1.160725E-005 4.025280E-002 2.928363E-004
   741    347    461 1.294253E-005 3.480362E-002 1.861819E-004
   742    288    496 4.785448E-006 2.652135E-002 2.960069E-004
   743    289    421 1.024566E-005 4.072820E-002 6.321046E-005
   744    290    373 8.507532E-006 3.580618E-002 9.974629E-005
   745    291    468 1.038262E-005 2.710134E-002 2.464458E-004
   746    291    317 1.413629E-005 3.151785E-002 7.199384E-005
   747    293    292 9.742727E-006 2.369641E-002 1.061741E-004
   748    303    328 1.168146E-005 4.579288E-002 1.551418E-004
   749    504    528 1.272497E-005 2.914820E-002 3.489502E-004
   750    297    521 1.013544E-005 2.924303E-002 2.062782E-004
   751    465    526 1.040784E-005 3.695493E-002 3.418377E-004
   752    427    507 1.097236E-005 2.622605E-002 1.649965E-004
   753    401    361 8.393697E-006 3.029682E-002 1.282926E-004
   754    475    518 9.598034E-006 2.987654E-002 2.044280E-004
   755    294    365 7.799796E-006 2.734179E-002 1.253550E-004
   756    306    505 1.152540E-005 3.698204E-002 1.990303E-004
   757    372    451 1.067428E-005 4.035722E-002 1.128368E-004
   758    296    295 5.250545E-006 3.909999E-002 7.715428E-005
   759    298    297 9.276860E-006 3.274345E-002 6.076432E-005
   760    298    313 6.684390E-006 2.988518E-002 8.454906E-005
   761    299    515 9.610581E-006 3.950188E-002 1.695775E-004
   762    299    442 1.194906E-005 4.036606E-002 1.539473E-004
   763    300    523 1.114206E-005 2.769735E-002 1.276206E-004
   764    301    461 1.211887E-005 2.058281E-002 1.161436E-004
   765    301    484 6.021020E-006 3.610773E-002 1.049437E-004
   766    302    386 1.040632E-005 3.213664E-002 1.237409E-004
   767    304    499 9.427249E-006 2.464584E-002 1.340614E-004
   768    304    303 9.040638E-006 3.916749E-002 9.587313E-005
   769    305    465 8.851488E-006 2.877200E-002 1.158553E-004
   770    306    458 1.297130E-005 3.024114E-002 8.636033E-005
   771    306    541 1.012703E-005 3.283204E-002 1.770839E-004
   772    307    339 1.165133E-005 3.980975E-002 7.811149E-005
   773    468    530 9.469018E-006 2.488681E-002 4.106534E-004
   774    531    456 6.657299E-006 2.333344E-002 2.101730E-004
   775    433    540 5.097822E-006 3.343842E-002 2.953511E-004
   776    485    373 7.993590E-006 3.889041E-002 1.830202E-004
   777    418    430 1.290887E-005 3.174019E-002 2.125322E-004
   778    498    308 1.185708E-005 3.899003E-002 1.947345E-004
   779    325    462 8.198314E-006 2.845317E-002 1.780085E-004
   780    309    484 9.231157E-006 3.009858E-002 1.603717E-004
   781    310    331 1.047835E-005 2.926105E-002 7.133359E-005
   782    311    338 1.529188E-005 3.490354E-002 6.283977E-005
   783    344    409 9.534524E-006 3.325770E-002 2.682383E-004
   784    514    424 8.995514E-006 3.418938E-002 2.229749E-004
   785    341    522 1.150812E-005 2.993248E-002 2.967878E-004
   786    343    489 8.015390E-006 3.326743E-002 2.424013E-004
   787    341    312 1.386706E-005 3.127976E-002 1.971348E-004
   788    526    405 1.396805E-005 3.450454E-002 2.149532E-004
   789    369    474 7.440623E-006 4.375994E-002 1.342527E-004
   790    438    514 9.776063E-006 3.774497E-002 2.097377E-004
   791    441    371 1.249025E-005 3.454159E-002 1.848560E-004
   792    452    353 9.690535E-006 3.541162E-002 1.173135E-004
   793    427    506 1.105541E-005 2.554326E-002 2.093116E-004
   794    380    436 1.062357E-005 2.788405E-002 1.079120E-004
   795    313    521 1.209376E-005 2.940928E-002 1.345350E-004
   796    313    435 1.236042E-005 3.061589E-002 8.863298E-005
   797    315    314 1.303358E-005 2.794745E-002 6.221469E-005
   798    316    468 6.040754E-006 3.501189E-002 2.540314E-004
   799    462    317 1.410047E-005 3.042223E-002 1.897727E-004
   800    427    329 1.273365E-005 2.190006E-002 1.476330E-004
   801    390    401 9.536945E-006 2.452680E-002 1.485243E-004
   802    467    466 1.073732E-005 3.145003E-002 1.948705E-004
   803    479    331 1.235111E-005 2.897534E-002 1.283317E-004
   804    318    528 1.147795E-005 2.902128E-002 1.422939E-004
   805    366    468 1.187420E-005 3.285527E-002 3.547102E-004
   806    325    417 1.265896E-005 2.809069E-002 1.185288E-004
   807    319    507 7.426906E-006 3.063459E-002 8.494956E-005
   808    320    434 1.347681E-005 2.737363E-002 1.035315E-004
   809    322    321 1.277929E-005 2.385293E-002 8.762261E-005
   810    323    441 8.062914E-006 2.611642E-002 2.047389E-004
   811    323    530 8.853390E-006 4.183290E-002 5.000695E-004
   812    324    443 1.389181E-005 2.343570E-002 1.849457E-004
   813    325    473 1.131543E-005 3.094914E-002 1.390586E-004
   814    326    540 1.028150E-005 3.607758E-002 1.620445E-004
   815    461    456 1.137988E-005 3.285941E-002 2.115555E-004
   816    358    465 1.245531E-005 3.052417E-002 1.579400E-004
   817    379    399 1.018539E-005 3.261332E-002 1.802044E-004
   818    464    526 6.995905E-006 3.709133E-002 3.258687E-004
   819    464    358 1.169374E-005 3.749031E-002 1.524918E-004
   820    327    504 1.088745E-005 3.254858E-002 1.723195E-004
   821    354    526 1.317142E-005 3.149095E-002 4.263452E-004
   822    328    499 9.803595E-006 3.718450E-002 1.120278E-004
   823    445    486 7.454293E-006 2.686887E-002 1.534929E-004
   824    330    329 1.535957E-005 4.171527E-002 1.483832E-004
   825    348    480 1.121694E-005 3.795857E-002 1.447023E-004
   826    332    331 1.416118E-005 3.754334E-002 9.483948E-005
   827    333    344 1.246293E-005 4.033563E-002 1.739367E-004
   828    496    334 1.366788E-005 3.042296E-002 2.063202E-004
   829    335    527 1.183135E-005 2.807640E-002 2.217034E-004
   830    336    343 1.364577E-005 4.853122E-002 1.395053E-004
   831    438    449 1.348050E-005 3.502106E-002 2.305688E-004
   832    540    359 1.440175E-005 3.552799E-002 2.583236E-004
   833    467    337 1.633804E-005 4.420515E-002 1.818317E-004
   834    493    388 8.424149E-006 2.706006E-002 1.774356E-004
   835    472    388 5.094390E-006 3.416718E-002 1.620767E-004
   836    367    338 1.381232E-005 3.907749E-002 1.105873E-004
   837    474    461 1.233490E-005 3.194307E-002 2.111109E-004
   838    394    352 7.996775E-006 4.038555E-002 9.520986E-005
   839    340    445 9.551136E-006 3.534845E-002 1.164738E-004
   840    340    339 1.292313E-005 3.629200E-002 7.551647E-005
   841    526    341 8.182823E-006 3.406701E-002 4.445012E-004
   842    503    411 1.685778E-005 3.443212E-002 2.012810E-004
   843    500    475 1.347933E-005 2.611119E-002 2.421990E-004
   844    511    346 1.462891E-005 3.812865E-002 1.445445E-004
   845    390    497 1.343078E-005 4.339112E-002 2.295854E-004
   846    358    341 1.345616E-005 2.671410E-002 2.253183E-004
   847    485    342 1.176374E-005 3.568424E-002 1.039502E-004
   848    391    497 1.651250E-005 2.966757E-002 2.075155E-004
   849    500    343 1.816735E-005 2.332348E-002 2.428589E-004
   850    344    453 1.203490E-005 2.980152E-002 1.234122E-004
   851    420    531 1.185088E-005 3.316100E-002 2.283510E-004
   852    420    456 1.078391E-005 2.873371E-002 2.050328E-004
   853    345    401 1.547314E-005 2.919901E-002 7.662434E-005
   854    345    361 9.261861E-006 3.690727E-002 8.397019E-005
   855    346    379 1.369077E-005 2.758637E-002 8.487002E-005
   856    347    432 4.379473E-006 3.033594E-002 8.304411E-005
   857    347    530 8.549717E-006 1.727296E-002 2.227027E-004
   858    348    383 8.650332E-006 2.725748E-002 7.125268E-005
   859    530    500 7.557036E-006 3.924585E-002 5.682382E-004
   860    349    496 1.268766E-005 1.674850E-002 3.477304E-004
   861    391    406 1.425647E-005 2.957862E-002 1.638707E-004
   862    382    350 1.544563E-005 3.811288E-002 9.374264E-005
   863    431    500 1.372846E-005 3.575832E-002 2.516890E-004
   864    435    351 1.366227E-005 3.319904E-002 1.294908E-004
   865    410    477 1.601231E-005 2.748273E-002 1.252299E-004
   866    424    437 1.142035E-005 3.472581E-002 1.230101E-004
   867    352    503 1.701772E-005 4.161546E-002 1.277316E-004
   868    352    411 1.228565E-005 2.258380E-002 8.333723E-005
   869    416    353 1.630032E-005 2.886956E-002 1.386181E-004
   870    412    500 1.429831E-005 1.880827E-002 2.334757E-004
   871    354    478 1.145293E-005 3.570145E-002 1.493681E-004
   872    355    473 1.181523E-005 3.229046E-002 1.037808E-004
   873    526    356 1.269448E-005 2.971173E-002 4.405404E-004
   874    357    443 8.199792E-006 4.023113E-002 1.046332E-004
   875    358    526 1.427782E-005 3.738618E-002 2.752204E-004
   876    454    399 1.412346E-005 1.971802E-002 1.717077E-004
   877    395    398 1.035253E-005 2.602856E-002 1.875667E-004
   878    359    526 1.669599E-005 3.741631E-002 2.013670E-004
   879    468    462 1.882956E-005 2.983416E-002 3.354470E-004
   880    514    535 8.632130E-006 2.610112E-002 3.025933E-004
   881    360    365 1.317211E-005 4.166216E-002 1.140877E-004
   882    362    361 1.193107E-005 2.283738E-002 1.052038E-004
   883    363    490 1.231294E-005 2.478274E-002 1.134982E-004
   884    364    454 8.246203E-006 1.875619E-002 1.327022E-004
   885    366    365 1.640153E-005 2.795303E-002 5.941714E-005
   886    367    494 1.111794E-005 1.962983E-002 1.719415E-004
   887    535    515 1.174349E-005 2.332360E-002 2.350113E-004
   888    466    529 1.547978E-005 3.487334E-002 1.561097E-004
   889    521    541 1.362271E-005 2.636308E-002 2.244280E-004
   890    369    368 1.017450E-005 3.033075E-002 1.439059E-004
   891    492    370 1.228530E-005 2.922257E-002 2.023250E-004
   892    372    371 1.466259E-005 2.093200E-002 1.310630E-004
   893    402    408 1.352886E-005 2.808633E-002 1.164904E-004
   894    392    449 1.452006E-005 4.321008E-002 1.481864E-004
   895    374    373 3.890362E-006 3.823234E-002 8.870933E-005
   896    375    456 9.920844E-006 2.546551E-002 1.546448E-004
   897    378    376 7.336210E-006 4.015932E-002 7.453693E-005
   898    378    377 1.547972E-005 3.595812E-002 6.867532E-005
   899    464    522 1.546474E-005 2.167919E-002 2.176362E-004
   900    400    396 1.817290E-005 3.953571E-002 1.733315E-004
   901    379    511 1.516443E-005 2.517598E-002 1.208585E-004
   902    390    496 1.557473E-005 2.597919E-002 3.692868E-004
   903    486    436 1.277104E-005 3.207994E-002 2.862944E-004
   904    390    406 1.259488E-005 3.500111E-002 1.527754E-004
   905    503    451 1.598820E-005 3.571232E-002 2.025639E-004
   906    380    435 1.655997E-005 3.309706E-002 1.078211E-004
   907    382    381 1.370168E-005 2.322288E-002 1.161848E-004
   908    384    383 1.241365E-005 1.860097E-002 1.285138E-004
   909    385    530 1.679393E-005 3.615813E-002 2.542030E-004
   910    386    468 1.294071E-005 3.791750E-002 2.718940E-004
   911    387    415 7.923514E-006 3.699093E-002 1.364786E-004
   912    434    458 2.086278E-005 4.045010E-002 1.384389E-004
   913    501    473 1.612213E-005 2.619505E-002 1.666884E-004
   914    507    530 1.563939E-005 3.913915E-002 2.914460E-004
   915    389    388 1.329189E-005 3.560528E-002 8.249988E-005
   916    451    528 1.676292E-005 3.315012E-002 2.751216E-004
   917    391    496 1.460539E-005 3.841145E-002 2.860529E-004
   918    391    390 1.607756E-005 4.199654E-002 7.679093E-005
   919    393    392 1.205997E-005 3.182130E-002 7.190418E-005
   920    393    449 1.952774E-005 2.538764E-002 9.005747E-005
   921    394    538 1.527403E-005 2.080255E-002 2.102792E-004
   922    395    454 1.521625E-005 2.434482E-002 1.292799E-004
   923    396    495 1.573100E-005 2.922699E-002 1.135944E-004
   924    530    488 1.527918E-005 2.903800E-002 5.746911E-004
   925    422    397 1.816632E-005 4.386152E-002 2.565394E-004
   926    432    530 9.742090E-006 3.506285E-002 4.318790E-004
   927    399    398 9.026294E-006 2.638960E-002 2.054291E-004
   928    406    400 1.454528E-005 3.234447E-002 1.119020E-004
   929    402    401 1.335134E-005 3.726902E-002 6.914799E-005
   930    403    494 1.402800E-005 2.683249E-002 1.955908E-004
   931    438    423 1.517032E-005 3.971224E-002 1.729881E-004
   932    405    404 1.945381E-005 1.919847E-002 1.356362E-004
   933    496    406 1.260991E-005 2.420626E-002 2.879908E-004
   934    417    536 1.544167E-005 3.242628E-002 1.635926E-004
   935    407    463 9.415883E-006 3.781106E-002 1.002005E-004
   936    407    535 1.497259E-005 3.766351E-002 1.341423E-004
   937    408    448 1.534981E-005 2.738712E-002 1.609301E-004
   938    409    534 1.418932E-005 4.011985E-002 2.386574E-004
   939    410    476 7.314155E-006 3.163365E-002 7.706071E-005
   940    410    475 6.755460E-006 3.036855E-002 1.438195E-004
   941    538    411 1.539034E-005 2.423125E-002 2.472491E-004
   942    493    472 1.963320E-005 3.901757E-002 1.484997E-004
   943    436    541 2.050085E-005 4.048555E-002 2.514912E-004
   944    414    412 1.437019E-005 2.584962E-002 9.100633E-005
   945    440    522 1.371099E-005 3.626064E-002 1.705311E-004
   946    413    522 1.555503E-005 3.319858E-002 1.416260E-004
   947    413    521 1.767010E-005 3.694279E-002 1.426571E-004
   948    414    430 1.950139E-005 3.160076E-002 1.785483E-004
   949    415    499 1.334015E-005 3.647784E-002 1.962825E-004
   950    452    416 1.264807E-005 2.780867E-002 1.413241E-004
   951    516    417 2.235281E-005 2.592663E-002 1.980418E-004
   952    480    418 1.428646E-005 3.035643E-002 1.390767E-004
   953    420    419 1.726406E-005 3.812412E-002 8.793848E-005
   954    421    442 1.712104E-005 2.685076E-002 9.342157E-005
   955    422    483 2.340243E-005 3.662412E-002 8.797473E-005
   956    423    449 1.342186E-005 4.056465E-002 1.001413E-004
   957    424    436 1.383294E-005 3.250669E-002 8.396561E-005
   958    464    498 1.657964E-005 2.564543E-002 1.726835E-004
   959    426    425 1.454833E-005 3.230626E-002 1.232469E-004
   960    427    516 1.983087E-005 3.025946E-002 1.391368E-004
   961    429    428 1.850744E-005 2.454131E-002 1.497873E-004
   962    480    430 1.770153E-005 3.732293E-002 2.047337E-004
   963    432    431 1.619003E-005 3.061570E-002 1.132566E-004
   964    475    489 1.857399E-005 2.758411E-002 2.021363E-004
   965    522    433 1.602903E-005 3.234836E-002 1.748340E-004
   966    435    434 2.267520E-005 3.154738E-002 1.414142E-004
   967    437    541 1.399523E-005 2.825019E-002 1.932324E-004
   968    437    436 1.412532E-005 2.681993E-002 8.315729E-005
   969    439    438 1.489374E-005 3.559865E-002 1.198378E-004
   970    440    464 2.202320E-005 2.528953E-002 7.031990E-005
   971    440    498 1.278773E-005 2.488368E-002 1.136593E-004
   972    530    441 2.250852E-005 3.027188E-002 5.625143E-004
   973    442    515 2.010357E-005 2.979009E-002 1.369747E-004
   974    444    443 2.147886E-005 3.080443E-002 1.233086E-004
   975    446    445 2.062081E-005 2.931528E-002 1.502756E-004
   976    447    526 1.571981E-005 2.398070E-002 3.620477E-004
   977    448    511 1.614680E-005 3.092985E-002 1.668580E-004
   978    454    453 2.336572E-005 3.039740E-002 1.806809E-004
   979    450    449 1.173266E-005 3.294206E-002 1.031132E-004
   980    451    530 1.454684E-005 3.378109E-002 4.537729E-004
   981    452    483 1.328378E-005 3.918298E-002 1.251636E-004
   982    455    453 2.295826E-005 3.678068E-002 7.852787E-005
   983    455    454 1.400653E-005 3.429501E-002 1.369148E-004
   984    457    456 1.610001E-005 2.538827E-002 1.333138E-004
   985    458    505 1.142926E-005 2.439548E-002 1.418539E-004
   986    460    459 1.713352E-005 3.428347E-002 7.790103E-005
   987    532    515 1.944698E-005 3.330454E-002 3.200624E-004
   988    534    463 9.133928E-006 2.912393E-002 2.088572E-004
   989    461    530 8.626804E-006 3.123610E-002 3.191104E-004
   990    513    462 1.528391E-005 2.783722E-002 1.716946E-004
   991    463    535 2.073938E-005 4.023231E-002 1.844378E-004
   992    465    464 1.631601E-005 3.257818E-002 8.740591E-005
   993    466    528 1.914344E-005 3.191152E-002 1.465783E-004
   994    500    477 1.448183E-005 3.517336E-002 1.545171E-004
   995    531    467 2.095186E-005 3.360941E-002 2.158540E-004
   996    469    468 1.631908E-005 3.721381E-002 1.942932E-004
   997    470    489 1.333937E-005 2.910591E-002 8.621822E-005
   998    471    524 1.696721E-005 1.918931E-002 1.267070E-004
   999    472    519 1.920581E-005 1.831091E-002 2.095066E-004
  1000    474    473 1.162388E-005 3.410763E-002 8.306589E-005
  1001    526    539 2.046855E-005 2.776135E-002 3.891345E-004
  1002    476    475 1.212814E-005 2.994571E-002 1.492760E-004
  1003    478    477 1.791086E-005 2.877406E-002 1.070282E-004
  1004    481    515 1.661809E-005 2.599468E-002 1.386829E-004
  1005    480    479 2.168187E-005 3.456070E-002 9.654503E-005
  1006    482    496 1.808728E-005 2.825406E-002 2.623397E-004
  1007    481    533 1.713158E-005 3.194122E-002 1.658467E-004
  1008    481    532 1.286170E-005 3.429273E-002 1.769186E-004
  1009    481    502 1.864596E-005 3.755931E-002 8.476284E-005
  1010    482    527 1.789298E-005 2.573043E-002 1.362731E-004
  1011    496    483 2.399167E-005 2.347173E-002 3.048646E-004
  1012    484    501 1.680995E-005 3.729457E-002 1.367925E-004
  1013    537    485 2.068622E-005 3.815958E-002 2.206249E-004
  1014    487    486 2.076048E-005 6.506302E-003 1.773132E-004
  1015    489    488 1.793258E-005 3.679057E-002 1.464404E-004
  1016    491    527 1.896274E-005 3.346322E-002 1.634826E-004
  1017    491    490 1.513117E-005 3.046318E-002 1.166336E-004
  1018    493    492 2.510616E-005 3.902746E-002 1.856754E-004
  1019    530    494 2.463860E-005 3.460069E-002 2.970711E-004
  1020    522    498 1.888147E-005 3.050557E-002 1.856858E-004
  1021    522    541 2.134154E-005 2.194640E-002 3.264118E-004
  1022    495    496 1.157054E-005 2.541700E-002 3.224629E-004
  1023    497    496 2.188016E-005 3.038363E-002 3.432465E-004
  1024    521    498 1.829978E-005 2.846115E-002 1.939967E-004
  1025    499    528 2.083715E-005 2.091156E-002 1.409558E-004
  1026    500    518 2.111008E-005 2.736684E-002 2.713473E-004
  1027    501    517 2.738143E-005 3.572646E-002 1.315543E-004
  1028    502    532 2.664338E-005 3.537202E-002 1.249319E-004
  1029    504    503 1.061200E-005 3.497041E-002 1.238492E-004
  1030    505    540 2.811686E-005 3.552969E-002 2.388529E-004
  1031    506    508 2.855246E-005 1.504792E-002 7.438804E-005
  1032    507    508 1.679856E-005 3.197258E-002 1.105228E-004
  1033    508    513 2.076261E-005 2.583324E-002 1.087817E-004
  1034    509    523 2.752040E-005 3.440648E-002 1.044944E-004
  1035    509    525 2.505742E-005 3.290628E-002 1.171557E-004
  1036    511    510 1.704322E-005 2.610213E-002 1.118715E-004
  1037    513    512 2.653782E-005 2.796542E-002 1.255979E-004
  1038    515    514 2.784505E-005 2.044804E-002 1.390985E-004
  1039    517    516 2.222255E-005 2.067931E-002 1.249632E-004
  1040    518    524 3.067871E-005 1.841867E-002 1.272977E-004
  1041    520    519 1.365897E-005 3.439948E-002 1.743652E-004
  1042    520    523 1.841591E-005 3.921648E-002 1.099937E-004
  1043    522    540 2.604288E-005 1.751023E-002 2.310202E-004
  1044    522    521 1.870894E-005 3.300761E-002 1.108394E-004
  1045    525    523 2.961304E-005 4.889907E-002 1.461062E-004
  1046    525    524 2.278050E-005 2.887497E-002 1.168953E-004
  1047    527    526 2.926423E-005 3.550960E-002 2.467921E-004
  1048    529    528 2.527875E-005 2.868708E-002 1.457106E-004
  1049    531    530 2.813424E-005 3.627388E-002 2.556549E-004
  1050    533    532 3.273157E-005 3.922628E-002 1.237661E-004
  1051    535    534 3.511381E-005 3.494203E-002 1.988142E-004
  1052    537    536 3.041358E-005 3.096532E-002 1.621222E-004
  1053    539    538 4.029910E-005 2.695779E-002 1.524658E-004
  1054    541    540 4.679487E-005 3.107477E-002 2.434009E-004
