   604  1.019400E-003  1.019400E-003  1.019400E-003
     1 1.699000E-005 1.012604E-003 2.004820E-004   1	  399	    0	    0	  110
     2 7.373660E-004 3.398000E-006 4.077600E-005   1	  200	    0	    0	  112
     3 4.893120E-004 3.737800E-004 3.398000E-006   1	   69	    0	    0	  117
     4 2.004820E-004 3.398000E-006 9.718280E-004   1	  162	    0	    0	  120
     5 1.005808E-003 8.461020E-004 2.888300E-004   2	    0	   47	    0	    1	  104	  124
     6 4.961080E-004 7.441620E-004 1.019400E-004   1	  422	    0	    0	  125
     7 6.796000E-006 7.883360E-004 1.009206E-003   2	   -1	  444	    1	    0	  103	  128
     8 4.213520E-004 5.572720E-004 4.485360E-004   1	  392	    0	    0	  133
     9 4.349440E-004 1.461140E-004 2.684420E-004   1	  541	    0	    0	  135
    10 2.616460E-004 9.514400E-005 1.427160E-004   1	  533	    0	    0	  136
    11 3.024220E-004 5.436800E-005 1.732980E-004   1	  195	    0	    0	  137
    12 2.548500E-004 8.461020E-004 6.796000E-005   1	  271	    0	    0	  139
    13 8.053260E-004 9.004700E-004 1.359200E-005   1	  349	    0	    0	  140
    14 8.121220E-004 5.742620E-004 4.689240E-004   2	  288	  539	    0	    0	  141	  123
    15 3.398000E-006 7.475600E-005 3.601880E-004   2	   -1	  117	    1	    0	  102	  142
    16 7.339680E-004 9.650320E-004 9.072660E-004   1	  525	    0	    0	  144
    17 4.349440E-004 5.878540E-004 2.480540E-004   1	   18	    0	    0	  145
    18 4.587300E-004 6.082420E-004 2.582480E-004   1	   17	    0	    0	  145
    19 2.650440E-004 3.398000E-006 2.480540E-004   1	   20	    0	    0	  146
    20 2.582480E-004 2.378600E-005 2.480540E-004   1	   19	    0	    0	  146
    21 1.427160E-004 4.077600E-005 5.878540E-004   1	   22	    0	    0	  147
    22 1.529100E-004 5.436800E-005 5.912520E-004   1	   21	    0	    0	  147
    23 9.854200E-005 9.514400E-004 9.582360E-004   2	  230	  443	    0	    0	  131	  148
    24 7.203760E-004 3.771780E-004 1.189300E-004   1	  527	    0	    0	  149
    25 9.582360E-004 6.626100E-004 5.980480E-004   1	  478	    0	    0	  150
    26 2.378600E-005 6.796000E-004 5.334860E-004   1	   27	    0	    0	  151
    27 3.398000E-006 6.863960E-004 5.504760E-004   2	   -1	   26	    1	    0	  101	  151
    28 2.446560E-004 8.359080E-004 9.310520E-004   1	   93	    0	    0	  152
    29 7.441620E-004 3.533920E-004 1.563080E-004   1	   81	    0	    0	  153
    30 9.956140E-004 2.650440E-004 8.902760E-004   2	   83	   82	    0	    0	  154	  155
    31 4.961080E-004 4.825160E-004 5.810580E-004   1	   32	    0	    0	  156
    32 5.198940E-004 4.859140E-004 5.776600E-004   1	   31	    0	    0	  156
    33 1.699000E-004 2.582480E-004 3.669840E-004   2	  373	   34	    0	    0	  126	  157
    34 1.631040E-004 2.514520E-004 3.737800E-004   1	   33	    0	    0	  157
    35 5.878540E-004 2.514520E-004 4.757200E-004   1	  503	    0	    0	  158
    36 6.728040E-004 3.907700E-004 1.012604E-003   1	  530	    0	    0	  159
    37 6.592120E-004 8.630920E-004 9.208580E-004   1	  471	    0	    0	  160
    38 7.679480E-004 1.325220E-004 7.747440E-004   1	  186	    0	    0	  161
    39 9.378480E-004 9.140620E-004 2.786360E-004   1	  496	    0	    0	  162
    40 8.393060E-004 2.378600E-004 2.922280E-004   1	  341	    0	    0	  167
    41 9.514400E-005 3.465960E-004 4.621280E-004   1	  537	    0	    0	  172
    42 8.596940E-004 4.553320E-004 5.198940E-004   1	  539	    0	    0	  181
    43 1.012604E-003 7.441620E-004 9.378480E-004   2	   44	    0	    0	    1	  183	  100
    44 9.888180E-004 6.897940E-004 1.002410E-003   3	    0	   43	  252	    0	    1	   99	  183	  185
    45 3.398000E-006 7.033860E-004 1.009206E-003   2	   -1	  212	    1	    0	   98	  187
    46 8.834800E-004 7.679480E-004 6.592120E-004   2	  519	  476	    0	    0	  170	  188
    47 1.012604E-003 7.883360E-004 3.160140E-004   3	    0	    5	  334	    0	    1	   97	  124	  189
    48 1.019400E-005 2.242680E-004 9.514400E-005   2	   -1	  502	    1	    0	   96	  194
    49 8.596940E-004 4.315460E-004 7.543560E-004   1	  167	    0	    0	  195
    50 2.004820E-004 6.354260E-004 9.446440E-004   1	  469	    0	    0	  198
    51 6.660080E-004 3.737800E-005 9.174600E-005   2	  541	  326	    0	    0	  143	  199
    52 1.121340E-004 5.097000E-005 7.713460E-004   1	  122	    0	    0	  200
    53 3.228100E-004 6.796000E-006 1.053380E-004   1	   68	    0	    0	  201
    54 7.679480E-004 8.936740E-004 8.834800E-005   3	  228	  349	  496	    0	    0	  182	  184	  203
    55 2.752380E-004 9.820220E-004 8.936740E-004   1	  220	    0	    0	  205
    56 2.548500E-004 1.970840E-004 9.888180E-004   1	  530	    0	    0	  208
    57 1.009206E-003 2.480540E-004 7.407640E-004   2	    0	   58	    0	    1	   95	  209
    58 1.012604E-003 2.276660E-004 7.917340E-004   2	    0	   57	    0	    1	   94	  209
    59 3.941680E-004 9.514400E-005 9.038680E-004   2	  295	   78	    0	    0	  176	  210
    60 3.873720E-004 6.456200E-005 2.004820E-004   1	  541	    0	    0	  211
    61 8.630920E-004 2.174720E-004 8.664900E-004   1	  530	    0	    0	  212
    62 1.529100E-004 2.242680E-004 7.373660E-004   1	   63	    0	    0	  213
    63 1.359200E-004 2.208700E-004 7.441620E-004   2	  427	   62	    0	    0	  192	  213
    64 5.198940E-004 7.305700E-004 7.135800E-005   1	  214	    0	    0	  214
    65 2.412580E-004 1.359200E-005 1.563080E-004   1	   66	    0	    0	  215
    66 2.514520E-004 3.398000E-005 1.732980E-004   1	   65	    0	    0	  215
    67 3.194120E-004 2.650440E-004 1.009206E-003   1	  530	    0	    0	  216
    68 3.431980E-004 3.398000E-006 7.135800E-005   2	  278	   53	    0	    0	  217	  201
    69 5.538740E-004 3.941680E-004 6.796000E-006   2	    3	  376	    0	    0	  117	  220
    70 2.378600E-004 6.796000E-006 9.106640E-004   1	  494	    0	    0	  226
    71 3.092180E-004 3.262080E-004 7.203760E-004   2	  516	  484	    0	    0	  168	  228
    72 2.582480E-004 1.009206E-003 7.849380E-004   1	  310	    0	    0	  235
    73 6.796000E-006 1.009206E-003 3.262080E-004   2	   -1	  399	    1	    0	   93	  237
    74 1.427160E-004 6.082420E-004 3.533920E-004   1	  536	    0	    0	  239
    75 9.174600E-005 5.878540E-004 7.815400E-004   1	  462	    0	    0	  240
    76 9.752260E-004 4.757200E-005 2.378600E-005   1	  305	    0	    0	  241
    77 8.257140E-004 6.014460E-004 1.563080E-004   2	  253	  527	    0	    0	  207	  242
    78 3.805760E-004 5.776600E-005 9.106640E-004   2	   59	  295	    0	    0	  210	  243
    79 4.995060E-004 6.048440E-004 6.694060E-004   1	   99	    0	    0	  244
    80 4.417400E-004 6.660080E-004 5.097000E-004   2	  361	  368	    0	    0	  245	  122
    81 7.373660E-004 3.330040E-004 1.495120E-004   2	   29	  526	    0	    0	  153	  246
    82 1.012604E-003 2.684420E-004 8.936740E-004   3	    0	   83	   30	    0	    1	   92	  247	  155
    83 1.012604E-003 2.514520E-004 8.936740E-004   4	    0	  251	   30	   82	    0	    1	   91	  113	  154	  247
    84 7.713460E-004 1.699000E-004 9.344500E-004   2	  304	  499	    0	    0	  138	  248
    85 4.179540E-004 9.446440E-004 9.582360E-004   1	  360	    0	    0	  249
    86 5.980480E-004 5.436800E-005 9.752260E-004   2	  295	  387	    0	    0	  250	  251
    87 8.834800E-005 3.737800E-004 1.461140E-004   1	  158	    0	    0	  252
    88 1.019400E-005 7.135800E-004 2.956260E-004   2	   -1	  454	    1	    0	   90	  254
    89 1.359200E-004 6.796000E-006 7.577540E-004   1	  367	    0	    0	  270
    90 1.902880E-004 3.601880E-004 1.005808E-003   1	  385	    0	    0	  277
    91 2.888300E-004 2.276660E-004 3.364020E-004   2	  424	  514	    0	    0	  108	  280
    92 1.699000E-004 7.305700E-004 1.359200E-004   2	  453	  199	    0	    0	  197	  282
    93 2.208700E-004 8.359080E-004 9.344500E-004   2	   28	  443	    0	    0	  152	  283
    94 5.436800E-005 2.378600E-004 1.002410E-003   1	  257	    0	    0	  290
    95 3.024220E-004 7.169780E-004 7.815400E-004   2	  384	  468	    0	    0	  175	  292
    96 2.004820E-004 9.174600E-004 6.796000E-006   2	  271	  272	    0	    0	  296	  273
    97 1.699000E-004 6.456200E-004 7.815400E-004   2	  293	  164	    0	    0	  206	  297
    98 5.708640E-004 2.650440E-004 7.815400E-005   1	  540	    0	    0	  298
    99 4.995060E-004 6.116400E-004 6.829980E-004   2	   79	  100	    0	    0	  244	  299
   100 4.791180E-004 6.252320E-004 6.965900E-004   2	  111	   99	    0	    0	  129	  299
   101 2.888300E-004 1.393180E-004 3.262080E-004   3	  144	  424	  486	    0	    0	  281	  238	  302
   102 5.946500E-004 8.834800E-004 1.732980E-004   2	  452	  175	    0	    0	  303	  229
   103 3.873720E-004 9.038680E-004 9.412460E-004   1	  468	    0	    0	  304
   104 1.189300E-004 8.664900E-004 1.766960E-004   2	  346	  454	    0	    0	  295	  305
   105 2.752380E-004 8.698880E-004 3.058200E-005   1	  271	    0	    0	  306
   106 3.296060E-004 2.004820E-004 7.815400E-004   2	  284	  494	    0	    0	  233	  307
   107 2.174720E-004 4.077600E-005 1.495120E-004   1	  243	    0	    0	  308
   108 5.402820E-004 3.364020E-004 1.970840E-004   1	  505	    0	    0	  309
   109 3.431980E-004 1.009206E-003 6.999880E-004   2	  370	  110	    0	    0	  301	  310
   110 3.364020E-004 1.009206E-003 7.203760E-004   1	  109	    0	    0	  310
   111 4.553320E-004 5.912520E-004 6.829980E-004   2	  100	  369	    0	    0	  129	  311
   112 4.077600E-005 5.097000E-004 7.237740E-004   1	  114	    0	    0	  312
   113 1.359200E-005 5.436800E-004 7.713460E-004   3	   -1	  224	  114	    1	    0	   89	  111	  313
   114 6.796000E-006 5.198940E-004 7.305700E-004   3	   -1	  112	  113	    1	    0	   88	  312	  313
   115 1.257260E-004 7.679480E-004 4.281480E-004   1	  281	    0	    0	  314
   116 5.946500E-004 7.713460E-004 8.087240E-004   2	  412	  471	    0	    0	  173	  343
   117 6.796000E-006 1.019400E-004 3.398000E-004   3	   -1	   15	  260	    1	    0	   87	  142	  345
   118 6.422220E-004 8.427040E-004 5.300880E-004   1	  493	    0	    0	  347
   119 9.854200E-004 6.422220E-004 1.699000E-005   2	    0	  125	    0	    1	   86	  350
   120 6.796000E-005 4.009640E-004 1.665020E-004   1	  158	    0	    0	  358
   121 9.446440E-004 7.815400E-004 6.796000E-006   2	  256	  349	    0	    0	  284	  359
   122 1.121340E-004 8.495000E-005 7.475600E-004   2	   52	  329	    0	    0	  200	  360
   123 2.004820E-004 7.509580E-004 5.368840E-004   2	  418	  348	    0	    0	  193	  361
   124 8.325100E-004 4.485360E-004 8.053260E-004   2	  530	  167	    0	    0	  236	  362
   125 9.480420E-004 6.796000E-004 6.456200E-005   3	  404	  119	  256	    0	    0	  363	  350	  332
   126 5.198940E-004 5.334860E-004 8.562960E-004   2	  530	  246	    0	    0	  132	  364
   127 8.155200E-005 9.174600E-005 1.325220E-004   2	  532	  533	    0	    0	  366	  365
   128 8.461020E-004 1.009206E-003 5.844560E-004   1	  519	    0	    0	  367
   129 1.766960E-004 6.660080E-004 7.441620E-004   1	  147	    0	    0	  368
   130 5.164960E-004 7.985300E-004 4.315460E-004   2	  402	  406	    0	    0	  134	  369
   131 6.965900E-004 3.364020E-004 4.077600E-005   4	  207	  205	  192	  132	    0	    0	  196	  356	  300	  370
   132 6.728040E-004 3.330040E-004 3.398000E-005   2	  205	  131	    0	    0	  371	  370
   133 2.038800E-004 6.184360E-004 8.495000E-004   1	  462	    0	    0	  372
   134 9.990120E-004 9.956140E-004 5.436800E-005   2	    0	  135	    0	    1	   85	  373
   135 9.888180E-004 1.009206E-003 1.291240E-004   4	    0	  381	  382	  134	    0	    1	   84	  341	  232	  373
   136 8.902760E-004 6.694060E-004 5.572720E-004   1	  496	    0	    0	  374
   137 5.334860E-004 7.135800E-005 1.009206E-003   2	  296	  303	    0	    0	  279	  375
   138 9.072660E-004 1.291240E-004 5.810580E-004   2	  341	  215	    0	    0	  381	  342
   139 1.009206E-003 7.237740E-004 5.232920E-004   2	    0	  478	    0	    1	   83	  385
   140 9.106640E-004 9.310520E-004 6.796000E-006   1	  349	    0	    0	  393
   141 6.965900E-004 7.067840E-004 1.009206E-003   1	  470	    0	    0	  398
   142 1.359200E-005 1.009206E-003 5.674660E-004   2	   -1	  398	    1	    0	   82	  399
   143 1.053380E-004 6.286300E-004 7.781420E-004   2	  293	  164	    0	    0	  286	  402
   144 2.140740E-004 1.257260E-004 3.092180E-004   2	  101	  445	    0	    0	  281	  403
   145 1.766960E-004 6.829980E-004 8.019280E-004   1	  293	    0	    0	  404
   146 3.737800E-004 9.752260E-004 9.548380E-004   1	  219	    0	    0	  405
   147 1.665020E-004 6.490180E-004 7.509580E-004   3	  164	  129	  293	    0	    0	  406	  368	  396
   148 2.650440E-004 9.344500E-004 7.713460E-004   2	  480	  310	    0	    0	  116	  407
   149 7.271720E-004 5.980480E-004 3.431980E-004   2	  539	  496	    0	    0	  408	  409
   150 9.820220E-004 4.791180E-004 5.606700E-004   2	    0	  275	    0	    1	   81	  415
   151 8.257140E-004 7.577540E-004 1.155320E-004   1	  496	    0	    0	  417
   152 7.679480E-004 6.048440E-004 2.718400E-005   2	  491	  527	    0	    0	  430	  349
   153 5.504760E-004 1.291240E-004 8.562960E-004   4	  295	  531	  530	  328	    0	    0	  119	  391	  386	  442
   154 5.097000E-005 2.888300E-004 6.796000E-006   2	  532	  502	    0	    0	  166	  444
   155 8.155200E-004 5.368840E-004 2.922280E-004   3	  539	  482	  165	    0	    0	  446	  355	  445
   156 7.305700E-004 8.257140E-004 4.723220E-004   3	  159	  496	  493	    0	    0	  400	  447	  331
   157 1.009206E-003 2.922280E-004 6.897940E-004   3	  371	  172	    0	    0	    1	  255	  448	   80
   158 1.189300E-004 3.771780E-004 1.766960E-004   4	   87	  442	  421	  120	    0	    0	  252	  357	  449	  358
   159 6.762020E-004 8.121220E-004 4.757200E-004   3	  156	  406	  496	    0	    0	  400	  354	  450
   160 1.009206E-003 4.553320E-004 9.378480E-004   2	  211	    0	    0	    1	  451	   79
   161 1.009206E-003 6.999880E-004 1.461140E-004   3	    0	  404	  193	    0	    1	   78	  377	  452
   162 1.529100E-004 6.796000E-006 9.990120E-004   2	    4	  268	    0	    0	  120	  453
   163 3.499940E-004 8.155200E-004 8.053260E-004   2	  468	  430	    0	    0	  174	  454
   164 1.359200E-004 6.456200E-004 7.577540E-004   4	  147	  293	   97	  143	    0	    0	  406	  455	  297	  402
   165 8.223160E-004 5.776600E-004 2.854320E-004   3	  539	  155	  482	    0	    0	  329	  445	  456
   166 1.019400E-005 6.931920E-004 9.140620E-004   3	   -1	  212	  242	    1	    0	   77	  441	  481
   167 8.053260E-004 4.655260E-004 7.713460E-004   4	  530	   49	  124	  500	    0	    0	  497	  195	  362	  494
   168 9.820220E-004 2.650440E-004 5.810580E-004   5	  184	  341	  172	  173	    0	    0	    1	  287	  267	  401	  499	   76
   169 2.582480E-004 8.970720E-004 8.970720E-004   3	  220	  310	  443	    0	    0	  501	  234	  482
   170 3.058200E-004 4.077600E-004 3.839740E-004   3	  439	  423	  374	    0	    0	  163	  503	  383
   171 7.135800E-004 1.189300E-004 7.713460E-004   2	  467	  186	    0	    0	  428	  506
   172 9.990120E-004 2.752380E-004 6.558140E-004   4	    0	  168	  157	  173	    0	    1	   75	  401	  448	  507
   173 9.718280E-004 2.548500E-004 6.252320E-004   2	  168	  172	    0	    0	  499	  507
   174 9.990120E-004 9.344500E-004 8.155200E-005   2	  382	  349	    0	    0	  436	  508
   175 5.572720E-004 9.310520E-004 8.155200E-005   2	  102	  233	    0	    0	  229	  509
   176 5.606700E-004 1.019400E-005 6.728040E-004   1	  419	    0	    0	  510
   177 5.708640E-004 7.475600E-005 7.679480E-004   2	  467	  531	    0	    0	  511	  512
   178 1.766960E-004 1.699000E-004 1.005808E-003   2	  209	  426	    0	    0	  523	  495
   179 8.257140E-004 3.533920E-004 9.888180E-004   2	  251	  530	    0	    0	  109	  524
   180 3.092180E-004 3.499940E-004 2.514520E-004   4	  423	  290	  514	  535	    0	    0	  410	  439	  525	  496
   181 1.019400E-005 3.262080E-004 5.946500E-004   3	   -1	  517	  182	    1	    0	   74	  443	  527
   182 1.019400E-005 2.752380E-004 5.708640E-004   2	   -1	  181	    1	    0	   73	  527
   183 4.859140E-004 7.917340E-004 5.097000E-004   2	  400	  402	    0	    0	  528	  340
   184 1.005808E-003 2.888300E-004 5.368840E-004   3	  168	  194	    0	    0	    1	  287	  529	   72
   185 4.213520E-004 1.019400E-005 7.101820E-004   2	  419	  420	    0	    0	  505	  530
   186 7.271720E-004 1.223280E-004 7.917340E-004   3	   38	  171	  499	    0	    0	  161	  506	  531
   187 8.189180E-004 6.592120E-004 1.732980E-004   2	  496	  253	    0	    0	  533	  532
   188 5.572720E-004 5.946500E-004 7.577540E-004   2	  270	  500	    0	    0	  390	  534
   189 7.407640E-004 3.296060E-004 7.815400E-005   3	  207	  197	  526	    0	    0	  536	  535	  500
   190 4.043620E-004 2.106760E-004 6.456200E-005   1	  278	    0	    0	  537
   191 4.417400E-004 6.082420E-004 1.665020E-004   2	  407	  363	    0	    0	  548	  550
   192 7.169780E-004 3.533920E-004 1.359200E-005   6	  205	  131	  526	  540	  207	  335	    0	    0	  473	  300	  395	  414	  440	  553
   193 1.005808E-003 7.407640E-004 1.427160E-004   3	    0	  350	  161	    0	    1	   71	  556	  452
   194 1.002410E-003 3.092180E-004 5.097000E-004   3	    0	  341	  184	    0	    1	   70	  558	  529
   195 3.160140E-004 9.174600E-005 1.800940E-004   3	   11	  196	  278	    0	    0	  137	  560	  334
   196 2.922280E-004 1.053380E-004 2.174720E-004   2	  195	  250	    0	    0	  560	  498
   197 7.543560E-004 3.499940E-004 5.776600E-005   3	  189	  526	  207	    0	    0	  535	  540	  561
   198 6.660080E-004 7.679480E-004 9.582360E-004   1	  471	    0	    0	  562
   199 2.242680E-004 7.543560E-004 1.223280E-004   2	   92	  510	    0	    0	  282	  564
   200 8.766840E-004 2.378600E-005 1.019400E-005   2	    2	  540	    0	    0	  112	  565
   201 9.582360E-004 7.237740E-004 9.140620E-004   2	  475	  489	    0	    0	  571	  546
   202 4.927100E-004 6.116400E-004 3.567900E-004   2	  392	  241	    0	    0	  572	  346
   203 6.829980E-004 1.005808E-003 8.155200E-004   2	  389	  294	    0	    0	  293	  573
   204 4.043620E-004 7.611520E-004 2.854320E-004   2	  401	  510	    0	    0	  570	  574
   205 6.490180E-004 3.330040E-004 1.359200E-005   5	  192	  206	  131	  132	  540	    0	    0	  473	  575	  356	  371	  543
   206 6.320280E-004 3.669840E-004 3.398000E-005   3	  205	  540	  335	    0	    0	  575	  285	  502
   207 7.305700E-004 3.635860E-004 5.436800E-005   5	  131	  189	  192	  197	  335	    0	    0	  196	  536	  440	  561	  576
   208 4.689240E-004 5.266900E-004 4.009640E-004   1	  538	    0	    0	  577
   209 2.038800E-004 2.106760E-004 1.005808E-003   2	  385	  178	    0	    0	  578	  523
   210 3.771780E-004 1.189300E-004 1.002410E-003   1	  494	    0	    0	  579
   211 9.650320E-004 4.621280E-004 9.344500E-004   3	  441	  160	  323	    0	    0	  580	  451	  539
   212 3.058200E-005 6.592120E-004 1.002410E-003   4	   -1	   45	  166	  254	    1	    0	   69	  187	  441	  582
   213 9.174600E-005 7.203760E-004 8.800820E-004   3	  254	  292	  469	    0	    0	  464	  588	  274
   214 5.776600E-004 7.033860E-004 2.378600E-005   3	   64	  363	  264	    0	    0	  214	  431	  591
   215 9.922160E-004 7.135800E-005 5.572720E-004   5	    0	  341	  529	  312	  138	    0	    1	   68	  225	  257	  597	  342
   216 1.019400E-004 8.393060E-004 6.014460E-004   4	  258	  348	  276	  480	    0	    0	  599	  472	  231	  272
   217 1.359200E-005 2.514520E-004 2.242680E-004   2	   -1	  339	    1	    0	   67	  602
   218 6.354260E-004 8.834800E-004 9.718280E-004   3	  255	  525	  470	    0	    0	  603	  461	  318
   219 3.465960E-004 9.378480E-004 9.480420E-004   2	  220	  146	    0	    0	  606	  405
   220 2.786360E-004 9.310520E-004 9.242560E-004   4	   55	  219	  169	  443	    0	    0	  205	  606	  501	  180
   221 4.451380E-004 9.004700E-004 5.674660E-004   2	  430	  492	    0	    0	  463	  607
   222 9.378480E-004 1.005808E-003 7.203760E-004   2	  519	  520	    0	    0	  608	  609
   223 1.495120E-004 1.121340E-004 5.266900E-004   2	  486	  286	    0	    0	  610	  344
   224 1.699000E-005 4.961080E-004 8.766840E-004   3	   -1	  113	  225	    1	    0	   66	  111	  611
   225 1.019400E-005 4.893120E-004 9.446440E-004   2	   -1	  224	    1	    0	   65	  611
   226 7.645500E-004 4.247500E-004 5.097000E-004   2	  539	  503	    0	    0	  612	  593
   227 2.412580E-004 8.698880E-004 2.140740E-004   4	  346	  379	  510	  511	    0	    0	  616	  614	  613	  615
   228 7.271720E-004 9.820220E-004 5.097000E-005   4	   54	  353	  233	  452	    0	    0	  182	  421	  518	  620
   229 3.533920E-004 5.470780E-004 4.825160E-004   3	  355	  538	  393	    0	    0	  222	  567	  622
   230 2.718400E-005 9.888180E-004 9.004700E-004   4	   -1	   23	  332	  443	    1	    0	   64	  131	  554	  625
   231 9.616340E-004 7.577540E-004 4.281480E-004   2	  232	  496	    0	    0	  630	  376
   232 1.002410E-003 7.713460E-004 4.383420E-004   2	    0	  231	    0	    1	   63	  630
   233 5.402820E-004 9.956140E-004 1.699000E-005   4	  353	  228	  234	  175	    0	    0	  105	  518	  640	  509
   234 4.349440E-004 9.514400E-004 2.378600E-005   1	  233	    0	    0	  640
   235 8.936740E-004 7.305700E-004 4.859140E-004   1	  496	    0	    0	  641
   236 1.495120E-004 2.378600E-004 6.116400E-004   2	  484	  330	    0	    0	  642	  643
   237 8.359080E-004 2.718400E-004 1.359200E-005   3	  540	  359	  526	    0	    0	  291	  628	  644
   238 4.961080E-004 3.635860E-004 2.990240E-004   1	  438	    0	    0	  645
   239 7.917340E-004 9.922160E-004 4.485360E-004   5	  493	  429	  416	  240	  452	    0	    0	  190	  465	  262	  646	  563
   240 9.106640E-004 9.922160E-004 4.689240E-004   2	  429	  239	    0	    0	  516	  646
   241 5.470780E-004 5.776600E-004 3.058200E-004   3	  202	  245	  490	    0	    0	  346	  459	  647
   242 1.359200E-005 7.543560E-004 9.378480E-004   3	   -1	  444	  166	    1	    0	   62	  648	  481
   243 1.631040E-004 4.417400E-005 1.427160E-004   2	  107	  446	    0	    0	  308	  649
   244 1.019400E-004 1.800940E-004 1.970840E-004   2	  502	  340	    0	    0	  427	  650
   245 6.150380E-004 6.422220E-004 2.786360E-004   3	  241	  490	  496	    0	    0	  459	  547	  651
   246 5.063020E-004 5.368840E-004 8.155200E-004   2	  126	  270	    0	    0	  364	  652
   247 7.543560E-004 2.854320E-004 1.766960E-004   4	  540	  526	  522	  433	    0	    0	  654	  653	  655	  271
   248 1.002410E-003 1.800940E-004 4.961080E-004   2	    0	  341	    0	    1	   61	  656
   249 5.198940E-004 5.198940E-004 2.242680E-004   3	  377	  490	  378	    0	    0	  605	  657	  658
   250 3.262080E-004 1.291240E-004 2.616460E-004   3	  424	  196	  514	    0	    0	  275	  498	  661
   251 9.854200E-004 2.548500E-004 9.820220E-004   6	  179	   83	  528	  441	    0	  530	    0	    1	  109	  113	  378	  664	   60	  617
   252 9.990120E-004 8.291120E-004 9.990120E-004   3	    0	   44	  300	    0	    1	   59	  185	  666
   253 8.257140E-004 6.694060E-004 1.155320E-004   3	   77	  404	  187	    0	    0	  207	  669	  532
   254 1.699000E-004 6.796000E-004 9.990120E-004   6	  213	  302	  512	  212	  324	  469	    0	    0	  464	  635	  276	  582	  670	  671
   255 5.810580E-004 8.495000E-004 9.582360E-004   3	  314	  218	  471	    0	    0	  351	  603	  673
   256 8.664900E-004 7.543560E-004 1.699000E-005   3	  121	  125	  349	    0	    0	  284	  332	  674
   257 3.058200E-005 3.228100E-004 1.002410E-003   3	   -1	  506	   94	    1	    0	   58	  678	  290
   258 2.038800E-005 8.630920E-004 6.184360E-004   3	   -1	  216	  276	    1	    0	   57	  599	  679
   259 9.990120E-004 3.805760E-004 4.927100E-004   3	    0	  447	  526	    0	    1	   56	  485	  680
   260 1.359200E-005 1.732980E-004 3.499940E-004   3	   -1	  117	  307	    1	    0	   55	  345	  681
   261 8.630920E-004 5.368840E-004 4.859140E-004   2	  539	  478	    0	    0	  683	  339
   262 1.053380E-004 7.203760E-004 4.587300E-004   1	  536	    0	    0	  684
   263 8.427040E-004 5.130980E-004 7.475600E-005   1	  527	    0	    0	  685
   264 6.660080E-004 6.422220E-004 8.495000E-005   3	  491	  490	  214	    0	    0	  686	  435	  591
   265 6.456200E-004 3.975660E-004 1.053380E-004   4	  335	  505	  540	  527	    0	    0	  202	  687	  583	  289
   266 5.470780E-004 3.907700E-004 6.048440E-004   4	  461	  394	  352	  503	    0	    0	  689	  688	  629	  504
   267 8.461020E-004 9.854200E-004 2.344620E-004   1	  381	    0	    0	  690
   268 1.393180E-004 3.737800E-005 9.956140E-004   3	  403	  162	  425	    0	    0	  191	  453	  691
   269 7.679480E-004 4.757200E-005 5.878540E-004   4	  466	  297	  467	  327	    0	    0	  178	  387	  692	  697
   270 4.723220E-004 5.470780E-004 7.883360E-004   4	  291	  188	  246	  468	    0	    0	  701	  390	  652	  677
   271 2.276660E-004 9.038680E-004 7.815400E-005   6	   12	   96	  105	  346	  272	  460	    0	    0	  139	  296	  306	  380	  703	  487
   272 1.359200E-004 8.902760E-004 2.038800E-005   3	  459	  271	   96	    0	    0	  476	  703	  273
   273 3.533920E-004 8.834800E-005 6.626100E-004   3	  457	  420	  311	    0	    0	  704	  569	  702
   274 4.349440E-004 3.364020E-004 1.834920E-004   3	  277	  377	  514	    0	    0	  552	  321	  705
   275 8.461020E-004 4.961080E-004 5.708640E-004   5	  500	  539	  150	  372	  478	    0	    0	  118	  711	  415	  438	  469
   276 1.359200E-005 8.562960E-004 5.368840E-004   4	   -1	  258	  398	  216	    1	    0	   54	  679	  713	  231
   277 4.417400E-004 4.213520E-004 1.291240E-004   5	  274	  407	  376	  377	  535	    0	    0	  552	  721	  491	  320	  594
   278 3.669840E-004 1.189300E-004 3.737800E-005   5	   68	  190	  541	  279	  195	    0	    0	  217	  537	  544	  723	  334
   279 3.330040E-004 2.480540E-004 1.359200E-005   1	  278	    0	    0	  723
   280 2.038800E-005 7.135800E-004 4.077600E-004   2	   -1	  281	    1	    0	   53	  725
   281 5.436800E-005 7.747440E-004 3.839740E-004   4	  280	  395	  115	  398	    0	    0	  725	  724	  314	  636
   282 3.431980E-004 4.145560E-004 7.271720E-004   5	  317	  516	  291	  530	  501	    0	    0	  731	  492	  336	  601	  514
   283 7.611520E-004 1.121340E-004 7.237740E-004   2	  466	  467	    0	    0	  695	  734
   284 3.058200E-004 2.276660E-004 7.203760E-004   3	  494	  106	  484	    0	    0	  392	  233	  735
   285 3.601880E-004 7.645500E-004 7.815400E-005   2	  397	  534	    0	    0	  736	  710
   286 1.495120E-004 1.291240E-004 6.014460E-004   5	  309	  321	  223	  329	  338	    0	    0	  337	  325	  344	  424	  737
   287 9.208580E-004 6.252320E-004 2.956260E-004   2	  496	  356	    0	    0	  740	  322
   288 8.019280E-004 6.320280E-004 4.383420E-004   2	   14	  496	    0	    0	  141	  742
   289 2.310640E-004 3.737800E-004 2.004820E-004   5	  535	  442	  290	  515	  421	    0	    0	  555	  480	  437	  429	  743
   290 2.548500E-004 3.398000E-004 2.480540E-004   4	  373	  289	  180	  299	    0	    0	  744	  437	  439	  739
   291 4.043620E-004 5.164960E-004 7.475600E-004   4	  468	  270	  282	  317	    0	    0	  745	  701	  336	  746
   292 2.378600E-005 6.965900E-004 7.679480E-004   3	   -1	  293	  213	    1	    0	   52	  747	  588
   293 1.257260E-004 6.863960E-004 7.679480E-004   6	   97	  292	  164	  143	  147	  145	    0	    0	  206	  747	  455	  286	  396	  404
   294 5.878540E-004 9.820220E-004 8.019280E-004   4	  365	  360	  389	  203	    0	    0	  755	  458	  520	  573
   295 4.587300E-004 2.378600E-005 9.480420E-004   6	  153	   59	   86	   78	  337	  296	    0	    0	  119	  176	  250	  243	  522	  758
   296 4.383420E-004 7.135800E-005 1.002410E-003   2	  137	  295	    0	    0	  279	  758
   297 6.965900E-004 2.038800E-005 4.689240E-004   5	  521	  269	  313	  327	  298	    0	    0	  750	  387	  700	  733	  759
   298 6.490180E-004 1.359200E-005 4.349440E-004   4	  435	  297	  313	  351	    0	    0	  432	  759	  760	  675
   299 2.718400E-004 2.820340E-004 2.480540E-004   4	  514	  515	  442	  290	    0	    0	  682	  761	  762	  739
   300 1.002410E-003 9.174600E-004 9.072660E-004   3	    0	  523	  252	    0	    1	   51	  763	  666
   301 4.009640E-004 3.058200E-004 6.456200E-004   2	  484	  461	    0	    0	  765	  764
   302 2.718400E-004 6.965900E-004 1.002410E-003   2	  386	  254	    0	    0	  766	  635
   303 6.286300E-004 2.004820E-004 9.956140E-004   4	  387	  328	  137	  304	    0	    0	  278	  748	  375	  768
   304 6.999880E-004 1.766960E-004 9.616340E-004   3	   84	  499	  303	    0	    0	  138	  767	  768
   305 9.990120E-004 1.087360E-004 4.417400E-005   4	    0	   76	  465	  359	    0	    1	   50	  241	  769	  596
   306 5.402820E-004 2.446560E-004 2.548500E-004   3	  505	  458	  541	    0	    0	  756	  770	  771
   307 8.834800E-005 1.868900E-004 3.262080E-004   3	  487	  260	  339	    0	    0	  604	  681	  772
   308 9.514400E-004 2.378600E-005 3.024220E-004   2	    0	  498	    0	    1	   49	  778
   309 2.752380E-004 1.529100E-004 5.844560E-004   3	  286	  457	  484	    0	    0	  337	  662	  780
   310 2.106760E-004 9.344500E-004 7.985300E-004   5	  331	  148	  480	  169	   72	    0	    0	  781	  407	  327	  234	  235
   311 2.990240E-004 7.135800E-005 6.829980E-004   3	  338	  322	  273	    0	    0	  782	  526	  702
   312 9.990120E-004 1.053380E-004 4.281480E-004   3	    0	  341	  215	    0	    1	   48	  787	  597
   313 6.558140E-004 4.417400E-005 3.771780E-004   4	  521	  297	  298	  435	    0	    0	  795	  700	  760	  796
   314 4.893120E-004 8.630920E-004 9.990120E-004   2	  255	  315	    0	    0	  351	  797
   315 4.281480E-004 8.562960E-004 9.990120E-004   2	  386	  314	    0	    0	  264	  797
   316 3.873720E-004 6.829980E-004 7.237740E-004   3	  468	  384	  369	    0	    0	  798	  394	  486
   317 3.398000E-004 4.893120E-004 7.339680E-004   4	  282	  473	  291	  462	    0	    0	  731	  727	  746	  799
   318 8.325100E-004 2.038800E-005 8.325100E-004   2	  466	  528	    0	    0	  294	  804
   319 1.665020E-004 2.378600E-004 8.800820E-004   3	  426	  494	  507	    0	    0	  388	  738	  807
   320 6.897940E-004 2.276660E-004 3.873720E-004   2	  434	  413	    0	    0	  808	  720
   321 2.208700E-004 2.038800E-005 5.640680E-004   4	  457	  486	  286	  322	    0	    0	  462	  730	  325	  809
   322 2.582480E-004 1.699000E-005 6.354260E-004   4	  457	  338	  311	  321	    0	    0	  418	  434	  526	  809
   323 8.630920E-004 4.587300E-004 9.276540E-004   4	  530	  488	  211	  441	    0	    0	  811	  353	  539	  810
   324 1.902880E-004 7.883360E-004 9.888180E-004   2	  443	  254	    0	    0	  812	  670
   325 2.582480E-004 5.402820E-004 6.422220E-004   3	  462	  417	  473	    0	    0	  779	  806	  813
   326 7.237740E-004 4.757200E-005 6.796000E-005   2	   51	  540	    0	    0	  199	  814
   327 7.203760E-004 1.189300E-004 4.927100E-004   6	  467	  413	  269	  297	  504	  351	    0	    0	  330	  517	  697	  733	  820	  587
   328 6.626100E-004 2.072780E-004 8.528980E-004   5	  531	  303	  530	  153	  499	    0	    0	  179	  748	  397	  442	  822
   329 3.398000E-005 1.597060E-004 7.203760E-004   6	   -1	  427	  122	  286	  425	  330	    1	    0	   47	  800	  360	  424	  489	  824
   330 7.475600E-005 2.072780E-004 6.014460E-004   4	  517	  487	  236	  329	    0	    0	  474	  590	  643	  824
   331 1.529100E-004 9.548380E-004 7.679480E-004   3	  310	  332	  479	    0	    0	  781	  826	  803
   332 7.135800E-005 9.786240E-004 7.985300E-004   2	  230	  331	    0	    0	  554	  826
   333 1.257260E-004 4.961080E-004 1.800940E-004   1	  344	    0	    0	  827
   334 9.854200E-004 7.169780E-004 3.364020E-004   4	    0	  496	   47	  356	    0	    1	   46	  828	  189	  592
   335 6.829980E-004 4.145560E-004 3.737800E-005   5	  265	  192	  207	  527	  206	    0	    0	  202	  553	  576	  829	  502
   336 9.990120E-004 6.014460E-004 7.271720E-004   3	    0	  477	  343	    0	    1	   45	  549	  830
   337 5.742620E-004 1.699000E-005 8.257140E-004   3	  467	  415	  295	    0	    0	  833	  639	  522
   338 2.446560E-004 9.854200E-005 6.796000E-004   4	  367	  311	  322	  286	    0	    0	  836	  782	  434	  737
   339 6.796000E-005 2.174720E-004 2.616460E-004   6	  502	  340	  217	  307	  487	  442	    0	    0	  224	  840	  602	  772	  106	  621
   340 7.815400E-005 1.529100E-004 2.378600E-004   3	  339	  445	  244	    0	    0	  840	  839	  650
   341 9.242560E-004 2.242680E-004 4.417400E-004  12	  447	   40	  215	  312	  526	  194	  168	  138	  504	  248	  522	  358	    0	    0	  130	  167	  225	  787	  841	  558	  267	  381	  634	  656	  785	  846
   342 6.456200E-005 3.058200E-004 3.805760E-004   2	  487	  485	    0	    0	  559	  847
   343 9.786240E-004 5.572720E-004 8.461020E-004   6	    0	  489	  500	  441	  488	  336	    0	    1	   44	  786	  849	  542	  712	  830
   344 2.718400E-005 5.844560E-004 9.514400E-005   5	   -1	  455	  333	  453	  409	    1	    0	   43	  204	  827	  850	  783
   345 4.315460E-004 6.999880E-004 3.873720E-004   5	  402	  392	  361	  401	  390	    0	    0	  177	  676	  854	  853	  595
   346 1.800940E-004 9.004700E-004 1.970840E-004   6	  511	  379	  227	  104	  271	  510	    0	    0	  844	  855	  616	  295	  380	  584
   347 5.674660E-004 4.043620E-004 7.543560E-004   3	  530	  432	  461	    0	    0	  857	  856	  741
   348 1.800940E-004 7.781420E-004 6.116400E-004   5	  480	  123	  216	  418	  383	    0	    0	  825	  361	  472	  627	  858
   349 8.868780E-004 8.630920E-004 2.718400E-005   8	   13	   54	  496	  382	  121	  140	  174	  256	    0	    0	  140	  184	  860	  315	  359	  393	  508	  674
   350 9.990120E-004 8.359080E-004 1.834920E-004   3	    0	  382	  193	    0	    1	   42	  862	  556
   351 6.014460E-004 2.718400E-005 4.995060E-004   4	  435	  467	  327	  298	    0	    0	  864	  568	  587	  675
   352 5.470780E-004 3.669840E-004 5.402820E-004   5	  503	  266	  538	  394	  411	    0	    0	  867	  629	  586	  838	  868
   353 6.150380E-004 9.956140E-004 2.208700E-004   4	  233	  228	  416	  452	    0	    0	  105	  421	  869	  792
   354 9.990120E-004 5.368840E-004 4.451380E-004   3	    0	  526	  478	    0	    1	   41	  821	  871
   355 3.465960E-004 5.946500E-004 5.844560E-004   5	  229	  536	  368	  369	  473	    0	    0	  222	  538	  706	  729	  872
   356 9.956140E-004 5.878540E-004 2.616460E-004   6	    0	  405	  334	  404	  526	  287	    0	    1	   40	  261	  592	  623	  873	  322
   357 2.106760E-004 9.820220E-004 9.820220E-004   1	  443	    0	    0	  874
   358 9.956140E-004 1.732980E-004 2.854320E-004   5	    0	  526	  464	  465	  341	    0	    1	   39	  875	  819	  816	  846
   359 8.868780E-004 2.446560E-004 5.097000E-005   4	  526	  237	  540	  305	    0	    0	  878	  628	  832	  596
   360 5.266900E-004 9.684300E-004 9.650320E-004   3	   85	  365	  294	    0	    0	  249	  881	  458
   361 3.703820E-004 7.033860E-004 4.383420E-004   7	  362	  345	   80	  402	  393	  449	  401	    0	    0	  882	  854	  245	  333	  557	  631	  753
   362 2.786360E-004 7.237740E-004 4.655260E-004   3	  361	  536	  418	    0	    0	  882	  288	  619
   363 5.232920E-004 6.456200E-004 1.121340E-004   4	  490	  463	  214	  191	    0	    0	  883	  425	  431	  550
   364 2.038800E-005 8.155200E-004 6.796000E-005   2	   -1	  454	    1	    0	   38	  884
   365 5.232920E-004 9.072660E-004 8.698880E-004   4	  366	  360	  294	  471	    0	    0	  885	  881	  755	  707
   366 4.791180E-004 8.766840E-004 8.528980E-004   3	  365	  430	  468	    0	    0	  885	  422	  805
   367 2.174720E-004 4.417400E-005 7.611520E-004   3	  494	  338	   89	    0	    0	  886	  836	  270
   368 4.961080E-004 6.422220E-004 5.946500E-004   4	  369	  355	   80	  414	    0	    0	  890	  706	  122	  566
   369 3.873720E-004 5.980480E-004 6.694060E-004   7	  431	  468	  368	  111	  316	  355	  474	    0	    0	  221	  726	  890	  311	  486	  729	  789
   370 4.791180E-004 9.786240E-004 6.829980E-004   2	  492	  109	    0	    0	  891	  301
   371 9.922160E-004 4.145560E-004 6.999880E-004   4	    0	  157	  441	  372	    0	    1	   37	  255	  791	  892
   372 8.664900E-004 4.281480E-004 6.931920E-004   3	  451	  275	  371	    0	    0	  757	  438	  892
   373 1.970840E-004 3.499940E-004 3.262080E-004   5	   33	  374	  485	  290	  421	    0	    0	  126	  895	  776	  744	  693
   374 2.072780E-004 3.975660E-004 3.839740E-004   4	  373	  487	  423	  170	    0	    0	  895	  260	  256	  383
   375 4.655260E-004 5.776600E-005 5.300880E-004   3	  456	  380	  457	    0	    0	  896	  352	  259
   376 5.402820E-004 4.587300E-004 1.631040E-004   8	  505	   69	  540	  490	  277	  377	  463	  378	    0	    0	  121	  220	  223	  382	  491	  477	  632	  897
   377 4.519340E-004 4.893120E-004 2.106760E-004   7	  407	  249	  274	  277	  376	  438	  378	    0	    0	  127	  605	  321	  320	  477	  490	  898
   378 5.029040E-004 4.621280E-004 2.072780E-004   3	  376	  377	  249	    0	    0	  897	  898	  658
   379 1.800940E-004 9.344500E-004 2.514520E-004   4	  511	  346	  227	  399	    0	    0	  901	  855	  614	  817
   380 4.995060E-004 9.854200E-005 4.349440E-004   4	  435	  375	  456	  436	    0	    0	  906	  352	  426	  794
   381 9.242560E-004 9.922160E-004 1.970840E-004   5	  428	  135	  496	  267	  382	    0	    0	  324	  341	  585	  690	  907
   382 9.922160E-004 9.242560E-004 1.597060E-004   6	    0	  350	  349	  174	  381	  135	    0	    1	   36	  862	  315	  436	  907	  232
   383 1.766960E-004 7.305700E-004 6.490180E-004   3	  384	  536	  348	    0	    0	  908	  732	  858
   384 2.684420E-004 6.694060E-004 6.660080E-004   5	  383	  536	   95	  316	  430	    0	    0	  908	  515	  175	  394	  420
   385 2.378600E-004 2.650440E-004 9.786240E-004   4	  209	  530	   90	  507	    0	    0	  578	  909	  277	  479
   386 3.499940E-004 7.713460E-004 9.956140E-004   3	  468	  302	  315	    0	    0	  910	  766	  264
   387 6.796000E-004 5.776600E-005 9.752260E-004   3	  303	  415	   86	    0	    0	  278	  911	  251
   388 7.373660E-004 9.446440E-004 6.965900E-004   5	  472	  519	  520	  493	  389	    0	    0	  835	  467	  468	  834	  915
   389 7.101820E-004 9.956140E-004 7.339680E-004   3	  203	  294	  388	    0	    0	  293	  520	  915
   390 5.436800E-004 6.829980E-004 4.247500E-004   7	  483	  406	  496	  401	  497	  391	  345	    0	    0	  263	  904	  902	  801	  845	  918	  595
   391 6.048440E-004 6.592120E-004 4.383420E-004   4	  406	  497	  496	  390	    0	    0	  861	  848	  917	  918
   392 4.145560E-004 6.218340E-004 3.669840E-004   5	    8	  345	  393	  202	  449	    0	    0	  133	  676	  919	  572	  894
   393 3.669840E-004 5.980480E-004 3.975660E-004   4	  449	  392	  361	  229	    0	    0	  920	  919	  557	  622
   394 5.334860E-004 4.485360E-004 5.470780E-004   5	  538	  266	  503	  352	  411	    0	    0	  921	  688	  471	  838	  483
   395 8.155200E-005 8.053260E-004 3.024220E-004   5	  398	  281	  511	  399	  454	    0	    0	  877	  724	  717	  488	  922
   396 6.863960E-004 7.441620E-004 6.116400E-004   3	  400	  495	  500	    0	    0	  900	  923	  545
   397 3.737800E-004 8.393060E-004 3.398000E-005   4	  285	  534	  450	  422	    0	    0	  736	  696	  317	  925
   398 7.815400E-005 9.208580E-004 4.281480E-004   8	   -1	  448	  395	  142	  479	  281	  276	  399	    1	    0	   35	  219	  877	  399	  265	  636	  713	  927
   399 3.058200E-005 9.344500E-004 2.786360E-004   7	   -1	    1	  454	   73	  398	  395	  379	    1	    0	   34	  110	  876	  237	  927	  488	  817
   400 5.402820E-004 7.815400E-004 5.368840E-004   4	  396	  183	  414	  406	    0	    0	  900	  528	  266	  928
   401 4.621280E-004 7.577540E-004 3.941680E-004   6	  204	  402	  345	  390	  510	  361	    0	    0	  570	  929	  853	  801	  227	  753
   402 4.553320E-004 7.951320E-004 4.315460E-004   7	  130	  345	  448	  401	  408	  361	  183	    0	    0	  134	  177	  466	  929	  893	  333	  340
   403 1.834920E-004 1.155320E-004 9.174600E-004   3	  268	  426	  494	    0	    0	  191	  484	  930
   404 9.310520E-004 6.388240E-004 1.325220E-004   6	  527	  405	  125	  356	  253	  161	    0	    0	  114	  932	  363	  623	  669	  377
   405 9.888180E-004 5.232920E-004 1.393180E-004   4	    0	  526	  404	  356	    0	    1	   33	  788	  932	  261
   406 6.082420E-004 7.781420E-004 4.519340E-004   7	  159	  496	  390	  391	  452	  130	  400	    0	    0	  354	  933	  904	  861	  335	  369	  928
   407 4.077600E-004 5.029040E-004 1.053380E-004   6	  377	  535	  463	  277	  191	  534	    0	    0	  127	  936	  935	  721	  548	  709
   408 3.975660E-004 8.868780E-004 4.587300E-004   4	  402	  492	  448	  418	    0	    0	  893	  722	  937	  338
   409 1.359200E-004 5.708640E-004 2.378600E-005   2	  344	  534	    0	    0	  783	  938
   410 9.616340E-004 6.965900E-004 6.999880E-004   3	  477	  475	  476	    0	    0	  865	  940	  939
   411 4.723220E-004 3.635860E-004 5.097000E-004   5	  538	  503	  456	  394	  352	    0	    0	  941	  842	  411	  483	  868
   412 5.912520E-004 7.135800E-004 7.441620E-004   4	  116	  414	  468	  500	    0	    0	  173	  944	  663	  870
   413 7.475600E-004 1.563080E-004 3.771780E-004   4	  522	  327	  521	  320	    0	    0	  946	  517	  947	  720
   414 5.334860E-004 7.645500E-004 6.999880E-004   5	  468	  430	  412	  400	  368	    0	    0	  165	  948	  944	  266	  566
   415 6.965900E-004 2.378600E-005 9.004700E-004   4	  499	  387	  467	  337	    0	    0	  949	  911	  719	  639
   416 5.980480E-004 9.650320E-004 3.398000E-004   5	  448	  353	  239	  492	  452	    0	    0	  171	  869	  262	  715	  950
   417 1.529100E-004 5.130980E-004 6.116400E-004   4	  517	  325	  536	  516	    0	    0	  433	  806	  934	  951
   418 2.854320E-004 8.596940E-004 5.640680E-004   7	  123	  536	  348	  430	  408	  362	  480	    0	    0	  193	  457	  627	  777	  338	  619	  952
   419 4.859140E-004 2.378600E-005 6.592120E-004   3	  420	  185	  176	    0	    0	  953	  505	  510
   420 4.485360E-004 9.854200E-005 6.728040E-004   6	  419	  531	  456	  185	  273	  457	    0	    0	  953	  851	  852	  530	  569	  600
   421 1.732980E-004 3.805760E-004 2.140740E-004   6	  485	  373	  158	  515	  442	  289	    0	    0	  384	  693	  449	  478	  954	  743
   422 5.334860E-004 7.815400E-004 1.970840E-004   4	    6	  450	  483	  397	    0	    0	  125	  581	  955	  925
   423 3.160140E-004 4.893120E-004 3.228100E-004   6	  170	  438	  535	  374	  180	  449	    0	    0	  503	  931	  626	  256	  410	  956
   424 3.805760E-004 1.631040E-004 3.737800E-004   8	   91	  101	  436	  437	  486	  514	  250	  439	    0	    0	  108	  238	  957	  866	  718	  784	  275	  667
   425 4.417400E-005 7.135800E-005 8.596940E-004   4	   -1	  426	  329	  268	    1	    0	   32	  959	  489	  691
   426 7.475600E-005 1.732980E-004 9.174600E-004   6	  403	  425	  506	  319	  178	  494	    0	    0	  484	  959	  589	  388	  495	  637
   427 8.495000E-005 2.888300E-004 7.577540E-004   5	   63	  329	  506	  507	  516	    0	    0	  192	  800	  793	  752	  960
   428 9.786240E-004 9.820220E-004 3.364020E-004   3	    0	  429	  381	    0	    1	   31	  961	  324
   429 9.888180E-004 8.834800E-004 4.349440E-004   6	    0	  519	  239	  428	  496	  240	    0	    1	   30	  186	  465	  961	  551	  516
   430 3.907700E-004 8.393060E-004 6.999880E-004   7	  221	  480	  414	  366	  384	  163	  418	    0	    0	  463	  962	  948	  422	  420	  454	  777
   431 5.946500E-004 5.402820E-004 6.626100E-004   4	  369	  500	  497	  432	    0	    0	  221	  863	  326	  963
   432 6.082420E-004 4.519340E-004 7.203760E-004   3	  530	  347	  431	    0	    0	  926	  856	  963
   433 7.441620E-004 3.058200E-004 2.786360E-004   5	  522	  540	  526	  247	  505	    0	    0	  965	  775	  419	  271	  348
   434 5.946500E-004 2.208700E-004 4.213520E-004   4	  435	  320	  456	  458	    0	    0	  966	  808	  460	  912
   435 6.014460E-004 1.053380E-004 4.043620E-004   6	  434	  380	  351	  298	  541	  313	    0	    0	  966	  906	  864	  432	  668	  796
   436 4.043620E-004 8.495000E-005 3.907700E-004   5	  424	  541	  486	  380	  437	    0	    0	  957	  943	  903	  794	  968
   437 4.179540E-004 7.815400E-005 3.194120E-004   3	  541	  424	  436	    0	    0	  967	  866	  968
   438 4.383420E-004 4.077600E-004 3.194120E-004   7	  439	  423	  377	  238	  538	  514	  449	    0	    0	  969	  931	  490	  645	  699	  790	  831
   439 4.281480E-004 3.194120E-004 3.873720E-004   4	  170	  438	  456	  424	    0	    0	  163	  969	  323	  667
   440 8.766840E-004 1.257260E-004 2.140740E-004   3	  498	  464	  522	    0	    0	  971	  970	  945
   441 9.786240E-004 3.907700E-004 8.698880E-004   7	    0	  211	  343	  251	  371	  323	  530	    0	    1	   29	  580	  542	  664	  791	  810	  972
   442 1.563080E-004 2.990240E-004 1.766960E-004   7	  289	  158	  299	  421	  515	  339	  502	    0	    0	  480	  357	  762	  954	  973	  621	  665
   443 1.699000E-004 9.004700E-004 9.582360E-004   8	  324	   23	  357	  230	   93	  444	  220	  169	    0	    0	  812	  148	  874	  625	  283	  974	  180	  482
   444 7.475600E-005 8.325100E-004 9.752260E-004   4	   -1	    7	  242	  443	    1	    0	   28	  128	  648	  974
   445 1.325220E-004 8.834800E-005 2.854320E-004   4	  340	  446	  144	  486	    0	    0	  839	  975	  403	  823
   446 1.121340E-004 3.058200E-005 1.766960E-004   3	   -1	  445	  243	    1	    0	   27	  975	  649
   447 8.732860E-004 3.771780E-004 4.621280E-004   4	  341	  503	  526	  259	    0	    0	  130	  218	  976	  485
   448 3.296060E-004 9.684300E-004 3.431980E-004   5	  416	  398	  402	  408	  511	    0	    0	  171	  219	  466	  937	  977
   449 3.228100E-004 5.742620E-004 3.330040E-004   7	  536	  450	  393	  361	  438	  392	  423	    0	    0	  638	  979	  920	  631	  831	  894	  956
   450 2.990240E-004 6.184360E-004 2.684420E-004   5	  453	  449	  397	  510	  422	    0	    0	  493	  979	  317	  412	  581
   451 7.815400E-004 3.601880E-004 7.101820E-004   4	  503	  372	  528	  530	    0	    0	  905	  757	  916	  980
   452 6.422220E-004 8.970720E-004 2.616460E-004   8	  353	  406	  102	  496	  228	  416	  239	  483	    0	    0	  792	  335	  303	  268	  620	  950	  563	  981
   453 9.174600E-005 6.626100E-004 1.631040E-004   7	   92	  450	  344	  534	  455	  510	  454	    0	    0	  197	  493	  850	  379	  982	  258	  978
   454 4.077600E-005 8.053260E-004 1.834920E-004   9	   -1	  455	  399	   88	  511	  364	  104	  395	  453	    1	    0	   26	  983	  876	  254	  423	  884	  305	  922	  978
   455 2.378600E-005 6.999880E-004 1.529100E-004   4	   -1	  344	  454	  453	    1	    0	   25	  204	  983	  982
   456 4.519340E-004 1.970840E-004 5.640680E-004  10	  457	  375	  420	  531	  411	  439	  380	  434	  484	  461	    0	    0	  984	  896	  852	  774	  411	  323	  426	  460	  698	  815
   457 3.669840E-004 1.053380E-004 5.844560E-004   7	  321	  456	  273	  322	  420	  309	  375	    0	    0	  462	  984	  704	  418	  600	  662	  259
   458 5.640680E-004 2.888300E-004 3.160140E-004   3	  505	  306	  434	    0	    0	  985	  770	  912
   459 8.834800E-005 9.718280E-004 4.757200E-005   3	   -1	  460	  272	    1	    0	   24	  986	  476
   460 1.257260E-004 9.888180E-004 1.019400E-004   2	  459	  271	    0	    0	  986	  487
   461 4.723220E-004 3.703820E-004 6.490180E-004   7	  484	  301	  347	  266	  456	  474	  530	    0	    0	  107	  764	  741	  689	  815	  837	  989
   462 1.902880E-004 5.742620E-004 7.679480E-004   7	  513	  468	  133	   75	  325	  317	  516	    0	    0	  990	  879	  372	  240	  779	  799	  470
   463 4.145560E-004 5.300880E-004 2.718400E-005   6	  407	  363	  376	  534	  490	  535	    0	    0	  935	  425	  632	  988	  169	  991
   464 9.378480E-004 1.495120E-004 1.970840E-004   7	    0	  440	  498	  358	  526	  522	  465	    0	    1	   23	  970	  958	  819	  818	  899	  992
   465 9.888180E-004 1.257260E-004 1.393180E-004   5	    0	  305	  358	  526	  464	    0	    1	   22	  769	  816	  751	  992
   466 8.528980E-004 4.077600E-005 7.373660E-004   6	  269	  529	  467	  318	  283	  528	    0	    0	  178	  888	  802	  294	  695	  993
   467 6.694060E-004 7.135800E-005 6.965900E-004  11	  337	  466	  415	  327	  171	  504	  177	  351	  269	  283	  531	    0	    0	  833	  802	  719	  330	  428	  519	  511	  568	  692	  734	  995
   468 3.907700E-004 6.184360E-004 9.378480E-004  16	  163	  316	  369	  414	  386	  462	  530	  291	  103	   95	  512	  412	  270	  366	  471	  469	    0	    0	  174	  798	  726	  165	  910	  879	  773	  745	  304	  292	  230	  663	  677	  805	  253	  996
   469 2.446560E-004 6.863960E-004 9.072660E-004   4	  213	   50	  254	  468	    0	    0	  274	  198	  671	  996
   470 8.189180E-004 7.237740E-004 9.888180E-004   5	  525	  218	  141	  488	  489	    0	    0	  269	  318	  398	  633	  997
   471 6.116400E-004 8.155200E-004 8.936740E-004   7	   37	  365	  116	  255	  524	  468	  198	    0	    0	  160	  707	  343	  673	  998	  253	  562
   472 8.087240E-004 8.562960E-004 6.422220E-004   4	  493	  388	  518	  519	    0	    0	  942	  835	  694	  999
   473 3.737800E-004 5.063020E-004 5.946500E-004   6	  501	  317	  325	  538	  355	  474	    0	    0	  913	  727	  813	  624	  872	 1000
   474 4.451380E-004 5.029040E-004 6.354260E-004   3	  369	  461	  473	    0	    0	  789	  837	 1000
   475 9.412460E-004 7.475600E-004 8.223160E-004   9	    0	  489	  410	  520	  201	  519	  518	  500	  476	    0	    1	   21	  964	  940	  598	  571	  618	  754	  843	 1002
   476 9.888180E-004 7.645500E-004 7.033860E-004   5	    0	   46	  519	  410	  475	    0	    1	   20	  188	  660	  939	 1002
   477 9.106640E-004 6.082420E-004 6.524160E-004   5	  495	  410	  336	  500	  478	    0	    0	  164	  865	  549	  994	 1003
   478 9.752260E-004 5.912520E-004 5.708640E-004   7	    0	  139	   25	  275	  354	  261	  477	    0	    1	   19	  385	  150	  469	  871	  339	 1003
   479 1.427160E-004 9.480420E-004 6.422220E-004   3	  480	  398	  331	    0	    0	 1005	  265	  803
   480 2.208700E-004 9.004700E-004 6.592120E-004   7	  148	  479	  430	  348	  310	  216	  418	    0	    0	  116	 1005	  962	  825	  327	  272	  952
   481 1.732980E-004 1.970840E-004 1.053380E-004   4	  532	  515	  533	  502	    0	    0	 1008	 1004	 1007	 1009
   482 7.713460E-004 5.776600E-004 2.412580E-004   6	  155	  539	  526	  165	  496	  527	    0	    0	  355	  475	  513	  456	 1006	 1010
   483 6.150380E-004 7.849380E-004 2.276660E-004   4	  390	  422	  496	  452	    0	    0	  263	  955	 1011	  981
   484 3.160140E-004 2.820340E-004 6.150380E-004  10	  461	  530	  301	   71	  236	  456	  517	  284	  309	  501	    0	    0	  107	  115	  765	  228	  642	  698	  708	  735	  780	 1012
   485 3.058200E-005 3.737800E-004 3.160140E-004   5	   -1	  421	  373	  342	  537	    1	    0	   18	  384	  776	  847	 1013
   486 1.936860E-004 1.087360E-004 4.213520E-004   7	  436	  321	  424	  223	  101	  445	  487	    0	    0	  903	  730	  718	  610	  302	  823	 1014
   487 8.834800E-005 2.412580E-004 4.451380E-004   6	  342	  307	  374	  330	  339	  486	    0	    0	  559	  604	  260	  590	  106	 1014
   488 8.664900E-004 5.674660E-004 9.752260E-004   5	  489	  530	  323	  470	  343	    0	    0	 1015	  924	  353	  633	  712
   489 8.291120E-004 6.796000E-004 9.310520E-004   6	  488	  475	  343	  518	  201	  470	    0	    0	 1015	  964	  786	  328	  546	  997
   490 6.082420E-004 6.014460E-004 1.563080E-004   8	  363	  376	  264	  245	  241	  249	  463	  491	    0	    0	  883	  382	  435	  547	  647	  657	  169	 1017
   491 6.762020E-004 5.776600E-004 7.135800E-005   4	  152	  264	  527	  490	    0	    0	  430	  686	 1016	 1017
   492 5.674660E-004 9.786240E-004 5.334860E-004   5	  370	  221	  416	  408	  493	    0	    0	  891	  607	  715	  722	 1018
   493 7.067840E-004 8.970720E-004 5.606700E-004   6	  239	  472	  156	  388	  118	  492	    0	    0	  190	  942	  331	  834	  347	 1018
   494 2.888300E-004 1.325220E-004 8.393060E-004   9	   70	  403	  367	  284	  106	  210	  426	  319	  530	    0	    0	  226	  930	  886	  392	  307	  579	  637	  738	 1019
   495 7.577540E-004 6.897940E-004 5.470780E-004   4	  477	  496	  396	  497	    0	    0	  164	 1022	  923	  672
   496 7.985300E-004 7.985300E-004 3.262080E-004  26	   39	   54	  334	  187	  497	  495	  406	  390	  349	  288	  429	  159	  156	  231	  136	  452	  539	  149	  151	  381	  235	  287	  391	  245	  482	  483	    0	    0	  162	  203	  828	  533	 1023	 1022	  933	  902	  860	  742	  551	  450	  447	  376	  374	  268	  316	  409	  417	  585	  641	  740	  917	  651	 1006	 1011
   497 6.897940E-004 5.946500E-004 5.198940E-004   7	  496	  539	  431	  500	  495	  390	  391	    0	    0	 1023	  389	  326	  521	  672	  845	  848
   498 8.291120E-004 4.417400E-005 1.665020E-004   6	  522	  440	  464	  541	  308	  521	    0	    0	 1020	  971	  958	  416	  778	 1024
   499 7.509580E-004 1.461140E-004 8.630920E-004   7	  528	  415	   84	  530	  304	  328	  186	    0	    0	 1025	  949	  248	  319	  767	  822	  531
   500 7.815400E-004 5.946500E-004 7.271720E-004  12	  275	  530	  431	  343	  167	  497	  188	  396	  475	  412	  477	  518	    0	    0	  118	  859	  863	  849	  494	  521	  534	  545	  843	  870	  994	 1026
   501 2.888300E-004 4.043620E-004 6.184360E-004   5	  473	  516	  517	  282	  484	    0	    0	  913	  714	 1027	  514	 1012
   502 9.514400E-005 2.276660E-004 1.019400E-004   7	   48	  339	  244	  154	  442	  481	  532	    0	    0	  194	  224	  427	  444	  665	 1009	 1028
   503 6.354260E-004 3.092180E-004 5.878540E-004   9	   35	  447	  451	  352	  411	  394	  266	  226	  504	    0	    0	  158	  218	  905	  867	  842	  471	  504	  593	 1029
   504 7.169780E-004 2.310640E-004 5.708640E-004   5	  528	  467	  341	  327	  503	    0	    0	  749	  519	  634	  820	 1029
   505 6.252320E-004 3.398000E-004 2.242680E-004   8	  376	  526	  458	  265	  108	  306	  433	  540	    0	    0	  121	  413	  985	  687	  309	  756	  348	 1030
   506 6.116400E-005 3.364020E-004 8.936740E-004   6	   -1	  257	  426	  516	  427	  508	    1	    0	   17	  678	  589	  716	  793	 1031
   507 1.902880E-004 3.058200E-004 8.698880E-004   6	  508	  530	  516	  319	  385	  427	    0	    0	 1032	  914	  728	  807	  479	  752
   508 1.189300E-004 3.805760E-004 9.072660E-004   3	  513	  507	  506	    0	    0	 1033	 1032	 1031
   509 8.223160E-004 9.820220E-004 9.242560E-004   2	  523	  525	    0	    0	 1034	 1035
   510 2.956260E-004 7.781420E-004 2.786360E-004   8	  511	  401	  450	  199	  204	  346	  453	  227	    0	    0	 1036	  227	  412	  564	  574	  584	  258	  613
   511 2.378600E-004 8.461020E-004 3.024220E-004   7	  346	  510	  379	  395	  454	  448	  227	    0	    0	  844	 1036	  901	  717	  423	  977	  615
   512 1.529100E-004 5.334860E-004 9.786240E-004   3	  254	  468	  513	    0	    0	  276	  230	 1037
   513 1.359200E-004 4.689240E-004 8.766840E-004   3	  508	  462	  512	    0	    0	 1033	  990	 1037
   514 3.703820E-004 2.514520E-004 2.412580E-004   9	  299	  515	  535	   91	  424	  180	  250	  274	  438	    0	    0	  682	 1038	  880	  280	  784	  525	  661	  705	  790
   515 2.752380E-004 2.514520E-004 1.563080E-004   8	  514	  532	  535	  299	  289	  421	  442	  481	    0	    0	 1038	  987	  887	  761	  429	  478	  973	 1004
   516 1.461140E-004 3.873720E-004 7.101820E-004   9	   71	  282	  501	  506	  507	  417	  462	  427	  517	    0	    0	  168	  492	  714	  716	  728	  951	  470	  960	 1039
   517 1.665020E-004 3.737800E-004 5.980480E-004   6	  417	  181	  330	  484	  501	  516	    0	    0	  433	  443	  474	  708	 1027	 1039
   518 7.509580E-004 7.815400E-004 7.815400E-004   6	  489	  519	  475	  524	  472	  500	    0	    0	  328	  659	  754	 1040	  694	 1026
   519 9.616340E-004 9.582360E-004 6.524160E-004  11	    0	   46	  429	  222	  388	  475	  518	  476	  128	  472	  520	    0	    1	   16	  170	  186	  608	  467	  618	  659	  660	  367	  999	 1041
   520 8.970720E-004 9.786240E-004 7.849380E-004   5	  475	  388	  222	  523	  519	    0	    0	  598	  468	  609	 1042	 1041
   521 7.203760E-004 7.135800E-005 2.888300E-004   6	  313	  297	  541	  413	  498	  522	    0	    0	  795	  750	  889	  947	 1024	 1044
   522 7.543560E-004 1.529100E-004 2.480540E-004  10	  541	  498	  433	  413	  247	  341	  464	  440	  540	  521	    0	    0	 1021	 1020	  965	  946	  655	  785	  899	  945	 1043	 1044
   523 8.936740E-004 9.718280E-004 8.766840E-004   4	  509	  300	  520	  525	    0	    0	 1034	  763	 1042	 1045
   524 7.169780E-004 8.596940E-004 8.393060E-004   3	  471	  518	  525	    0	    0	  998	 1040	 1046
   525 7.747440E-004 9.140620E-004 9.208580E-004   6	  470	  218	   16	  509	  523	  524	    0	    0	  269	  461	  144	 1035	 1045	 1046
   526 9.038680E-004 3.465960E-004 1.529100E-004  23	    0	  359	  405	  505	   81	  527	  447	  358	  341	  247	  192	  433	  189	  482	  197	  540	  237	  259	  464	  354	  356	  465	  539	    0	    1	   15	  878	  788	  413	  246	 1047	  976	  875	  841	  653	  395	  419	  500	  513	  540	  541	  644	  680	  818	  821	  873	  751	 1001
   527 7.985300E-004 5.029040E-004 1.427160E-004  10	  404	  526	  263	   77	  152	  335	  491	   24	  265	  482	    0	    0	  114	 1047	  685	  242	  349	  829	 1016	  149	  289	 1010
   528 8.698880E-004 1.529100E-004 8.223160E-004   7	  529	  499	  504	  251	  318	  451	  466	    0	    0	 1048	 1025	  749	  378	  804	  916	  993
   529 9.718280E-004 5.436800E-005 7.985300E-004   4	    0	  466	  528	  215	    0	    1	   14	  888	 1048	  257
   530 4.485360E-004 3.228100E-004 9.106640E-004  27	  484	  126	   36	   61	   56	   67	  432	  500	  167	  488	  507	  385	  347	  323	  468	  124	  499	  153	  328	  179	  282	  441	  461	  494	  251	  451	  531	    0	    0	  115	  132	  159	  212	  208	  216	  926	  859	  497	  924	  914	  909	  857	  811	  773	  236	  319	  386	  397	  524	  601	  972	  989	 1019	  617	  980	 1049
   531 5.164960E-004 1.868900E-004 7.441620E-004   7	  328	  420	  456	  153	  177	  467	  530	    0	    0	  179	  851	  774	  391	  512	  995	 1049
   532 6.456200E-005 1.359200E-004 4.077600E-005   7	   -1	  154	  515	  127	  481	  533	  502	    1	    0	   13	  166	  987	  366	 1008	 1050	 1028
   533 1.257260E-004 7.135800E-005 4.077600E-005   4	   10	  127	  532	  481	    0	    0	  136	  365	 1050	 1007
   534 2.650440E-004 6.150380E-004 4.077600E-005   7	  397	  285	  453	  409	  463	  535	  407	    0	    0	  696	  710	  379	  938	  988	 1051	  709
   535 3.058200E-004 4.451380E-004 1.189300E-004   9	  407	  514	  515	  423	  289	  534	  180	  277	  463	    0	    0	  936	  880	  887	  626	  555	 1051	  496	  594	  991
   536 1.495120E-004 5.912520E-004 4.723220E-004  10	  449	  384	  537	   74	  362	  418	  355	  262	  383	  417	    0	    0	  638	  515	 1052	  239	  288	  457	  538	  684	  732	  934
   537 4.077600E-005 4.961080E-004 4.553320E-004   4	   -1	   41	  536	  485	    1	    0	   12	  172	 1052	 1013
   538 5.742620E-004 4.655260E-004 3.907700E-004   8	  539	  411	  394	  208	  352	  438	  229	  473	    0	    0	 1053	  941	  921	  577	  586	  699	  567	  624
   539 7.237740E-004 4.893120E-004 3.873720E-004  13	  261	  155	   42	  538	  275	  482	  149	  497	  496	  165	  226	   14	  526	    0	    0	  683	  446	  181	 1053	  711	  475	  408	  389	  316	  329	  612	  123	 1001
   540 6.829980E-004 1.970840E-004 6.456200E-005  16	  376	  200	  326	  433	  247	  265	   98	  237	  206	  192	  526	  205	  359	  541	  505	  522	    0	    0	  223	  565	  814	  775	  654	  583	  298	  291	  285	  414	  541	  543	  832	 1054	 1030	 1043
   541 5.436800E-004 7.815400E-005 2.208700E-004  12	    9	   51	   60	  522	  437	  436	  498	  278	  435	  306	  521	  540	    0	    0	  135	  143	  211	 1021	  967	  943	  416	  544	  668	  771	  889	 1054
   542 1.012604E-003 2.582480E-004 3.398000E-006   1	    0	    0	    1	   11
   543 1.005808E-003 8.664900E-004 1.019400E-005   1	    0	    0	    1	   10
   544 5.266900E-004 1.868900E-004 2.038800E-005   0	    0	    0
   545 5.232920E-004 4.927100E-004 3.058200E-005   0	    0	    0
   546 2.310640E-004 1.005808E-003 4.077600E-005   0	    0	    0
   547 3.533920E-004 9.752260E-004 4.757200E-005   0	    0	    0
   548 4.723220E-004 2.344620E-004 7.475600E-005   0	    0	    0
   549 2.276660E-004 7.951320E-004 1.053380E-004   0	    0	    0
   550 2.208700E-004 8.257140E-004 1.121340E-004   0	    0	    0
   551 1.019400E-005 4.213520E-004 1.359200E-004   1	   -1	    1	    0	    9
   552 6.320280E-004 4.893120E-004 1.393180E-004   0	    0	    0
   553 1.461140E-004 5.470780E-004 1.427160E-004   0	    0	    0
   554 1.631040E-004 5.130980E-004 1.461140E-004   0	    0	    0
   555 6.218340E-004 4.655260E-004 1.495120E-004   0	    0	    0
   556 2.820340E-004 6.558140E-004 1.665020E-004   0	    0	    0
   557 7.067840E-004 4.043620E-004 1.800940E-004   0	    0	    0
   558 2.412580E-004 6.116400E-005 1.868900E-004   0	    0	    0
   559 8.155200E-004 9.888180E-004 1.902880E-004   0	    0	    0
   560 2.378600E-004 4.757200E-005 2.174720E-004   0	    0	    0
   561 3.262080E-004 8.325100E-004 2.208700E-004   0	    0	    0
   562 2.548500E-004 9.854200E-005 2.242680E-004   0	    0	    0
   563 3.398000E-006 6.116400E-005 2.446560E-004   1	   -1	    1	    0	    8
   564 5.097000E-004 2.990240E-004 2.514520E-004   0	    0	    0
   565 2.990240E-004 2.038800E-004 2.548500E-004   0	    0	    0
   566 2.480540E-004 1.189300E-004 2.582480E-004   0	    0	    0
   567 3.601880E-004 9.854200E-005 2.752380E-004   0	    0	    0
   568 7.815400E-004 9.548380E-004 2.752380E-004   0	    0	    0
   569 2.310640E-004 2.344620E-004 2.956260E-004   0	    0	    0
   570 7.577540E-004 9.072660E-004 3.058200E-004   0	    0	    0
   571 6.626100E-004 6.014460E-004 3.364020E-004   0	    0	    0
   572 5.776600E-005 6.286300E-004 3.398000E-004   0	    0	    0
   573 6.558140E-004 3.058200E-004 3.465960E-004   0	    0	    0
   574 6.116400E-004 5.640680E-004 3.465960E-004   0	    0	    0
   575 9.208580E-004 6.218340E-004 3.499940E-004   0	    0	    0
   576 7.849380E-004 3.601880E-004 3.703820E-004   0	    0	    0
   577 3.194120E-004 2.820340E-004 4.077600E-004   0	    0	    0
   578 7.067840E-004 8.596940E-004 4.179540E-004   0	    0	    0
   579 3.398000E-006 2.072780E-004 4.247500E-004   1	   -1	    1	    0	    7
   580 2.378600E-005 3.398000E-006 4.655260E-004   1	   -1	    1	    0	    6
   581 2.718400E-005 6.965900E-004 6.048440E-004   0	    0	    0
   582 1.223280E-004 6.320280E-004 6.286300E-004   0	    0	    0
   583 2.718400E-005 6.150380E-004 6.388240E-004   0	    0	    0
   584 6.796000E-006 1.699000E-005 6.524160E-004   1	   -1	    1	    0	    5
   585 5.776600E-005 6.388240E-004 6.524160E-004   0	    0	    0
   586 5.097000E-005 4.859140E-004 6.863960E-004   0	    0	    0
   587 2.718400E-005 9.718280E-004 7.475600E-004   1	   -1	    1	    0	    4
   588 3.601880E-004 1.359200E-005 7.509580E-004   0	    0	    0
   589 1.359200E-005 1.012604E-003 7.577540E-004   1	   -1	    1	    0	    3
   590 2.888300E-004 1.012604E-003 8.698880E-004   0	    0	    0
   591 8.766840E-004 4.995060E-004 8.868780E-004   0	    0	    0
   592 3.160140E-004 8.495000E-004 8.868780E-004   0	    0	    0
   593 7.543560E-004 7.781420E-004 9.276540E-004   0	    0	    0
   594 1.012604E-003 6.796000E-005 9.378480E-004   1	    0	    0	    1	    2
   595 1.009206E-003 2.378600E-005 9.446440E-004   1	    0	    0	    1	    1
   596 4.519340E-004 7.713460E-004 9.548380E-004   0	    0	    0
   597 9.412460E-004 8.359080E-004 9.548380E-004   0	    0	    0
   598 9.820220E-004 6.388240E-004 9.786240E-004   0	    0	    0
   599 9.548380E-004 6.422220E-004 9.786240E-004   0	    0	    0
   600 4.621280E-004 7.407640E-004 9.854200E-004   0	    0	    0
   601 6.490180E-004 8.189180E-004 9.922160E-004   0	    0	    0
   602 5.368840E-004 7.951320E-004 9.956140E-004   0	    0	    0
   603 5.334860E-004 7.101820E-004 9.990120E-004   0	    0	    0
   604 3.703820E-004 9.106640E-004 1.009206E-003   0	    0	    0
